camera0:
0.743018 0.362815 0.999291 0.8485
0.751922 0.308421 0.999079 0.85125
0.761462 0.309682 0.999106 0.859
0.769118 0.311091 0.998406 0.86525
0.716711 0.306266 0.999447 0.8385
0.701362 0.305671 0.999569 0.84225
0.684285 0.305422 0.999585 0.84125
0.756938 0.33202 0.998946 0.856
0.63939 0.328758 0.999806 0.8605
0.747996 0.412317 0.999638 0.86575
0.711596 0.410703 0.999884 0.82475
0.8391 0.593055 0.990221 0.93775
0.518701 0.584136 0.993224 0.8665
0.954906 0.856088 0.439813 0.7935
0.394908 0.914286 0.802179 0.5555
0.884215 0.891294 0.223354 0.89775
0.59325 0.941349 0.43321 0
0.867624 0.914527 0.265039 0
0.676357 0.960716 0.456854 0
0.850211 0.866386 0.320672 0
0.695464 0.902687 0.49323 0
0.846778 0.860155 0.320162 0
0.66854 0.880955 0.467615 0
0.771689 1.12719 0.397121 -111
0.56647 1.13844 0.537888 -111
0.790076 1.46133 0.611721 -111
0.5814 1.402 0.524994 -111
0.760377 1.87319 0.174506 -111
0.572546 1.89601 0.0989743 -111
0.747325 1.94554 0.208091 -111
0.548022 1.99157 0.114068 -111
0.773022 2.00726 0.149413 -111
0.647895 2.02098 0.0873211 -111
camera1:
0.269848 0.293367 0.993778 0.7945
0.294356 0.240979 0.991205 0.82475
0.311167 0.243566 0.993766 0.82275
0.32743 0.246716 0.993263 0.82575
0.255462 0.237477 0.990141 0.81675
0.245646 0.237321 0.991672 0.817
0.236887 0.237607 0.990305 0.832
0.358267 0.274174 0.997128 0.84675
0.241556 0.264901 0.990988 0.838
0.304252 0.347992 0.997869 0.81825
0.255259 0.350027 0.995328 0.8275
0.478207 0.538456 0.998277 0.88575
0.155842 0.535017 0.995262 0.91825
0.58513 0.866913 0.948951 0.651
-0.0238679 0.795871 0.704792 -111
0.302614 0.89776 0.708077 0
-0.0355709 0.760417 0.568833 -111
0.220233 0.93941 0.331764 0
-0.0477068 0.77763 0.343097 -111
0.199525 0.887625 0.360753 0
-0.0298048 0.739235 0.347051 -111
0.228161 0.863861 0.3785 0
-0.0166179 0.740116 0.408122 -111
0.446611 1.10416 0.191402 -111
0.206996 1.10382 0.248214 -111
0.436919 1.55523 0.00276668 -111
0.194848 1.54661 0.00187595 -111
0.423949 1.9777 4.07898e-05 -111
0.196273 1.97365 6.43028e-05 -111
0.429618 2.04157 9.71719e-05 -111
0.194257 2.04306 0.000106672 -111
0.38612 2.12381 7.56661e-05 -111
0.222904 2.11276 0.000152309 -111
fused:
0.243463 -0.0316937 1.07343 0.999291
nose real:(475.531,174.151), cal:(478.212,229.65)
0.261372 -0.0790931 1.10805 0.999079
left eye (inner) real:(481.23,148.042), cal:(488.971,201.163)
0.276197 -0.0784685 1.12283 0.999106
left eye real:(487.336,148.647), cal:(497.877,201.539)
0.289859 -0.0780716 1.14073 0.998406
left eye (outer) real:(492.236,149.324), cal:(506.085,201.777)
0.21834 -0.0815877 1.09981 0.999447
right eye (inner) real:(458.695,147.008), cal:(463.119,199.664)
0.202311 -0.0832193 1.11026 0.999569
right eye real:(448.872,146.722), cal:(453.489,198.683)
0.184886 -0.0854548 1.12649 0.999585
right eye (outer) real:(437.942,146.603), cal:(443.021,197.34)
0.298594 -0.0647071 1.23752 0.998946
left ear real:(484.44,159.37), cal:(511.332,209.809)
0.14415 -0.0740029 1.23463 0.999806
right ear real:(409.21,157.804), cal:(418.548,204.222)
0.262289 0.0106035 1.12875 0.999638
mouth (left) real:(478.718,197.912), cal:(489.522,255.07)
0.213152 0.0104981 1.10192 0.999884
mouth (right) real:(455.422,197.138), cal:(460.002,255.006)
0.437355 0.199593 1.32375 0.998277
left shoulder real:(537.024,284.666), cal:(594.695,368.65)
-0.0139546 0.185342 1.2825 0.995262
right shoulder real:(331.969,280.385), cal:(323.565,360.085)
0.58217 0.60961 1.3108 0.948951
left elbow real:(611.14,410.922), cal:(681.695,615.064)
-0.147588 0.406255 1.06286 0.802179
right elbow real:(252.741,438.857), cal:(243.283,492.851)
0.320498 0.484654 0.880564 0.708077
left wrist real:(565.897,427.821), cal:(524.492,539.967)
0.0547312 0.327908 0.776094 0.568833
right wrist real:(379.68,451.848), cal:(364.829,445.765)
0.285405 0.396218 0.807026 0.331764
left pinky real:(555.279,438.973), cal:(503.409,486.818)
0.113495 0.280517 0.697326 0.456854
right pinky real:(432.868,461.144), cal:(400.132,417.284)
0.270802 0.349216 0.804554 0.360753
left index real:(544.135,415.865), cal:(494.636,458.571)
0.128736 0.249985 0.703295 0.49323
right index real:(445.097,433.29), cal:(409.288,398.935)
0.279935 0.357767 0.84011 0.3785
left thumb real:(541.938,412.875), cal:(500.123,463.71)
0.112314 0.264999 0.73838 0.467615
right thumb real:(427.866,422.858), cal:(399.422,407.958)
0.382925 0.755482 1.44114 0.397121
left hip real:(493.881,541.051), cal:(561.996,702.731)
0.0602143 0.675108 1.27139 0.537888
right hip real:(362.541,546.452), cal:(368.123,654.428)
0.32031 0.834158 1.1072 0.611721
left knee real:(505.649,701.438), cal:(524.378,750.014)
0.0660877 0.696661 0.986786 0.524994
right knee real:(372.096,672.958), cal:(371.651,667.381)
0.0633647 0.266328 0.246082 0.174506
left ankle real:(486.642,899.129), cal:(370.015,408.757)
0.0176053 0.337557 0.30673 0.0989743
right ankle real:(366.43,910.083), cal:(342.525,451.564)
0.0653625 0.305913 0.26833 0.208091
left heel real:(478.288,933.859), cal:(371.215,432.546)
0.0106754 0.401748 0.341382 0.114068
right heel real:(350.734,955.955), cal:(338.361,490.142)
0.0718686 0.315456 0.265231 0.149413
left foot index real:(494.734,963.487), cal:(375.124,438.282)
0.0637036 0.555428 0.462734 0.0873211
right foot index real:(414.653,970.071), cal:(370.219,582.501)
