camera0:
0.744076 0.354544 0.999233 0.839
0.753944 0.300989 0.998992 0.8425
0.764156 0.303257 0.999006 0.85925
0.772619 0.305336 0.998329 0
0.717632 0.294998 0.999385 0.8475
0.701941 0.293501 0.999523 0.852
0.684592 0.292769 0.999542 0.82925
0.760209 0.326851 0.998851 0.85075
0.639778 0.319951 0.99979 0.85825
0.750767 0.408521 0.999512 0.84875
0.712025 0.405299 0.999847 0.83425
0.836459 0.597033 0.987736 0.9375
0.52108 0.580491 0.993628 0.85625
0.951771 0.849777 0.433336 0.7965
0.39463 0.913965 0.792425 0.504
1.0995 0.948159 0.211794 -111
0.476908 0.959443 0.430897 0
1.13585 0.970899 0.253573 -111
0.509975 1.00978 0.453669 -111
1.14313 0.946125 0.308915 -111
0.521711 0.943993 0.494614 0
1.11668 0.943141 0.30721 -111
0.514832 0.935878 0.465261 0
0.760642 1.15574 0.345021 -111
0.563262 1.15444 0.484084 -111
0.790777 1.46007 0.542154 -111
0.533437 1.43827 0.488305 -111
0.73061 1.9085 0.153959 -111
0.529921 1.9479 0.0874602 -111
0.712217 1.97513 0.181647 -111
0.502192 2.03245 0.101461 -111
0.738738 2.04322 0.133198 -111
0.599861 2.07963 0.078914 -111
camera1:
0.27557 0.294132 0.994538 0.79925
0.298819 0.241246 0.992147 0.818
0.315834 0.243562 0.994405 0.82875
0.331477 0.246376 0.993918 0.8245
0.258006 0.238408 0.991297 0.82025
0.247801 0.238595 0.992662 0.84125
0.238708 0.239378 0.991458 0.8025
0.362187 0.273575 0.997386 0.835
0.241443 0.267994 0.992058 0.83
0.310117 0.347053 0.998055 0.82675
0.258697 0.349473 0.995862 0.81525
0.47902 0.539858 0.998239 0.89125
0.154016 0.532234 0.995442 0.9175
0.586367 0.87003 0.944506 0.655
-0.0201237 0.79346 0.678736 -111
0.302542 0.906048 0.694157 0
-0.0311068 0.716201 0.532997 -111
0.217634 0.944239 0.337891 0.88075
-0.0468234 0.71556 0.328761 -111
0.194634 0.893178 0.369953 0
-0.0324355 0.68234 0.335444 -111
0.216404 0.868903 0.381226 0
-0.0170036 0.692037 0.394174 -111
0.445174 1.11106 0.163087 -111
0.204247 1.10567 0.211491 -111
0.430996 1.56649 0.0032629 -111
0.18644 1.55955 0.00188149 -111
0.410937 1.99077 5.34494e-05 -111
0.181114 1.98479 6.92595e-05 -111
0.416449 2.05758 0.000105563 -111
0.177355 2.05335 0.000108047 -111
0.373261 2.13642 8.58735e-05 -111
0.206324 2.13171 0.000154579 -111
fused:
0.246593 -0.0353199 1.08411 0.999233
nose real:(476.208,170.181), cal:(480.092,227.47)
0.264828 -0.0825828 1.11459 0.998992
left eye (inner) real:(482.524,144.475), cal:(491.047,199.066)
0.28036 -0.0815712 1.12828 0.999006
left eye real:(489.06,145.563), cal:(500.378,199.674)
0.294355 -0.08074 1.14312 0.998329
left eye (outer) real:(494.476,146.561), cal:(508.786,200.173)
0.21982 -0.0863293 1.10563 0.999385
right eye (inner) real:(459.285,141.599), cal:(464.008,196.814)
0.203271 -0.0882911 1.11636 0.999523
right eye real:(449.242,140.88), cal:(454.066,195.635)
0.185389 -0.0906159 1.13283 0.999542
right eye (outer) real:(438.139,140.529), cal:(443.323,194.238)
0.303257 -0.067489 1.24033 0.998851
left ear real:(486.534,156.889), cal:(514.134,208.137)
0.144058 -0.0766826 1.23637 0.99979
right ear real:(409.458,153.577), cal:(418.493,202.612)
0.267162 0.00846379 1.13602 0.999512
mouth (left) real:(480.491,196.09), cal:(492.449,253.784)
0.21477 0.00786228 1.1091 0.999847
mouth (right) real:(455.696,194.543), cal:(460.974,253.422)
0.436793 0.203763 1.33283 0.998239
left shoulder real:(535.334,286.576), cal:(594.357,371.156)
-0.0107168 0.180825 1.27187 0.995442
right shoulder real:(333.491,278.636), cal:(325.51,357.37)
0.583374 0.618299 1.32545 0.944506
left elbow real:(609.134,407.893), cal:(682.418,620.286)
-0.148762 0.406062 1.0714 0.792425
right elbow real:(252.563,438.703), cal:(242.577,492.734)
0.399391 0.392777 0.671732 0.694157
left wrist real:(703.681,455.117), cal:(571.888,484.75)
-0.0444494 0.358353 0.90499 0.532997
right wrist real:(305.221,460.533), cal:(305.244,464.062)
0.380077 0.321076 0.594652 0.337891
left pinky real:(726.943,466.031), cal:(560.285,441.659)
-0.00894928 0.340257 0.837968 0.453669
right pinky real:(326.384,484.694), cal:(326.572,453.187)
0.37478 0.285398 0.577289 0.369953
left index real:(731.605,454.14), cal:(557.102,420.217)
0.00110651 0.305152 0.852275 0.494614
right index real:(333.895,453.117), cal:(332.613,432.089)
0.375669 0.291772 0.604057 0.381226
left thumb real:(714.676,452.707), cal:(557.636,424.048)
-0.00633427 0.319716 0.882752 0.465261
right thumb real:(329.492,449.221), cal:(328.143,440.842)
0.37298 0.796165 1.46621 0.345021
left hip real:(486.811,554.753), cal:(556.021,727.181)
0.0562983 0.683286 1.26737 0.484084
right hip real:(360.488,554.129), cal:(365.77,659.343)
0.352795 0.915088 1.21622 0.542154
left knee real:(506.097,700.835), cal:(543.894,798.652)
0.0165067 0.762437 1.03738 0.488305
right knee real:(341.4,690.369), cal:(341.865,706.911)
0.0579671 0.285102 0.256737 0.153959
left ankle real:(467.591,916.081), cal:(366.773,420.04)
0.00388546 0.370149 0.324138 0.0874602
right ankle real:(339.149,934.993), cal:(334.282,471.152)
0.0585545 0.330472 0.283984 0.181647
left heel real:(455.819,948.064), cal:(367.125,447.306)
-0.00627558 0.432428 0.357534 0.101461
right heel real:(321.403,975.574), cal:(328.178,508.58)
0.06631 0.344523 0.282841 0.133198
left foot index real:(472.792,980.747), cal:(371.785,455.751)
0.041994 0.605487 0.485492 0.078914
right foot index real:(383.911,998.223), cal:(357.177,612.586)
