camera0:
0.765169 0.341847 0.999211 0.77475
0.771878 0.281451 0.998584 0.7965
0.781345 0.281844 0.998652 0.79725
0.789997 0.282598 0.998185 0
0.736495 0.281205 0.999135 0.7845
0.72057 0.281789 0.999377 0.781
0.702289 0.282925 0.999365 0.78175
0.78505 0.30807 0.998698 0.78925
0.654926 0.30467 0.999746 0.62475
0.770146 0.397196 0.999253 0.77825
0.729348 0.399885 0.999702 0.77625
0.864344 0.555306 0.997049 0.879
0.525691 0.566038 0.999354 0.5765
1.09198 0.771417 0.835342 -111
0.430337 0.920495 0.970969 0.571
0.963975 0.501877 0.832884 0
0.548517 0.464387 0.945682 0.58
0.940215 0.420165 0.742555 0
0.578436 0.361601 0.935114 0.61075
0.913145 0.407571 0.735938 0
0.588405 0.33911 0.936611 0.6115
0.903151 0.442249 0.760816 0
0.583353 0.387421 0.935179 0.612
0.817082 1.21635 0.223591 -111
0.564096 1.21708 0.290437 -111
0.806795 1.71847 0.0233657 -111
0.569799 1.72716 0.0216261 -111
0.791087 2.16859 0.00612296 -111
0.566202 2.16899 0.00356742 -111
0.785058 2.23325 0.00711337 -111
0.557129 2.23208 0.00409168 -111
0.791314 2.31994 0.00551402 -111
0.602364 2.32993 0.00345363 -111
camera1:
0.255064 0.287158 0.999372 0.75425
0.274905 0.230436 0.999013 0.763
0.29235 0.230878 0.999248 0.76325
0.309865 0.232177 0.999182 0.76725
0.235011 0.232285 0.998943 0.74225
0.224543 0.233205 0.998968 0.76725
0.214284 0.2346 0.99877 0.77525
0.342124 0.252414 0.999576 0.75625
0.209551 0.258333 0.999014 0.771
0.292282 0.33848 0.999685 0.774
0.239608 0.338988 0.999509 0.756
0.467412 0.497683 0.999203 0.60575
0.11595 0.518609 0.998088 0.83525
0.573551 0.836976 0.931834 0.60025
-0.0313119 0.788986 0.613074 -111
0.453115 0.381576 0.943783 0.624
-0.0416364 0.866761 0.521241 -111
0.429254 0.25611 0.879786 0.65825
-0.0647051 0.894096 0.425268 -111
0.424391 0.229507 0.884602 0.66275
-0.0490554 0.857946 0.453417 -111
0.422873 0.282647 0.882148 0.636
-0.0334196 0.859435 0.506463 -111
0.413073 1.15438 0.0975597 -111
0.166254 1.15073 0.0907189 -111
0.422067 1.66164 0.0024397 -111
0.172343 1.66136 0.000929595 -111
0.416856 2.10159 7.73764e-05 -111
0.176473 2.09839 3.17911e-05 -111
0.425895 2.17203 9.71348e-05 -111
0.173613 2.16729 5.43268e-05 -111
0.373828 2.25845 9.92123e-05 -111
0.204298 2.26531 9.10986e-05 -111
fused:
0.252209 -0.0373925 1.01228 0.999372
nose real:(489.708,164.087), cal:(483.466,226.225)
0.265754 -0.0854701 1.03944 0.999013
left eye (inner) real:(494.002,135.096), cal:(491.604,197.331)
0.280018 -0.0865183 1.05359 0.999248
left eye real:(500.061,135.285), cal:(500.173,196.701)
0.294157 -0.0872695 1.06967 0.999182
left eye (outer) real:(505.598,135.647), cal:(508.667,196.249)
0.224727 -0.0847454 1.03099 0.999135
right eye (inner) real:(471.357,134.978), cal:(466.956,197.766)
0.209112 -0.0855687 1.03988 0.999377
right eye real:(461.165,135.259), cal:(457.575,197.271)
0.191422 -0.0865473 1.05331 0.999365
right eye (outer) real:(449.465,135.804), cal:(446.948,196.683)
0.308278 -0.0757008 1.1397 0.999576
left ear real:(502.432,147.874), cal:(517.15,203.202)
0.149202 -0.0770281 1.13195 0.999746
right ear real:(419.153,146.242), cal:(421.583,202.404)
0.271788 0.00253031 1.06469 0.999685
mouth (left) real:(492.894,190.654), cal:(495.228,250.218)
0.220609 0.00378429 1.04081 0.999702
mouth (right) real:(466.783,191.945), cal:(464.482,250.971)
0.438928 0.149917 1.22957 0.999203
left shoulder real:(553.18,266.547), cal:(595.64,338.795)
-0.00451796 0.155376 1.16573 0.999354
right shoulder real:(336.442,271.698), cal:(329.234,342.076)
0.595822 0.365027 1.00508 0.931834
left elbow real:(698.866,370.28), cal:(689.896,468.073)
-0.0977338 0.359083 0.99273 0.970969
right elbow real:(275.416,441.838), cal:(273.233,464.501)
0.461691 0.0724626 0.9958 0.943783
left wrist real:(616.944,240.901), cal:(609.315,292.246)
0.0146662 0.0798979 0.918831 0.945682
right wrist real:(351.051,222.906), cal:(340.759,296.715)
0.436909 -0.00670289 0.99334 0.879786
left pinky real:(601.738,201.679), cal:(594.427,244.669)
0.0427517 -0.00737661 0.874541 0.935114
right pinky real:(370.199,173.569), cal:(357.632,244.264)
0.423684 -0.0246103 1.02867 0.884602
left index real:(584.413,195.634), cal:(586.482,233.907)
0.0512339 -0.0137515 0.882108 0.936611
right index real:(376.579,162.773), cal:(362.727,240.433)
0.41859 0.00861481 1.04448 0.882148
left thumb real:(578.017,212.279), cal:(583.422,253.874)
0.0461349 0.0331406 0.899184 0.935179
right thumb real:(373.346,185.962), cal:(359.664,268.614)
0.379122 0.706645 1.20358 0.223591
left hip real:(522.933,583.846), cal:(559.711,673.381)
0.0542448 0.666643 1.15977 0.290437
right hip real:(361.022,584.2), cal:(364.536,649.34)
0.391597 1.22675 1.27655 0.0233657
left knee real:(516.349,824.868), cal:(567.206,985.957)
0.0627825 1.11408 1.15323 0.0216261
right knee real:(364.671,829.036), cal:(369.665,918.242)
0.363905 1.65196 1.25322 0.00612296
left ankle real:(506.296,1040.92), cal:(550.569,1241.5)
0.0532101 1.38116 1.04752 0.00356742
right ankle real:(362.369,1041.12), cal:(363.915,1078.75)
0.371421 1.79162 1.30793 0.00711337
left heel real:(502.437,1071.96), cal:(555.084,1325.44)
0.0469635 1.56332 1.14202 0.00409168
right heel real:(356.563,1071.4), cal:(360.162,1188.23)
0.348886 1.72812 1.20082 0.00551402
left foot index real:(506.441,1113.57), cal:(541.546,1287.27)
0.105482 1.71143 1.18255 0.00345363
right foot index real:(385.513,1118.36), cal:(395.318,1277.24)
