camera0:
0.856928 0.347736 0.998089 0.68525
0.869356 0.281003 0.99702 0.68875
0.879038 0.280349 0.996614 0.69525
0.887809 0.27996 0.994445 0.70025
0.82688 0.27557 0.99873 0.67225
0.806684 0.272389 0.99907 0.675
0.786033 0.269729 0.999105 0.677
0.86838 0.290918 0.994838 0.6895
0.732311 0.281585 0.999821 0.6945
0.854864 0.401407 0.997398 0.681
0.808753 0.404232 0.999654 0.67875
0.923141 0.531062 0.980503 0.80375
0.560647 0.560411 0.998784 0.73975
1.02905 0.79963 0.363175 -111
0.365264 0.867284 0.921939 0.51625
1.00723 0.572048 0.572483 -111
0.465408 1.04923 0.543881 -111
1.05278 0.556669 0.478464 -111
0.503759 1.13304 0.432209 -111
0.994624 0.447144 0.471408 0
0.529562 1.07232 0.471169 -111
0.970163 0.487402 0.479767 0
0.515058 1.0494 0.458548 -111
0.866929 1.2319 0.0293448 -111
0.615152 1.2391 0.0326847 -111
0.872974 1.779 0.00563422 -111
0.613322 1.81132 0.00372215 -111
0.835501 2.29181 0.000499488 -111
0.599177 2.32677 0.00037008 -111
0.821238 2.36728 0.000473967 -111
0.574294 2.40396 0.000547381 -111
0.846542 2.45824 0.00147046 -111
0.678864 2.48385 0.00100145 -111
camera1:
0.198024 0.251877 0.997771 0.64
0.228502 0.18157 0.994107 0.64675
0.251535 0.181259 0.996569 0.63625
0.273401 0.181186 0.995273 0.65275
0.176347 0.184661 0.993657 0.6525
0.162892 0.187234 0.995675 0.64475
0.149113 0.189426 0.993525 0.6585
0.313915 0.201234 0.998169 0.673
0.149638 0.210113 0.994318 0.655
0.2432 0.312162 0.997959 0.658
0.179752 0.317071 0.996537 0.64875
0.448683 0.48085 0.997318 0.75325
0.0644273 0.486348 0.987163 0.779
0.540858 0.876322 0.819875 0.508
0.0164231 0.886985 0.326171 0
0.201134 0.914749 0.713005 0
0.196411 0.873844 0.323769 0
0.109987 0.957196 0.574111 0
0.244716 0.870109 0.294638 0
0.082516 0.895144 0.630302 0
0.248322 0.817069 0.344077 0
0.11395 0.884594 0.597184 0
0.240282 0.813878 0.319516 0
0.382477 1.20431 0.0162874 -111
0.101779 1.19617 0.0133136 -111
0.362675 1.77239 0.015378 -111
0.115538 1.75501 0.0067897 -111
0.345375 2.29888 0.000374312 -111
0.116793 2.28163 0.000181869 -111
0.357756 2.38357 0.000465374 -111
0.115723 2.37085 0.000207522 -111
0.281558 2.47372 0.000515087 -111
0.137242 2.45217 0.000711985 -111
fused:
0.282336 -0.0311121 0.812201 0.998089
nose real:(548.434,166.913), cal:(501.565,229.999)
0.30126 -0.0764248 0.835506 0.99702
left eye (inner) real:(556.388,134.881), cal:(512.934,202.767)
0.315565 -0.0783373 0.850839 0.996614
left eye real:(562.584,134.567), cal:(521.528,201.617)
0.329421 -0.0802754 0.866308 0.995273
left eye (outer) real:(568.198,134.381), cal:(529.852,200.453)
0.259814 -0.0767 0.824889 0.99873
right eye (inner) real:(529.203,132.274), cal:(488.035,202.601)
0.2441 -0.0781314 0.832417 0.99907
right eye real:(516.278,130.747), cal:(478.595,201.741)
0.227772 -0.0798697 0.840079 0.999105
right eye (outer) real:(503.061,129.47), cal:(468.785,200.696)
0.339772 -0.0797079 0.94466 0.998169
left ear real:(555.763,139.64), cal:(536.071,200.794)
0.193817 -0.0785272 0.905122 0.999821
right ear real:(468.679,135.161), cal:(448.386,201.503)
0.298712 0.00244741 0.863723 0.997959
mouth (left) real:(547.113,192.675), cal:(511.404,250.168)
0.249646 0.00485145 0.84147 0.999654
mouth (right) real:(517.602,194.031), cal:(481.926,251.613)
0.446573 0.120194 1.06759 0.997318
left shoulder real:(590.81,254.91), cal:(600.233,320.932)
0.0338541 0.122441 0.995844 0.998784
right shoulder real:(358.814,268.997), cal:(352.286,322.283)
0.545073 0.504625 1.05431 0.819875
left elbow real:(658.589,383.823), cal:(659.408,551.97)
-0.211955 0.388213 1.27496 0.921939
right elbow real:(233.769,416.296), cal:(204.613,482.007)
0.33676 0.25937 0.695699 0.713005
left wrist real:(644.626,274.583), cal:(534.261,404.574)
-0.0887076 0.671321 1.49855 0.543881
right wrist real:(297.861,503.631), cal:(278.656,652.152)
0.319675 0.23321 0.603307 0.574111
left pinky real:(673.78,267.201), cal:(523.997,388.853)
-0.0255631 0.758718 1.51404 0.432209
right pinky real:(322.406,543.857), cal:(316.591,704.676)
0.287638 0.219631 0.623261 0.630302
left index real:(636.559,214.629), cal:(504.75,380.692)
0.0150262 0.657435 1.44668 0.471169
right index real:(338.92,514.714), cal:(340.975,643.806)
0.290666 0.220593 0.659501 0.597184
left thumb real:(620.904,233.953), cal:(506.57,381.27)
-0.00799405 0.64804 1.47452 0.458548
right thumb real:(329.637,503.712), cal:(327.145,638.16)
0.381416 0.648506 1.0423 0.0293448
left hip real:(554.834,591.31), cal:(561.089,638.44)
0.0942858 0.573582 0.945001 0.0326847
right hip real:(393.697,594.766), cal:(388.591,593.411)
0.340632 1.31044 0.957393 0.015378
left knee real:(558.703,853.92), cal:(536.587,1036.26)
0.0751168 1.1898 0.902296 0.0067897
right knee real:(392.526,869.435), cal:(377.075,963.749)
0.349332 1.63839 1.0563 0.000499488
left ankle real:(534.721,1100.07), cal:(541.814,1233.35)
0.080747 1.47905 0.979998 0.00037008
right ankle real:(383.474,1116.85), cal:(380.458,1137.59)
0.345913 1.86127 1.10452 0.000473967
left heel real:(525.592,1136.3), cal:(539.76,1367.29)
0.0588359 1.59411 1.02956 0.000547381
right heel real:(367.548,1153.9), cal:(367.294,1206.73)
0.328337 1.50158 0.94519 0.00147046
left foot index real:(541.787,1179.95), cal:(529.201,1151.13)
0.148458 1.53198 0.899799 0.00100145
right foot index real:(434.473,1192.25), cal:(421.136,1169.39)
