camera0:
0.75839 0.352356 0.998199 0.855
0.770491 0.299227 0.996704 0.86475
0.780116 0.301032 0.997082 0
0.78925 0.302818 0.99569 0
0.733703 0.290285 0.998066 0.84925
0.716681 0.287243 0.998707 0.851
0.696977 0.285822 0.998531 0.857
0.778726 0.318826 0.997174 0.85975
0.652493 0.310638 0.999496 0.855
0.762601 0.403367 0.998723 0.8715
0.720756 0.400156 0.999602 0.8395
0.836174 0.586085 0.995366 0.976
0.53038 0.567471 0.998668 0.58625
0.94349 0.857254 0.696031 0.92225
0.385239 0.910714 0.930581 0.6935
1.05679 0.822953 0.632458 -111
0.505043 0.703617 0.832908 0.6285
1.10111 0.810468 0.561591 -111
0.526359 0.647915 0.814746 0.61975
1.09601 0.777609 0.580479 -111
0.533065 0.594395 0.82424 0.5935
1.06613 0.791192 0.610162 -111
0.540298 0.607572 0.820445 0.64525
0.777876 1.19388 0.224774 -111
0.538677 1.18145 0.294524 -111
0.775217 1.6658 0.067857 -111
0.547071 1.66993 0.0615255 -111
0.770218 2.10518 0.0188798 -111
0.550417 2.09726 0.010733 -111
0.769324 2.17169 0.0221982 -111
0.538005 2.15466 0.0124621 -111
0.767289 2.24425 0.0163948 -111
0.593102 2.25113 0.00977782 -111
camera1:
0.302806 0.289144 0.998463 0.80725
0.327355 0.238454 0.99753 0.832
0.344494 0.240991 0.998202 0.825
0.360054 0.2438 0.997966 0.82975
0.284866 0.232196 0.997411 0.825
0.273579 0.230571 0.997754 0.82825
0.263389 0.229474 0.997246 0.842
0.387963 0.268458 0.999058 0.85625
0.259199 0.251397 0.997478 0.8445
0.334642 0.342484 0.999363 0.831
0.281954 0.337666 0.998843 0.82
0.492667 0.509675 0.999084 0.6295
0.166865 0.530424 0.997454 0.926
0.590579 0.849405 0.910484 0.70225
0.0718767 0.813038 0.520468 0.90825
0.497457 0.65884 0.908538 0.67125
0.04883 0.828098 0.509896 0.888
0.468318 0.581844 0.804931 0.72075
0.0263941 0.842604 0.42473 0.9055
0.467558 0.520842 0.817715 0.62025
0.0374085 0.802667 0.45696 0.88625
0.465901 0.547751 0.812626 0.91625
0.0565181 0.801854 0.50436 0.88575
0.428136 1.09216 0.110558 -111
0.201176 1.10318 0.110164 -111
0.409161 1.59006 0.00405594 -111
0.18203 1.56821 0.00164587 -111
0.395196 2.00974 0.000100754 -111
0.180851 1.9948 6.86883e-05 -111
0.401474 2.07244 0.000125478 -111
0.176422 2.05156 9.97124e-05 -111
0.356374 2.16114 0.000120709 -111
0.212161 2.15387 0.000161242 -111
fused:
0.269404 -0.0392362 1.10947 0.998463
nose real:(485.37,169.131), cal:(493.796,225.117)
0.290699 -0.0859276 1.13909 0.99753
left eye (inner) real:(493.114,143.629), cal:(506.589,197.056)
0.306559 -0.085414 1.15486 0.998202
left eye real:(499.274,144.495), cal:(516.117,197.364)
0.321547 -0.0844455 1.16863 0.997966
left eye (outer) real:(505.12,145.353), cal:(525.122,197.946)
0.243533 -0.092288 1.12796 0.998066
right eye (inner) real:(469.57,139.337), cal:(478.254,193.233)
0.225442 -0.0960895 1.13987 0.998707
right eye real:(458.676,137.876), cal:(467.386,190.949)
0.205153 -0.100004 1.15973 0.998531
right eye (outer) real:(446.066,137.195), cal:(455.196,188.596)
0.33241 -0.074464 1.25929 0.999058
left ear real:(498.384,153.037), cal:(531.648,203.945)
0.162793 -0.0893785 1.24958 0.999496
right ear real:(417.595,149.106), cal:(429.748,194.982)
0.288404 0.00386707 1.16407 0.999363
mouth (left) real:(488.065,193.616), cal:(505.211,251.021)
0.231534 0.000120616 1.13904 0.999602
mouth (right) real:(461.284,192.075), cal:(471.045,248.769)
0.449671 0.185308 1.36927 0.999084
left shoulder real:(535.151,281.321), cal:(602.094,360.065)
0.00127629 0.1746 1.28772 0.998668
right shoulder real:(339.443,272.386), cal:(332.715,353.629)
0.594746 0.55214 1.35831 0.910484
left elbow real:(603.833,411.482), cal:(689.25,580.525)
-0.196507 0.469295 1.34671 0.930581
right elbow real:(246.553,437.143), cal:(213.893,530.736)
0.514891 0.294727 0.912517 0.908538
left wrist real:(676.348,395.017), cal:(641.276,425.824)
-0.0266212 0.255767 1.08278 0.832908
right wrist real:(323.228,337.736), cal:(315.955,402.409)
0.502285 0.232924 0.817354 0.804931
left pinky real:(704.708,389.024), cal:(633.703,388.681)
-0.00136009 0.189077 1.0217 0.814746
right pinky real:(336.87,310.999), cal:(331.131,362.329)
0.500891 0.199381 0.820023 0.817715
left index real:(701.447,373.252), cal:(632.865,368.522)
0.00454243 0.158823 1.03624 0.82424
right index real:(341.162,285.31), cal:(334.677,344.147)
0.493597 0.219251 0.852995 0.812626
left thumb real:(682.32,379.772), cal:(628.483,380.464)
0.0113578 0.185469 1.05462 0.820445
right thumb real:(345.791,291.635), cal:(338.771,360.162)
0.36463 0.759305 1.33452 0.224774
left hip real:(497.841,573.062), cal:(551.005,705.029)
0.025289 0.723803 1.31425 0.294524
right hip real:(344.753,567.098), cal:(347.141,683.692)
0.358744 1.20434 1.31287 0.067857
left knee real:(496.139,799.585), cal:(547.468,972.488)
0.0368378 1.11994 1.21722 0.0615255
right knee real:(350.125,801.566), cal:(354.079,921.764)
0.239976 1.13475 0.895235 0.0188798
left ankle real:(492.94,1010.49), cal:(476.117,930.667)
0.0320181 1.18953 0.943165 0.010733
right ankle real:(352.267,1006.68), cal:(351.183,963.591)
0.242986 1.20138 0.909682 0.0221982
left heel real:(492.367,1042.41), cal:(477.925,970.708)
0.0212516 1.33799 1.02367 0.0124621
right heel real:(344.323,1034.24), cal:(344.715,1052.81)
0.255815 1.331 0.96547 0.0163948
left foot index real:(491.065,1077.24), cal:(485.632,1048.61)
0.0934447 1.62862 1.17662 0.00977782
right foot index real:(379.585,1080.54), cal:(388.086,1227.47)
