camera0:
0.854342 0.354637 0.998231 0.6755
0.868754 0.286317 0.997237 0.6955
0.878595 0.285948 0.996857 0.70025
0.887562 0.285944 0.994842 0.694
0.825149 0.280976 0.998815 0.677
0.804744 0.278055 0.999125 0.675
0.784142 0.275905 0.999154 0.67375
0.86795 0.296503 0.995215 0.68525
0.730702 0.286204 0.999832 0.68975
0.851658 0.408965 0.997581 0.6885
0.805443 0.410237 0.999676 0.67825
0.922891 0.539353 0.981451 0.80325
0.562451 0.559078 0.998771 0.7415
1.05453 0.857666 0.362407 -111
0.364207 0.865171 0.915022 0.51625
1.01615 0.581363 0.599272 -111
0.441154 1.06614 0.533473 -111
1.06551 0.502986 0.504776 -111
0.471969 1.15302 0.423854 -111
0.994667 0.435698 0.497495 0
0.501257 1.0998 0.464607 -111
0.976343 0.479996 0.504487 0
0.490388 1.07723 0.451874 -111
0.866901 1.2432 0.0271236 -111
0.609973 1.24331 0.0300838 -111
0.85549 1.81483 0.00511553 -111
0.599418 1.82699 0.0033695 -111
0.831243 2.32825 0.000451404 -111
0.587113 2.33788 0.000333665 -111
0.820409 2.40521 0.000428101 -111
0.567667 2.41803 0.000494224 -111
0.829475 2.49425 0.00133459 -111
0.653902 2.49591 0.000907988 -111
camera1:
0.196629 0.249876 0.997906 0.631
0.226999 0.179077 0.994471 0.63325
0.249528 0.179246 0.996778 0.646
0.271337 0.179677 0.995562 0.64725
0.176437 0.180596 0.994062 0.64175
0.163149 0.182455 0.995943 0.64875
0.149611 0.184315 0.99393 0.637
0.312993 0.200889 0.998283 0.68425
0.150394 0.207182 0.99469 0.64125
0.240163 0.310104 0.998059 0.65775
0.178942 0.313486 0.996709 0.647
0.4495 0.480908 0.997338 0.75575
0.0640702 0.484685 0.98747 0.77875
0.544015 0.876071 0.8247 0.514
-0.00119307 0.873336 0.320143 -111
0.201577 0.91731 0.718424 0
0.0974137 0.869475 0.322569 0
0.112077 0.969235 0.579962 0
0.111784 0.884683 0.296886 0
0.0816026 0.91389 0.637325 0
0.126692 0.838056 0.34834 0
0.114366 0.892187 0.60214 0
0.131886 0.831234 0.322441 0
0.380779 1.21445 0.0155998 -111
0.100655 1.19618 0.0129584 -111
0.359377 1.77029 0.0155626 -111
0.0892327 1.72182 0.00691907 -111
0.344049 2.29905 0.00037273 -111
0.108452 2.27948 0.000188053 -111
0.357663 2.38869 0.000451879 -111
0.113716 2.3698 0.00021713 -111
0.271246 2.46943 0.000517541 -111
0.103517 2.44988 0.000731271 -111
fused:
0.280583 -0.0297186 0.812421 0.998231
nose real:(546.779,170.226), cal:(500.512,230.837)
0.300405 -0.0753653 0.833629 0.997237
left eye (inner) real:(556.003,137.432), cal:(512.421,203.404)
0.314521 -0.07693 0.848144 0.996857
left eye real:(562.301,137.255), cal:(520.901,202.463)
0.32838 -0.0785148 0.863219 0.995562
left eye (outer) real:(568.04,137.253), cal:(529.227,201.511)
0.259038 -0.0764975 0.825876 0.998815
right eye (inner) real:(528.095,134.869), cal:(487.569,202.723)
0.243255 -0.0781379 0.833754 0.999125
right eye real:(515.036,133.466), cal:(478.087,201.737)
0.227006 -0.0798205 0.841566 0.999154
right eye (outer) real:(501.851,132.434), cal:(468.325,200.726)
0.339092 -0.0777608 0.943062 0.998283
left ear real:(555.488,142.322), cal:(535.662,201.964)
0.193103 -0.0782588 0.907255 0.999832
right ear real:(467.649,137.378), cal:(447.958,201.665)
0.295845 0.00419559 0.862644 0.998059
mouth (left) real:(545.061,196.303), cal:(509.681,251.218)
0.247615 0.0055064 0.843167 0.999676
mouth (right) real:(515.484,196.914), cal:(480.706,252.006)
0.446963 0.123493 1.06804 0.997338
left shoulder real:(590.65,258.889), cal:(600.467,322.914)
0.0356376 0.121014 0.992522 0.998771
right shoulder real:(359.968,268.357), cal:(353.358,321.425)
0.551916 0.493622 1.00731 0.8247
left elbow real:(674.899,411.68), cal:(663.519,545.357)
-0.20493 0.369564 1.22534 0.915022
right elbow real:(233.092,415.282), cal:(208.833,470.8)
0.341089 0.253329 0.689252 0.718424
left wrist real:(650.338,279.054), cal:(536.862,400.944)
-0.104667 0.567957 1.23138 0.533473
right wrist real:(282.339,511.745), cal:(269.068,590.031)
0.325811 0.216893 0.602133 0.579962
left pinky real:(681.926,241.433), cal:(527.683,379.047)
-0.0601028 0.61225 1.17274 0.423854
right pinky real:(302.06,553.448), cal:(295.84,616.651)
0.288273 0.215345 0.624991 0.637325
left index real:(636.587,209.135), cal:(505.132,378.116)
-0.0233488 0.554864 1.1531 0.464607
right index real:(320.804,527.902), cal:(317.921,582.162)
0.294262 0.212688 0.657316 0.60214
left thumb real:(624.859,230.398), cal:(508.73,376.519)
-0.0382512 0.555523 1.1954 0.451874
right thumb real:(313.848,517.073), cal:(308.968,582.558)
0.379762 0.658734 1.03861 0.0271236
left hip real:(554.817,596.736), cal:(560.095,644.587)
0.0892142 0.581889 0.949096 0.0300838
right hip real:(390.383,596.79), cal:(385.545,598.404)
0.328284 1.34742 0.970977 0.0155626
left knee real:(547.513,871.119), cal:(529.169,1058.47)
0.0597726 1.15279 0.868608 0.00691907
right knee real:(383.627,876.955), cal:(367.857,941.505)
0.341964 1.67365 1.04969 0.000451404
left ankle real:(531.995,1117.56), cal:(537.388,1254.54)
0.0670921 1.49637 0.975215 0.000333665
right ankle real:(375.752,1122.18), cal:(372.255,1147.99)
0.34175 1.8922 1.09465 0.000451879
left heel real:(525.062,1154.5), cal:(537.259,1385.88)
0.0509996 1.61798 1.02943 0.000494224
right heel real:(363.307,1160.65), cal:(362.587,1221.08)
0.310184 1.53056 0.942848 0.00133459
left foot index real:(530.864,1197.24), cal:(518.295,1168.54)
0.119364 1.51037 0.868008 0.000907988
right foot index real:(418.497,1198.04), cal:(403.658,1156.41)
