camera0:
0.761462 0.351865 0.996308 0.8445
0.771499 0.2989 0.99321 0.87425
0.780875 0.301108 0.994029 0.8935
0.789017 0.303376 0.991132 0
0.73562 0.289997 0.996019 0.838
0.720273 0.287515 0.997359 0.85675
0.702791 0.286525 0.99698 0.85375
0.779136 0.321855 0.994258 0.879
0.656999 0.312767 0.998983 0.86675
0.762159 0.404134 0.997413 0.85925
0.724525 0.400513 0.999206 0.841
0.826162 0.582339 0.991377 0.98525
0.53357 0.580159 0.997334 0.63075
0.931448 0.835421 0.5183 0.94475
0.402376 0.889592 0.862875 0.68375
1.05679 0.762118 0.458308 -111
0.511198 0.698986 0.654822 0.623
1.09999 0.746932 0.426672 -111
0.546465 0.637047 0.625761 0.6515
1.1043 0.715058 0.450677 -111
0.55298 0.584851 0.647045 0.61925
1.07543 0.730128 0.467861 -111
0.550563 0.60104 0.638565 0.59375
0.787546 1.18849 0.154571 -111
0.550881 1.1871 0.201319 -111
0.774311 1.64614 0.140002 -111
0.555401 1.65817 0.125904 -111
0.764388 2.06771 0.0392498 -111
0.556026 2.06118 0.0223043 -111
0.76022 2.12379 0.0462617 -111
0.537559 2.11181 0.0259206 -111
0.771538 2.20359 0.0340527 -111
0.612031 2.1972 0.0202343 -111
camera1:
0.312108 0.292427 0.996981 0.8245
0.337586 0.239789 0.995044 0.829
0.352766 0.242677 0.996428 0.825
0.366729 0.245966 0.995929 0.8285
0.291904 0.233915 0.994832 0.82275
0.278153 0.232546 0.995596 0.842
0.265857 0.232139 0.994578 0.864
0.393048 0.272502 0.998155 0.858
0.256183 0.254848 0.99499 0.84625
0.340845 0.34644 0.998761 0.83825
0.288026 0.341783 0.997718 0.82125
0.487325 0.542731 0.998506 0.65425
0.157894 0.540176 0.995781 0.91975
0.587363 0.876324 0.918592 0.725
0.0691067 0.843238 0.556924 0.90075
0.514118 0.706117 0.851406 0.67225
0.114477 0.997828 0.500008 0
0.497094 0.635656 0.682822 0.6925
0.10977 1.0546 0.392565 -111
0.49857 0.591218 0.703207 0.69625
0.126821 1.02098 0.413682 -111
0.496002 0.598889 0.695545 0.69825
0.13553 1.00108 0.458105 -111
0.43718 1.14244 0.134785 -111
0.198759 1.13691 0.144669 -111
0.415737 1.63706 0.00615952 -111
0.188579 1.63223 0.00244204 -111
0.404076 2.06815 0.000123321 -111
0.191634 2.05672 0.000118133 -111
0.409384 2.13483 0.00015654 -111
0.188924 2.11971 0.000148877 -111
0.367467 2.21374 0.000141717 -111
0.228182 2.20963 0.000253163 -111
fused:
0.276107 -0.0387772 1.12266 0.996981
nose real:(487.336,168.895), cal:(497.823,225.392)
0.296941 -0.0874192 1.15883 0.995044
left eye (inner) real:(493.759,143.472), cal:(510.339,196.159)
0.311823 -0.0861641 1.17131 0.996428
left eye real:(499.76,144.532), cal:(519.28,196.914)
0.325437 -0.0845055 1.18407 0.995929
left eye (outer) real:(504.971,145.62), cal:(527.459,197.91)
0.248151 -0.0928832 1.13892 0.996019
right eye (inner) real:(470.797,139.199), cal:(481.028,192.876)
0.2302 -0.0953645 1.14227 0.997359
right eye real:(460.974,138.007), cal:(470.244,191.384)
0.210954 -0.0976927 1.15294 0.99698
right eye (outer) real:(449.786,137.532), cal:(458.682,189.985)
0.336083 -0.0718195 1.27117 0.998155
left ear real:(498.647,154.491), cal:(533.854,205.535)
0.16617 -0.0850035 1.23102 0.998983
right ear real:(420.479,150.128), cal:(431.777,197.611)
0.291497 0.0056872 1.1793 0.998761
mouth (left) real:(487.782,193.984), cal:(507.069,252.115)
0.237095 0.00193706 1.14469 0.999206
mouth (right) real:(463.696,192.246), cal:(474.386,249.861)
0.44049 0.20446 1.39371 0.998506
left shoulder real:(528.744,279.523), cal:(596.579,371.575)
0.00561015 0.182053 1.25263 0.997334
right shoulder real:(341.485,278.477), cal:(335.318,358.108)
0.585472 0.62451 1.39681 0.918592
left elbow real:(596.127,401.002), cal:(683.679,624.019)
-0.169358 0.458729 1.30448 0.862875
right elbow real:(257.521,427.004), cal:(230.204,524.387)
0.527302 0.332902 0.948725 0.851406
left wrist real:(676.343,365.817), cal:(648.732,448.766)
-0.0328915 0.387996 1.25348 0.654822
right wrist real:(327.167,335.513), cal:(312.188,481.877)
0.522844 0.25997 0.863196 0.682822
left pinky real:(703.997,358.527), cal:(646.054,404.935)
0.0146113 0.296351 1.19673 0.625761
right pinky real:(349.738,305.782), cal:(340.726,426.8)
0.524886 0.229656 0.858978 0.703207
left index real:(706.752,343.228), cal:(647.281,386.717)
0.0220543 0.264529 1.23254 0.647045
right index real:(353.907,280.729), cal:(345.197,407.675)
0.517889 0.240441 0.890714 0.695545
left thumb real:(688.272,350.461), cal:(643.077,393.199)
0.0168838 0.306175 1.24772 0.638565
right thumb real:(352.36,288.499), cal:(342.091,432.704)
0.374033 0.836022 1.34499 0.154571
left hip real:(504.029,570.475), cal:(556.653,751.134)
0.0351685 0.767299 1.27179 0.201319
right hip real:(352.564,569.807), cal:(353.076,709.833)
0.370718 1.22713 1.36138 0.140002
left knee real:(495.559,790.147), cal:(554.662,986.184)
0.04853 1.12819 1.23889 0.125904
right knee real:(355.457,795.923), cal:(361.103,926.721)
0.175032 0.827491 0.668606 0.0392498
left ankle real:(489.208,992.501), cal:(437.101,746.007)
0.0353432 1.09179 0.885896 0.0223043
right ankle real:(355.856,989.368), cal:(353.181,904.846)
0.177376 0.883899 0.68924 0.0462617
left heel real:(486.541,1019.42), cal:(438.509,779.908)
0.0186356 1.17196 0.920742 0.0259206
right heel real:(344.038,1013.67), cal:(343.144,953.028)
0.197361 0.986121 0.732546 0.0340527
left foot index real:(493.785,1057.72), cal:(450.515,841.342)
0.116152 1.56344 1.16583 0.0202343
right foot index real:(391.7,1054.66), cal:(401.728,1188.3)
