camera0:
0.7953 0.33712 0.998796 0.7275
0.80497 0.275084 0.998357 0.7415
0.814161 0.276446 0.998409 0.7455
0.822384 0.2779 0.997548 0.74175
0.768454 0.271132 0.999041 0.7375
0.750959 0.26944 0.99932 0.739
0.733223 0.268188 0.999313 0.726
0.812764 0.301119 0.99825 0.74475
0.682511 0.291389 0.99978 0.75375
0.795265 0.392717 0.998776 0.73525
0.755786 0.392995 0.999663 0.73325
0.89244 0.580023 0.987966 0.85375
0.542205 0.566167 0.998711 0.7855
1.05053 0.833343 0.73796 -111
0.384723 0.880051 0.953427 0
1.01756 0.612215 0.765875 -111
0.508833 1.01677 0.858589 -111
1.04343 0.603945 0.690255 -111
0.55084 1.09449 0.838882 -111
1.03455 0.569262 0.68538 -111
0.581746 1.03004 0.849089 -111
1.01534 0.597083 0.698571 -111
0.565009 1.00875 0.841437 -111
0.821979 1.21669 0.171389 -111
0.582131 1.21395 0.217088 -111
0.829576 1.68105 0.0229428 -111
0.588144 1.64193 0.0230056 -111
0.797324 2.18751 0.00416777 -111
0.549244 2.1878 0.00323415 -111
0.785137 2.25809 0.00444735 -111
0.527001 2.2815 0.00371922 -111
0.777569 2.36065 0.00613719 -111
0.6094 2.33511 0.00529438 -111
camera1:
0.22289 0.273452 0.999221 0.694
0.250251 0.212897 0.998537 0.715
0.270372 0.21442 0.998987 0.70525
0.290561 0.216277 0.998764 0.714
0.208473 0.209992 0.998319 0.71
0.196106 0.208777 0.998554 0.7225
0.18442 0.207649 0.997993 0.71975
0.331181 0.24163 0.999493 0.729
0.191645 0.231324 0.998207 0.725
0.258194 0.328239 0.999547 0.71525
0.208317 0.327221 0.999147 0.70725
0.45752 0.517855 0.998933 0.79525
0.094098 0.508533 0.994633 0.826
0.592102 0.851837 0.933035 0.57825
0.00859768 0.838171 0.557612 0
0.277495 0.915456 0.9418 0
0.062973 0.797728 0.542902 0
0.170026 0.945152 0.876102 0
0.0769 0.803961 0.475446 0
0.136319 0.899813 0.889491 0
0.0944081 0.771357 0.508145 0.81025
0.167475 0.871956 0.878458 0
0.0977465 0.774628 0.539273 0.81025
0.387864 1.18412 0.065743 -111
0.12731 1.16748 0.0610661 -111
0.359116 1.6759 0.00421922 -111
0.108571 1.65005 0.00156177 -111
0.325319 2.13901 9.82911e-05 -111
0.105868 2.12301 4.42067e-05 -111
0.329609 2.21562 0.000106456 -111
0.107326 2.20453 5.91453e-05 -111
0.269232 2.30066 0.000126411 -111
0.123733 2.27846 0.000158109 -111
fused:
0.258198 -0.0366899 0.918491 0.999221
nose real:(508.992,161.818), cal:(487.064,226.647)
0.27568 -0.0829177 0.9477 0.998537
left eye (inner) real:(515.181,132.04), cal:(497.566,198.865)
0.289836 -0.0836004 0.963786 0.998987
left eye real:(521.063,132.694), cal:(506.071,198.454)
0.303931 -0.0843311 0.981929 0.998764
left eye (outer) real:(526.326,133.392), cal:(514.539,198.015)
0.236801 -0.0852557 0.939636 0.999041
right eye (inner) real:(491.81,130.143), cal:(474.209,197.459)
0.220975 -0.0875779 0.946618 0.99932
right eye real:(480.613,129.331), cal:(464.702,196.064)
0.204965 -0.0899595 0.954931 0.999313
right eye (outer) real:(469.263,128.73), cal:(455.083,194.633)
0.319143 -0.074968 1.06463 0.999493
left ear real:(520.169,144.537), cal:(523.678,203.642)
0.168626 -0.0841893 1.04501 0.99978
right ear real:(436.807,139.867), cal:(433.252,198.1)
0.272216 0.000500566 0.96603 0.999547
mouth (left) real:(508.97,188.504), cal:(495.486,248.998)
0.227493 9.42664e-05 0.948531 0.999663
mouth (right) real:(483.703,188.638), cal:(468.618,248.754)
0.441741 0.16305 1.14189 0.998933
left shoulder real:(571.162,278.411), cal:(597.33,346.688)
0.0150793 0.142607 1.08376 0.998711
right shoulder real:(347.011,271.76), cal:(341.007,334.402)
0.608177 0.44642 1.10578 0.933035
left elbow real:(672.336,400.005), cal:(697.319,516.989)
-0.175158 0.400485 1.18293 0.953427
right elbow real:(246.222,422.424), cal:(226.72,489.383)
0.374393 0.284276 0.751684 0.9418
left wrist real:(651.237,293.863), cal:(556.87,419.543)
-0.0131108 0.4291 1.01958 0.858589
right wrist real:(325.653,488.048), cal:(324.071,506.58)
0.336532 0.262852 0.644571 0.876102
left pinky real:(667.794,289.894), cal:(534.124,406.668)
0.0321614 0.45136 0.962858 0.838882
right pinky real:(352.538,525.354), cal:(351.269,519.958)
0.320983 0.240148 0.627022 0.889491
left index real:(662.11,273.246), cal:(524.783,393.023)
0.0628459 0.404513 0.956425 0.849089
right index real:(372.317,494.418), cal:(369.704,491.804)
0.326529 0.241704 0.659032 0.878458
left thumb real:(649.818,286.6), cal:(528.115,393.958)
0.0468754 0.408401 0.991913 0.841437
right thumb real:(361.605,484.199), cal:(360.109,494.141)
0.36566 0.666941 1.14095 0.171389
left hip real:(526.066,584.01), cal:(551.623,649.519)
0.0691156 0.596597 1.0452 0.217088
right hip real:(372.564,582.695), cal:(373.47,607.244)
0.357492 1.01345 1.08153 0.0229428
left knee real:(530.929,806.903), cal:(546.717,857.769)
0.0739905 0.899749 1.00105 0.0230056
right knee real:(376.412,788.128), cal:(376.399,789.434)
0.321042 1.44207 1.08145 0.00416777
left ankle real:(510.288,1050), cal:(524.819,1115.36)
0.0334212 1.36514 1.02367 0.00323415
right ankle real:(351.516,1050.14), cal:(352.026,1069.13)
0.318389 1.55874 1.12152 0.00444735
left heel real:(502.488,1083.88), cal:(523.225,1185.48)
0.0095675 1.5045 1.06822 0.00371922
right heel real:(337.281,1095.12), cal:(337.696,1152.88)
0.276885 1.47736 1.00384 0.00613719
left foot index real:(497.644,1133.11), cal:(498.291,1136.57)
0.0955204 1.4345 0.988312 0.00529438
right foot index real:(390.016,1120.85), cal:(389.333,1110.81)
