camera0:
0.786486 0.337466 0.99935 0.7535
0.796344 0.273103 0.99883 0.764
0.805748 0.273007 0.998872 0.772
0.814347 0.272906 0.998509 0.77125
0.757835 0.271439 0.999267 0.7505
0.740894 0.270326 0.999463 0.7575
0.721667 0.269056 0.999465 0.60125
0.807502 0.293811 0.998924 0.7775
0.668806 0.287701 0.999784 0.5295
0.787016 0.394317 0.999349 0.76475
0.74129 0.401061 0.999732 0.75575
0.870423 0.55193 0.997586 0.86975
0.526699 0.5693 0.999431 0.5395
1.08746 0.805679 0.865148 -111
0.385791 0.92593 0.97628 0.586
0.977563 0.510277 0.872188 0
0.565811 0.470405 0.959916 0.5515
0.960791 0.421006 0.788645 0
0.612183 0.36736 0.950543 0.53275
0.935051 0.408263 0.778339 0
0.620828 0.345059 0.951128 0.5315
0.930071 0.445972 0.799424 0
0.613728 0.383919 0.949868 0.5335
0.826648 1.24763 0.194907 -111
0.570252 1.25178 0.245941 -111
0.824446 1.77597 0.0183771 -111
0.583671 1.78898 0.0167635 -111
0.810733 2.24546 0.00453987 -111
0.58583 2.24902 0.00264345 -111
0.802034 2.31766 0.00523538 -111
0.571272 2.31815 0.00303624 -111
0.827927 2.39903 0.00419831 -111
0.648499 2.41157 0.00265789 -111
camera1:
0.24163 0.27798 0.999498 0.722
0.260955 0.214308 0.999197 0.73025
0.280056 0.215605 0.999394 0.7305
0.2985 0.217058 0.99933 0.74
0.218279 0.216427 0.999121 0.7345
0.207446 0.21773 0.999133 0.73525
0.197046 0.219766 0.998938 0.73475
0.336039 0.237089 0.999656 0
0.195985 0.243135 0.999221 0.75175
0.283933 0.336971 0.999729 0.607
0.226624 0.335689 0.999587 0.7295
0.465504 0.499827 0.999165 0.54325
0.103267 0.509213 0.998271 0.836
0.587856 0.855612 0.934943 0.60375
-0.0837076 0.779867 0.650164 -111
0.430719 0.413772 0.958586 0.56775
-0.0730251 0.48995 0.613185 -111
0.398252 0.280622 0.910778 0.82225
-0.0910997 0.400231 0.534146 -111
0.397996 0.24996 0.914041 0.8155
-0.0576944 0.31745 0.55859 -111
0.392835 0.309191 0.912179 0
-0.0486771 0.417748 0.603974 -111
0.413643 1.16953 0.0849924 -111
0.15774 1.17095 0.0797817 -111
0.415855 1.68635 0.00198655 -111
0.167815 1.68888 0.000753413 -111
0.418715 2.13918 6.54526e-05 -111
0.17924 2.13861 2.43937e-05 -111
0.430594 2.21033 8.9185e-05 -111
0.176547 2.20962 4.58578e-05 -111
0.379623 2.29569 8.47698e-05 -111
0.208638 2.30177 7.8755e-05 -111
fused:
0.260335 -0.0381321 0.958009 0.999498
nose real:(503.351,161.984), cal:(488.348,225.78)
0.27515 -0.0868602 0.976806 0.999197
left eye (inner) real:(509.66,131.089), cal:(497.248,196.495)
0.289374 -0.0880554 0.992155 0.999394
left eye real:(515.679,131.044), cal:(505.793,195.777)
0.303225 -0.0892533 1.00814 0.99933
left eye (outer) real:(521.182,130.995), cal:(514.114,195.057)
0.233371 -0.0867522 0.970046 0.999267
right eye (inner) real:(485.015,130.291), cal:(472.149,196.56)
0.21788 -0.0882054 0.979208 0.999463
right eye real:(474.172,129.757), cal:(462.843,195.687)
0.200535 -0.0900502 0.992834 0.999465
right eye (outer) real:(461.867,129.147), cal:(452.422,194.578)
0.318792 -0.081979 1.08411 0.999656
left ear real:(516.801,141.029), cal:(523.467,199.429)
0.157788 -0.0848469 1.07972 0.999784
right ear real:(428.036,138.097), cal:(426.741,197.705)
0.278683 0.00244369 1.02104 0.999729
mouth (left) real:(503.69,189.272), cal:(499.37,250.166)
0.224316 0.00442449 0.998314 0.999732
mouth (right) real:(474.426,192.509), cal:(466.709,251.356)
0.439963 0.14772 1.21162 0.999165
left shoulder real:(557.071,264.926), cal:(596.262,337.475)
-0.00263754 0.149338 1.13249 0.999431
right shoulder real:(337.087,273.264), cal:(330.363,338.447)
0.61001 0.391122 1.03477 0.934943
left elbow real:(695.973,386.726), cal:(698.42,483.756)
-0.140708 0.353673 0.963905 0.97628
right elbow real:(246.906,444.447), cal:(247.415,461.25)
0.450405 0.0846803 0.944424 0.958586
left wrist real:(625.641,244.933), cal:(602.535,299.589)
0.0330871 0.033 0.817736 0.959916
right wrist real:(362.119,225.794), cal:(351.826,268.53)
0.423786 0.00614929 0.920962 0.910778
left pinky real:(614.906,202.083), cal:(586.543,252.393)
0.0690488 -0.0375966 0.76354 0.950543
right pinky real:(391.797,176.333), cal:(373.43,226.102)
0.414474 -0.0115439 0.955493 0.914041
left index real:(598.433,195.966), cal:(580.949,241.759)
0.0790825 -0.0587071 0.786599 0.951128
right index real:(397.33,165.628), cal:(379.458,213.415)
0.409115 0.0233131 0.956305 0.912179
left thumb real:(595.246,214.066), cal:(577.729,262.708)
0.0728298 -0.0189468 0.804067 0.949868
right thumb real:(392.786,184.281), cal:(375.702,237.31)
0.383646 0.72003 1.17914 0.194907
left hip real:(529.054,598.864), cal:(562.429,681.425)
0.0597641 0.676413 1.12147 0.245941
right hip real:(364.961,600.854), cal:(367.852,655.212)
0.393097 1.21577 1.20741 0.0183771
left knee real:(527.645,852.467), cal:(568.107,979.36)
0.0764105 1.12096 1.10392 0.0167635
right knee real:(373.549,858.708), cal:(377.853,922.376)
0.38411 1.70242 1.23401 0.00453987
left ankle real:(518.869,1077.82), cal:(562.707,1271.83)
0.0735745 1.41872 1.02627 0.00264345
right ankle real:(374.931,1079.53), cal:(376.149,1101.33)
0.39677 1.88819 1.31375 0.00523538
left heel real:(513.302,1112.48), cal:(570.313,1383.47)
0.0634209 1.6236 1.12933 0.00303624
right heel real:(365.614,1112.71), cal:(370.049,1224.46)
0.375657 1.71274 1.14006 0.00419831
left foot index real:(529.874,1151.53), cal:(557.629,1278.03)
0.150899 1.65009 1.09097 0.00265789
right foot index real:(415.039,1157.55), cal:(422.603,1240.38)
