camera0:
0.855393 0.348769 0.998942 0.673
0.869591 0.280633 0.998449 0.68925
0.878894 0.280918 0.998235 0.696
0.888133 0.281321 0.997133 0.69625
0.827506 0.274707 0.999278 0.67725
0.807459 0.272196 0.999438 0.67225
0.786586 0.270669 0.99943 0.6735
0.869192 0.293724 0.9974 0.68425
0.730384 0.285955 0.999894 0.686
0.853405 0.404895 0.998483 0.688
0.805444 0.407298 0.999779 0.6765
0.921405 0.536305 0.983972 0.80675
0.559887 0.562465 0.998762 0.74225
0.964038 0.843233 0.332247 0
0.365241 0.862825 0.905231 0.51575
1.00041 0.596765 0.689597 -111
0.44211 1.09247 0.510146 -111
0.988561 0.490273 0.60389 0
0.465164 1.18561 0.408893 -111
0.978279 0.456393 0.594617 0
0.495601 1.14094 0.455742 -111
0.965569 0.497206 0.596314 0
0.490122 1.1128 0.438016 -111
0.863731 1.24218 0.0196354 -111
0.61077 1.24393 0.0199552 -111
0.85487 1.81399 0.00314729 -111
0.599781 1.83329 0.00189127 -111
0.820334 2.34596 0.000208231 -111
0.581572 2.36435 0.000131379 -111
0.807026 2.42222 0.000179721 -111
0.559682 2.44751 0.000237003 -111
0.829024 2.50956 0.000849419 -111
0.652627 2.51732 0.000516878 -111
camera1:
0.196737 0.258153 0.996999 0.636
0.225743 0.185437 0.99159 0.64075
0.248349 0.184693 0.994983 0.64925
0.270058 0.184381 0.993031 0.6435
0.175566 0.188061 0.991845 0.6485
0.163331 0.189643 0.994525 0.6455
0.150674 0.191429 0.992343 0.646
0.310581 0.199844 0.99686 0.673
0.15378 0.207607 0.993361 0.65825
0.24301 0.317645 0.996835 0.654
0.181041 0.321224 0.995642 0.642
0.45068 0.485792 0.996491 0.75025
0.0632691 0.49223 0.98906 0.77975
0.549997 0.885053 0.790286 0.50925
-0.00812498 0.89566 0.379524 -111
0.21448 0.916321 0.666209 0
0.109369 0.865001 0.33152 0
0.113357 0.962816 0.513937 0
0.124848 0.886827 0.290253 0
0.0994478 0.899612 0.574406 0
0.139214 0.834788 0.340711 0
0.128695 0.889901 0.534147 0
0.144836 0.833571 0.30802 0
0.387115 1.22305 0.0120231 -111
0.101044 1.21284 0.0105234 -111
0.370989 1.80622 0.014155 -111
0.123886 1.78854 0.00669343 -111
0.350327 2.34787 0.000381209 -111
0.109648 2.32885 0.000205184 -111
0.36548 2.43417 0.000423755 -111
0.107854 2.42056 0.000228366 -111
0.281956 2.51953 0.000519247 -111
0.118692 2.49753 0.000774755 -111
fused:
0.281017 -0.0290001 0.812747 0.998942
nose real:(547.451,167.409), cal:(500.773,231.268)
0.300234 -0.0751862 0.832519 0.998449
left eye (inner) real:(556.538,134.704), cal:(512.318,203.511)
0.314109 -0.0768386 0.847539 0.998235
left eye real:(562.492,134.84), cal:(520.653,202.518)
0.328057 -0.078585 0.862047 0.997133
left eye (outer) real:(568.405,135.034), cal:(529.033,201.469)
0.259828 -0.0758907 0.823716 0.999278
right eye (inner) real:(529.604,131.859), cal:(488.044,203.088)
0.244646 -0.0774961 0.832266 0.999438
right eye real:(516.774,130.654), cal:(478.923,202.123)
0.228577 -0.0791961 0.841285 0.99943
right eye (outer) real:(503.415,129.921), cal:(469.269,201.101)
0.338508 -0.0787853 0.938253 0.9974
left ear real:(556.283,140.988), cal:(535.312,201.348)
0.193886 -0.0789446 0.912348 0.999894
right ear real:(467.446,137.258), cal:(448.428,201.252)
0.297859 0.00518774 0.865224 0.998483
mouth (left) real:(546.179,194.35), cal:(510.891,251.815)
0.24821 0.00689991 0.846627 0.999779
mouth (right) real:(515.484,195.503), cal:(481.064,252.844)
0.447526 0.124481 1.07428 0.996491
left shoulder real:(589.7,257.427), cal:(600.805,323.508)
0.0328416 0.125661 0.995213 0.998762
right shoulder real:(358.328,269.983), cal:(351.678,324.217)
0.541201 0.586731 1.20116 0.790286
left elbow real:(616.984,404.752), cal:(657.082,601.314)
-0.202347 0.376717 1.2084 0.905231
right elbow real:(233.754,414.156), cal:(210.385,475.099)
0.346297 0.22415 0.714384 0.689597
left wrist real:(640.263,286.447), cal:(539.991,383.408)
-0.104604 0.598929 1.25148 0.510146
right wrist real:(282.951,524.387), cal:(269.106,608.645)
0.308002 0.164918 0.657056 0.60389
left pinky real:(632.679,235.331), cal:(516.985,347.81)
-0.0700541 0.655942 1.21194 0.408893
right pinky real:(297.705,569.094), cal:(289.862,642.909)
0.295915 0.165589 0.651288 0.594617
left index real:(626.099,219.069), cal:(509.723,348.214)
-0.0297149 0.594922 1.18333 0.455742
right index real:(317.184,547.653), cal:(314.096,606.237)
0.302828 0.165493 0.679423 0.596314
left thumb real:(617.964,238.659), cal:(513.876,348.156)
-0.0383384 0.591472 1.21934 0.438016
right thumb real:(313.678,534.145), cal:(308.916,604.163)
0.38242 0.677567 1.0576 0.0196354
left hip real:(552.788,596.248), cal:(561.692,655.905)
0.0885439 0.597855 0.948955 0.0199552
right hip real:(390.893,597.085), cal:(385.142,608)
0.330314 1.44199 0.987043 0.014155
left knee real:(547.117,870.716), cal:(530.389,1115.31)
0.0577955 1.32879 0.905455 0.00669343
right knee real:(383.86,879.98), cal:(366.669,1047.28)
0.317054 1.92627 1.03211 0.000381209
left ankle real:(525.014,1126.06), cal:(522.423,1406.36)
0.0499172 1.69475 0.923647 0.000205184
right ankle real:(372.206,1134.89), cal:(361.936,1267.22)
0.313217 2.17658 1.06686 0.000423755
left heel real:(516.496,1162.67), cal:(520.118,1556.79)
0.0352047 1.74574 0.997447 0.000237003
right heel real:(358.196,1174.8), cal:(353.098,1297.86)
0.313549 1.63309 0.961877 0.000849419
left foot index real:(530.576,1204.59), cal:(520.317,1230.16)
0.112224 1.6878 0.852654 0.000774755
right foot index real:(417.681,1208.31), cal:(399.368,1263.04)
