camera0:
0.853042 0.348411 0.998767 0.67175
0.868905 0.281121 0.998167 0.687
0.878286 0.281132 0.997902 0.686
0.887704 0.281289 0.996576 0.58975
0.825262 0.275129 0.999173 0.67175
0.804965 0.272884 0.999368 0.67375
0.784226 0.271508 0.999374 0.67575
0.86952 0.293488 0.996844 0.6795
0.72872 0.286102 0.999882 0.68925
0.852057 0.405765 0.998195 0.6885
0.804252 0.407817 0.999749 0.68225
0.919977 0.532703 0.981049 0.8085
0.556838 0.567837 0.998656 0.742
0.97556 0.832474 0.308637 0
0.35408 0.889316 0.916235 0
0.992922 0.611404 0.639202 0.7655
0.50294 1.0771 0.527831 -111
0.989765 0.501407 0.549731 0
0.549971 1.16509 0.417211 -111
0.979134 0.468818 0.540699 0
0.583035 1.10188 0.463126 -111
0.96435 0.499104 0.544819 0
0.56678 1.07618 0.444658 -111
0.858172 1.24733 0.0211025 -111
0.604451 1.25404 0.0217923 -111
0.849317 1.80996 0.00380032 -111
0.59766 1.8431 0.00228204 -111
0.822679 2.3383 0.000259268 -111
0.585076 2.37767 0.000167056 -111
0.807746 2.41974 0.000226323 -111
0.555973 2.46554 0.000290889 -111
0.849641 2.50051 0.000996598 -111
0.685337 2.53183 0.000620418 -111
camera1:
0.198756 0.261496 0.996986 0.63375
0.227875 0.188804 0.991625 0.64
0.249684 0.187797 0.994965 0.6425
0.270609 0.186962 0.993116 0.65
0.177877 0.192015 0.991912 0.65175
0.16584 0.193757 0.994534 0.6515
0.153576 0.195751 0.992425 0.65575
0.310572 0.201911 0.996878 0.6665
0.156996 0.210861 0.993385 0.65625
0.244364 0.31946 0.996822 0.65975
0.181902 0.323493 0.995643 0.644
0.4523 0.483453 0.9964 0.75475
0.062638 0.48866 0.988398 0.78125
0.546135 0.879124 0.808195 0.51125
-0.00283271 0.877204 0.383757 -111
0.197816 0.913525 0.683428 0
0.206256 0.882982 0.334592 0
0.111183 0.959649 0.531554 0
0.267449 0.88834 0.29264 0
0.0818597 0.904095 0.589869 0
0.271618 0.828052 0.341553 0
0.112774 0.891713 0.550074 0
0.25897 0.820782 0.309494 0
0.380677 1.21295 0.0141322 -111
0.0971103 1.20536 0.0125327 -111
0.368344 1.76496 0.0160997 -111
0.100863 1.73879 0.00775533 -111
0.346862 2.29658 0.000418409 -111
0.105903 2.28701 0.000241517 -111
0.35215 2.37846 0.000473923 -111
0.10576 2.37828 0.000265176 -111
0.290665 2.47996 0.000579768 -111
0.125673 2.45643 0.000891327 -111
fused:
0.280558 -0.0284563 0.817684 0.998767
nose real:(545.947,167.237), cal:(500.497,231.595)
0.300724 -0.0743705 0.835845 0.998167
left eye (inner) real:(556.099,134.938), cal:(512.612,204.001)
0.314357 -0.0760541 0.849988 0.997902
left eye real:(562.103,134.943), cal:(520.802,202.99)
0.328075 -0.0778679 0.863424 0.996576
left eye (outer) real:(568.13,135.018), cal:(529.044,201.9)
0.259379 -0.0752142 0.828919 0.999173
right eye (inner) real:(528.168,132.062), cal:(487.774,203.494)
0.244023 -0.076762 0.83806 0.999368
right eye real:(515.178,130.984), cal:(478.549,202.564)
0.228036 -0.0783829 0.84751 0.999374
right eye (outer) real:(501.905,130.324), cal:(468.944,201.59)
0.338635 -0.0780276 0.938024 0.996878
left ear real:(556.492,140.874), cal:(535.388,201.803)
0.193616 -0.0786129 0.919224 0.999882
right ear real:(466.381,137.329), cal:(448.265,201.452)
0.297731 0.00597611 0.868524 0.998195
mouth (left) real:(545.316,194.767), cal:(510.814,252.289)
0.247807 0.007722 0.849107 0.999749
mouth (right) real:(514.722,195.752), cal:(480.821,253.338)
0.448275 0.122771 1.08026 0.9964
left shoulder real:(588.785,255.697), cal:(601.256,322.481)
0.0301137 0.126606 0.997437 0.998656
right shoulder real:(356.376,272.562), cal:(350.039,324.785)
0.538335 0.573233 1.16613 0.808195
left elbow real:(624.358,399.587), cal:(655.36,593.202)
-0.220626 0.40467 1.23419 0.916235
right elbow real:(226.611,426.872), cal:(199.404,491.898)
0.333954 0.242822 0.703119 0.683428
left wrist real:(635.47,293.474), cal:(532.576,394.63)
-0.0268503 0.658241 1.40061 0.527831
right wrist real:(321.881,517.007), cal:(315.817,644.291)
0.303966 0.192122 0.651384 0.549731
left pinky real:(633.45,240.675), cal:(514.56,364.16)
0.046653 0.753269 1.43468 0.417211
right pinky real:(351.982,559.241), cal:(359.975,701.401)
0.287093 0.190357 0.635273 0.589869
left index real:(626.646,225.032), cal:(504.423,363.099)
0.0915655 0.642204 1.35265 0.463126
right index real:(373.142,528.901), cal:(386.957,634.653)
0.293603 0.186622 0.665966 0.550074
left thumb real:(617.184,239.57), cal:(508.334,360.854)
0.0683892 0.625212 1.36672 0.444658
right thumb real:(362.739,516.567), cal:(373.034,624.441)
0.373296 0.683856 1.05111 0.0211025
left hip real:(549.23,598.721), cal:(556.211,659.685)
0.0815851 0.608751 0.946943 0.0217923
right hip real:(386.849,601.94), cal:(380.961,614.548)
0.327169 1.40053 0.990632 0.0160997
left knee real:(543.563,868.779), cal:(528.499,1090.4)
0.0554849 1.2368 0.870866 0.00775533
right knee real:(382.502,884.687), cal:(365.281,991.994)
0.318509 1.83282 1.02455 0.000418409
left ankle real:(526.514,1122.38), cal:(523.297,1350.2)
0.053886 1.63308 0.912043 0.000241517
right ankle real:(374.449,1141.28), cal:(364.321,1230.16)
0.306486 2.03576 1.04013 0.000473923
left heel real:(516.957,1161.47), cal:(516.074,1472.16)
0.0321635 1.71521 0.990122 0.000290889
right heel real:(355.823,1183.46), cal:(351.271,1279.51)
0.327974 1.57863 0.941307 0.000996598
left foot index real:(543.77,1200.25), cal:(528.983,1197.43)
0.137731 1.60378 0.823838 0.000891327
right foot index real:(438.616,1215.28), cal:(414.692,1212.55)
