camera0:
0.763762 0.347974 0.9914 0.81575
0.764573 0.290915 0.986914 0.80525
0.770225 0.289962 0.983183 0.80525
0.774729 0.289058 0.979776 0
0.733835 0.291005 0.994183 0.8025
0.717846 0.290668 0.995206 0.78525
0.700147 0.291214 0.996229 0.799
0.75173 0.307884 0.975578 0.813
0.649474 0.314693 0.998501 0.80675
0.761053 0.396887 0.994675 0
0.728492 0.409117 0.998768 0.79125
0.812395 0.552738 0.983453 0.931
0.519789 0.586326 0.998795 0.83875
0.949366 0.802117 0.377154 0.828
0.358198 0.929918 0.982104 0.57625
0.938415 0.734226 0.321375 0.8275
0.644902 0.914718 0.781391 0.4995
0.946365 0.722698 0.297942 0.833
0.731772 0.91029 0.664492 0
0.918021 0.698851 0.309117 0.855
0.75616 0.838043 0.697051 0
0.90376 0.717391 0.302795 0.86525
0.730457 0.847747 0.680816 0
0.76203 1.19533 0.0206204 -111
0.55264 1.22518 0.0244999 -111
0.848378 1.59633 0.0192346 -111
0.650604 1.53353 0.0268435 -111
0.807539 2.11878 0.00147328 -111
0.64635 2.15065 0.00156452 -111
0.775274 2.19643 0.0012406 -111
0.597878 2.26517 0.00255431 -111
0.876158 2.27053 0.00598283 -111
0.784846 2.26942 0.00388606 -111
camera1:
0.218331 0.305077 0.997295 0.78825
0.242619 0.249782 0.995859 0.77475
0.260756 0.249661 0.996983 0.7905
0.279713 0.250153 0.996674 0.7905
0.207729 0.248478 0.994428 0.7825
0.19926 0.247444 0.994828 0.79825
0.190641 0.246939 0.992933 0.826
0.322214 0.262117 0.998845 0.802
0.205068 0.260108 0.994816 0.793
0.257085 0.356622 0.999218 0.77775
0.211515 0.360135 0.997865 0.781
0.455735 0.516666 0.998421 0.8665
0.13811 0.506254 0.993845 0.895
0.562288 0.858489 0.945281 0.61525
-0.0218194 0.727255 0.387985 -111
0.236332 0.868969 0.80715 0
-0.0987935 0.696327 0.356672 -111
0.139022 0.884555 0.625016 0
-0.133933 0.706611 0.325404 -111
0.129156 0.820598 0.666877 0
-0.118499 0.681551 0.34726 -111
0.156509 0.812938 0.642966 0
-0.0974098 0.684575 0.374471 -111
0.418565 1.12832 0.0708067 -111
0.183501 1.11089 0.0772533 -111
0.382746 1.63013 0.00325594 -111
0.146084 1.60398 0.00109499 -111
0.375504 2.10053 0.000117973 -111
0.159729 2.08625 5.25752e-05 -111
0.390712 2.18008 0.000140993 -111
0.166001 2.16205 0.000104644 -111
0.320394 2.22821 0.000114088 -111
0.157991 2.22329 0.000191536 -111
fused:
0.236263 -0.0240361 0.957231 0.997295
nose real:(488.808,167.027), cal:(473.886,234.252)
0.246706 -0.0689576 0.997868 0.995859
left eye (inner) real:(489.326,139.639), cal:(480.16,207.254)
0.257937 -0.0708741 1.01867 0.996983
left eye real:(492.944,139.182), cal:(486.907,206.103)
0.269266 -0.0731705 1.04376 0.996674
left eye (outer) real:(495.827,138.748), cal:(493.713,204.723)
0.212596 -0.0701908 0.989988 0.994428
right eye (inner) real:(469.654,139.682), cal:(459.668,206.513)
0.19813 -0.0723386 1.00138 0.995206
right eye real:(459.421,139.521), cal:(450.977,205.222)
0.181983 -0.0745211 1.01543 0.996229
right eye (outer) real:(448.094,139.783), cal:(441.277,203.911)
0.274218 -0.0725294 1.16965 0.998845
left ear real:(481.107,147.784), cal:(496.688,205.108)
0.143174 -0.0723669 1.1315 0.998501
right ear real:(415.664,151.052), cal:(417.962,205.205)
0.24948 0.0112936 1.02036 0.999218
mouth (left) real:(487.074,190.506), cal:(481.827,255.484)
0.209317 0.0168199 0.995014 0.998768
mouth (right) real:(466.235,196.376), cal:(457.698,258.806)
0.403672 0.169964 1.34172 0.998421
left shoulder real:(519.933,265.314), cal:(574.46,350.843)
-0.0103054 0.165343 1.22611 0.998795
right shoulder real:(332.665,281.436), cal:(325.757,348.066)
0.551569 0.59143 1.27178 0.945281
left elbow real:(607.594,385.016), cal:(663.311,604.138)
-0.194151 0.383032 1.12809 0.982104
right elbow real:(229.246,446.361), cal:(215.309,478.894)
0.313504 0.384302 0.759613 0.80715
left wrist real:(600.586,352.428), cal:(520.29,479.657)
0.089971 0.22757 0.679231 0.781391
right wrist real:(412.737,439.065), cal:(385.999,385.463)
0.281229 0.337995 0.669132 0.625016
left pinky real:(605.674,346.895), cal:(500.9,451.827)
0.134463 0.202992 0.599684 0.664492
right pinky real:(468.334,436.939), cal:(412.729,370.692)
0.267106 0.313551 0.681224 0.666877
left index real:(587.533,335.448), cal:(492.416,437.137)
0.150021 0.173405 0.601765 0.697051
right index real:(483.942,402.261), cal:(422.075,352.911)
0.270925 0.32262 0.714328 0.642966
left thumb real:(578.407,344.348), cal:(494.71,442.587)
0.13956 0.188417 0.629842 0.680816
right thumb real:(467.492,406.919), cal:(415.79,361.933)
0.320652 0.985643 1.33001 0.0708067
left hip real:(487.699,573.759), cal:(524.584,841.055)
0.0231819 0.878213 1.17325 0.0772533
right hip real:(353.689,588.087), cal:(345.875,776.49)
0.386838 0.958412 1.10334 0.0192346
left knee real:(542.962,766.239), cal:(564.346,824.689)
0.138799 0.801612 0.987827 0.0268435
right knee real:(416.386,736.094), cal:(415.333,730.455)
0.365993 1.52308 1.18974 0.00147328
left ankle real:(516.825,1017.01), cal:(551.823,1164.04)
0.135038 1.2949 0.992885 0.00156452
right ankle real:(413.664,1032.31), cal:(413.074,1026.92)
0.362321 1.78279 1.32645 0.0012406
left heel real:(496.175,1054.29), cal:(549.617,1320.13)
0.0912811 1.51021 1.08199 0.00255431
right heel real:(382.642,1087.28), cal:(386.786,1156.31)
0.360258 1.32405 0.945937 0.00598283
left foot index real:(560.741,1089.85), cal:(548.378,1044.43)
0.231961 1.14497 0.818147 0.00388606
right foot index real:(502.301,1089.32), cal:(471.302,936.808)
