camera0:
0.855249 0.268671 0.985914 0.621
0.871302 0.20745 0.97818 0.64725
0.88514 0.210024 0.971246 0.6455
0.896851 0.212338 0.965662 0.652
0.826496 0.201054 0.990522 0.644
0.806133 0.200448 0.991986 0.64575
0.783352 0.201139 0.993677 0.64725
0.892183 0.231798 0.958207 0.65325
0.729873 0.229122 0.997526 0.665
0.869606 0.336811 0.992853 0.6455
0.815653 0.332084 0.998179 0.64125
0.971777 0.553518 0.982655 0.7895
0.583477 0.530201 0.998921 0.70825
1.11093 0.900056 0.243444 -111
0.357253 0.895905 0.979147 0
1.07396 1.01436 0.0507472 -111
0.370831 1.21616 0.610038 -111
1.07918 1.06469 0.0414192 -111
0.364675 1.33265 0.416383 -111
1.05966 1.03929 0.0512625 -111
0.413427 1.30282 0.472652 -111
1.0461 1.0291 0.0531454 -111
0.419715 1.26522 0.455561 -111
0.897819 1.30966 0.00740332 -111
0.626231 1.30688 0.010145 -111
0.884308 1.91065 0.00869382 -111
0.639491 1.92051 0.014543 -111
0.860629 2.4557 0.00077257 -111
0.615089 2.47011 0.00115127 -111
0.852465 2.54648 0.000327585 -111
0.576743 2.55328 0.00300092 -111
0.883133 2.61756 0.00149101 -111
0.725105 2.65942 0.0022244 -111
camera1:
0.221129 0.237643 0.995632 0.74325
0.248344 0.180419 0.993258 0.749
0.268823 0.18198 0.995129 0.75525
0.290774 0.184355 0.994614 0.7505
0.209498 0.175577 0.990674 0.75825
0.199499 0.174033 0.991441 0.7685
0.189725 0.172395 0.988261 0.787
0.337858 0.214776 0.998251 0.77725
0.202349 0.198012 0.991464 0.77075
0.256678 0.298654 0.998887 0.75175
0.209078 0.296379 0.996846 0.77375
0.466356 0.503742 0.997773 0.8345
0.116499 0.476605 0.990015 0.85475
0.565586 0.877017 0.928021 0.62225
-0.0230703 0.728176 0.174505 -111
0.230456 0.892914 0.679746 0
-0.0793673 0.807231 0.066856 -111
0.133526 0.913383 0.405369 0.78175
-0.111797 0.861659 0.0609962 -111
0.110388 0.855682 0.469456 0.4985
-0.0916513 0.837279 0.0824485 -111
0.141568 0.835473 0.444928 0
-0.075605 0.820946 0.109035 -111
0.410328 1.1252 0.0136542 -111
0.160285 1.11066 0.0136646 -111
0.395942 1.62724 0.00332189 -111
0.148091 1.60031 0.000757804 -111
0.395632 2.0779 4.53503e-05 -111
0.16124 2.05391 3.41639e-05 -111
0.407687 2.15647 5.72652e-05 -111
0.162645 2.13131 6.63031e-05 -111
0.345711 2.22578 5.56014e-05 -111
0.186534 2.20868 0.000123478 -111
fused:
0.290282 -0.0625974 0.848769 0.995632
nose real:(547.359,128.962), cal:(506.339,211.077)
0.310073 -0.102051 0.865702 0.993258
left eye (inner) real:(557.633,99.5762), cal:(518.228,187.366)
0.325655 -0.100694 0.873426 0.995129
left eye real:(566.49,100.811), cal:(527.59,188.181)
0.341282 -0.100229 0.885782 0.994614
left eye (outer) real:(573.985,101.922), cal:(536.978,188.461)
0.271324 -0.109481 0.873103 0.990674
right eye (inner) real:(528.957,96.5058), cal:(494.949,182.9)
0.256184 -0.112825 0.885609 0.991986
right eye real:(515.925,96.2152), cal:(485.854,180.891)
0.239286 -0.116883 0.901651 0.993677
right eye (outer) real:(501.345,96.5467), cal:(475.702,178.452)
0.363124 -0.0915995 0.95507 0.998251
left ear real:(570.997,111.263), cal:(550.1,193.647)
0.208148 -0.113586 0.99359 0.997526
right ear real:(467.119,109.979), cal:(456.996,180.433)
0.31189 -0.0226159 0.870109 0.998887
mouth (left) real:(556.548,161.669), cal:(519.32,235.105)
0.264128 -0.0270946 0.877116 0.998179
mouth (right) real:(522.018,159.4), cal:(490.627,232.414)
0.475986 0.134066 1.01283 0.997773
left shoulder real:(621.937,265.688), cal:(617.903,329.269)
0.060756 0.111318 1.05762 0.998921
right shoulder real:(373.425,254.497), cal:(368.448,315.598)
0.575897 0.497862 0.946995 0.928021
left elbow real:(710.994,432.027), cal:(677.926,547.905)
-0.196689 0.347962 1.14158 0.979147
right elbow real:(228.642,430.034), cal:(213.784,457.817)
0.359241 0.384653 0.629849 0.679746
left wrist real:(687.332,486.895), cal:(547.767,479.868)
-0.145773 0.515825 0.925767 0.610038
right wrist real:(237.332,583.755), cal:(244.373,558.701)
0.324917 0.364077 0.56335 0.405369
left pinky real:(690.677,511.051), cal:(527.146,467.502)
-0.141589 0.560922 0.863585 0.416383
right pinky real:(233.392,639.67), cal:(246.886,585.803)
0.313085 0.334024 0.560632 0.469456
left index real:(678.183,498.86), cal:(520.038,449.441)
-0.0940896 0.525396 0.840254 0.472652
right index real:(264.593,625.355), cal:(275.422,564.453)
0.319927 0.334525 0.586455 0.444928
left thumb real:(669.507,493.967), cal:(524.148,449.742)
-0.0906331 0.51212 0.861568 0.455561
right thumb real:(268.618,607.304), cal:(277.499,556.474)
0.395594 0.737001 1.00281 0.0136542
left hip real:(574.604,628.638), cal:(569.607,691.624)
0.105232 0.706639 0.986347 0.0136646
right hip real:(400.788,627.302), cal:(395.167,673.377)
0.387378 1.12253 0.997029 0.00869382
left knee real:(565.957,917.114), cal:(564.671,923.324)
0.118459 1.03124 0.920473 0.014543
right knee real:(409.274,921.843), cal:(403.114,868.461)
0.379542 1.61282 1.04191 0.00077257
left ankle real:(550.803,1178.74), cal:(559.963,1217.98)
0.0985687 1.49614 0.959599 0.00115127
right ankle real:(393.657,1185.65), cal:(391.165,1147.86)
0.386219 1.76456 1.08666 0.000327585
left heel real:(545.577,1222.31), cal:(563.974,1309.17)
0.0630885 1.6567 1.01919 0.00300092
right heel real:(369.116,1225.58), cal:(369.849,1244.35)
0.357302 1.54328 0.920265 0.00149101
left foot index real:(565.205,1256.43), cal:(546.602,1176.19)
0.188315 1.46493 0.856361 0.0022244
right foot index real:(464.067,1276.52), cal:(445.081,1129.1)
