camera0:
0.762078 0.360146 0.988509 0.745
0.75895 0.293333 0.982203 0.82425
0.764358 0.290622 0.976589 0
0.769069 0.288028 0.972035 0
0.726419 0.299131 0.992256 0.76775
0.70948 0.301209 0.993462 0.78825
0.691638 0.303684 0.994838 0.79325
0.744224 0.304124 0.965988 0.76825
0.648253 0.319629 0.997982 0.79825
0.767247 0.405521 0.994111 0.7065
0.723843 0.416306 0.998503 0.74275
0.823948 0.538032 0.985351 0.75075
0.511959 0.581616 0.999036 0.838
1.02956 0.74502 0.359661 -111
0.345634 0.936651 0.980806 0.60375
0.934902 0.527359 0.217667 0
0.662734 0.925799 0.679699 0.49225
0.92746 0.444889 0.197156 0
0.746087 0.918386 0.51617 0
0.880798 0.434203 0.20397 0
0.766105 0.863588 0.562554 0
0.878439 0.466629 0.203642 0
0.748415 0.862785 0.546025 0
0.77189 1.20307 0.018165 -111
0.549824 1.21671 0.021623 -111
0.800235 1.75463 0.0101216 -111
0.589492 1.76243 0.0155492 -111
0.786619 2.29507 0.000865803 -111
0.579931 2.31639 0.00122109 -111
0.767288 2.37108 0.000496264 -111
0.547768 2.40525 0.00273739 -111
0.842239 2.44566 0.00242859 -111
0.664696 2.43972 0.00257572 -111
camera1:
0.232842 0.29718 0.99624 0.73875
0.25589 0.245798 0.99426 0.78075
0.272105 0.244481 0.99582 0.78775
0.288132 0.2438 0.995418 0.78475
0.217362 0.248834 0.992163 0.75425
0.206651 0.24868 0.992736 0.755
0.196273 0.248172 0.990124 0.793
0.317625 0.253074 0.998428 0.80025
0.198239 0.25587 0.992801 0.79225
0.270176 0.336807 0.998988 0.78625
0.217038 0.34699 0.997264 0.69125
0.433645 0.49492 0.998009 0.86625
0.117974 0.505109 0.991754 0.89525
0.490293 0.824919 0.938613 0.639
-0.0232699 0.750383 0.321816 -111
0.269134 0.478581 0.739441 0.65975
0.00638048 0.51304 0.233636 0
0.228001 0.395944 0.513818 0.682
-0.000559232 0.458417 0.212272 -111
0.237289 0.351405 0.565095 0.7035
0.0107882 0.429095 0.227361 0
0.244592 0.391074 0.545031 0.697
0.0275569 0.457974 0.254124 0
0.398163 1.12192 0.0909084 -111
0.162546 1.11982 0.0970471 -111
0.406466 1.6089 0.00337369 -111
0.16908 1.61598 0.00110916 -111
0.41925 2.05657 0.000116676 -111
0.190078 2.06735 5.37578e-05 -111
0.433219 2.11071 0.000146091 -111
0.189331 2.12249 0.000103867 -111
0.379191 2.21021 0.000104169 -111
0.219764 2.22333 0.000180098 -111
fused:
0.241022 -0.0238132 0.979047 0.99624
nose real:(487.73,172.87), cal:(476.746,234.386)
0.248494 -0.0725977 1.02815 0.99426
left eye (inner) real:(485.728,140.8), cal:(481.234,205.067)
0.259047 -0.0753014 1.0474 0.99582
left eye real:(489.189,139.499), cal:(487.574,203.442)
0.26946 -0.0782256 1.06829 0.995418
left eye (outer) real:(492.204,138.253), cal:(493.83,201.685)
0.210789 -0.0699275 1.01615 0.992256
right eye (inner) real:(464.908,143.583), cal:(458.582,206.672)
0.194467 -0.0705939 1.02553 0.993462
right eye real:(454.067,144.58), cal:(448.777,206.271)
0.177272 -0.0718082 1.03704 0.994838
right eye (outer) real:(442.648,145.768), cal:(438.447,205.541)
0.266354 -0.0780491 1.17537 0.998428
left ear real:(476.303,145.98), cal:(491.964,201.791)
0.140529 -0.0710348 1.11802 0.997982
right ear real:(414.882,153.422), cal:(416.373,206.006)
0.259724 0.00659075 1.02844 0.998988
mouth (left) real:(491.038,194.65), cal:(487.981,252.658)
0.208315 0.0140617 1.00877 0.998503
mouth (right) real:(463.26,199.827), cal:(457.096,257.148)
0.39133 0.142905 1.24958 0.998009
left shoulder real:(527.327,258.255), cal:(567.045,334.581)
-0.0202822 0.158886 1.19452 0.999036
right shoulder real:(327.654,279.176), cal:(319.763,344.185)
0.498476 0.43939 0.967539 0.938613
left elbow real:(658.92,357.61), cal:(631.414,512.764)
-0.213755 0.395666 1.15373 0.980806
right elbow real:(221.206,449.593), cal:(203.532,486.487)
0.333827 0.170186 0.79659 0.739441
left wrist real:(598.337,253.132), cal:(532.499,350.976)
0.114628 0.238567 0.744173 0.679699
right wrist real:(424.15,444.384), cal:(400.812,392.073)
0.315237 0.107685 0.766478 0.513818
left pinky real:(593.574,213.547), cal:(521.331,313.414)
0.163206 0.207073 0.670306 0.51617
right pinky real:(477.496,440.825), cal:(429.996,373.145)
0.299567 0.0865198 0.82172 0.565095
left index real:(563.711,208.418), cal:(511.917,300.694)
0.1772 0.179324 0.669853 0.562554
right index real:(490.307,414.522), cal:(438.404,356.468)
0.300976 0.110902 0.831371 0.545031
left thumb real:(562.201,223.982), cal:(512.763,315.348)
0.171602 0.187311 0.698772 0.546025
right thumb real:(478.986,414.137), cal:(435.04,361.268)
0.310998 0.932008 1.23805 0.0909084
left hip real:(494.01,577.472), cal:(518.784,808.821)
0.0159672 0.869953 1.12477 0.0970471
right hip real:(351.887,584.021), cal:(341.541,771.527)
0.363547 1.22253 1.21728 0.0101216
left knee real:(512.151,842.224), cal:(550.354,983.422)
0.0816017 1.07682 1.08254 0.0155492
right knee real:(377.275,845.966), cal:(380.971,895.852)
0.371232 1.85073 1.30128 0.000865803
left ankle real:(503.436,1101.63), cal:(554.971,1360.96)
0.07366 1.62172 1.12885 0.00122109
right ankle real:(371.156,1111.87), cal:(376.2,1223.33)
0.370949 2.09742 1.40437 0.000496264
left heel real:(491.064,1138.12), cal:(554.801,1509.22)
0.0367932 1.78857 1.18648 0.00273739
right heel real:(350.571,1154.52), cal:(354.052,1323.61)
0.373031 1.66646 1.08222 0.00242859
left foot index real:(539.033,1173.91), cal:(556.052,1250.22)
0.164165 1.62127 1.05564 0.00257572
right foot index real:(425.405,1171.07), cal:(430.572,1223.06)
