camera0:
0.8231 0.326458 0.995434 0.70625
0.834595 0.262249 0.986671 0.72025
0.843688 0.262592 0.985667 0.72725
0.851707 0.262987 0.975057 0
0.79497 0.259155 0.994953 0.6825
0.776586 0.258025 0.996507 0.697
0.755527 0.256683 0.996443 0.7075
0.830234 0.281799 0.974286 0.7135
0.696513 0.27514 0.999404 0.71525
0.824256 0.385813 0.995529 0.7155
0.781618 0.389171 0.999349 0.7015
0.861284 0.554644 0.989816 0.84025
0.546283 0.561872 0.999417 0.75375
0.926103 0.865246 0.162927 0.7885
0.325696 0.946325 0.940548 0.50275
0.946272 0.644378 0.0835193 0.79775
0.520538 0.966395 0.456565 0
0.944163 0.579118 0.0767252 0.821
0.564772 1.04852 0.283988 -111
0.93227 0.515458 0.0801551 0
0.59725 0.979983 0.314015 0
0.906844 0.580037 0.0825864 0.81175
0.592258 0.941506 0.333392 0
0.763703 1.26887 0.00735585 -111
0.544616 1.26607 0.0112174 -111
0.768275 1.83437 0.00114069 -111
0.552467 1.85111 0.00165411 -111
0.738079 2.35709 8.81101e-05 -111
0.535952 2.37893 0.000110086 -111
0.71687 2.44056 6.59687e-05 -111
0.493945 2.46275 0.000156435 -111
0.809014 2.51075 0.000671129 -111
0.655698 2.53224 0.000444835 -111
camera1:
0.187012 0.255748 0.994902 0.6605
0.215241 0.182358 0.992135 0.682
0.235479 0.181537 0.994535 0.69
0.255182 0.180763 0.99428 0.687
0.172875 0.183647 0.990072 0.6815
0.163696 0.183663 0.990855 0.6845
0.154761 0.183532 0.987697 0.6865
0.297883 0.198006 0.99764 0.698
0.165211 0.202705 0.98953 0.68175
0.232782 0.31278 0.99786 0.68775
0.178785 0.320002 0.993739 0.68025
0.455943 0.518864 0.995792 0.76675
0.0779914 0.49591 0.983167 0.799
0.554475 0.894238 0.76128 0.531
-0.0635026 0.796495 0.143627 -111
0.185152 0.948265 0.635965 0
0.0562181 0.896032 0.109306 0
0.0942724 0.969776 0.429794 0
0.0702144 0.961217 0.105151 0
0.0650714 0.899921 0.4947 0
0.103593 0.928582 0.141025 0
0.094344 0.895473 0.44676 0
0.0927741 0.893681 0.138219 0
0.410457 1.32925 0.00299971 -111
0.12336 1.32489 0.00279684 -111
0.416244 1.95634 0.00670468 -111
0.165948 1.92968 0.00338729 -111
0.442794 2.55405 0.000429457 -111
0.208522 2.52141 0.000132739 -111
0.457899 2.64715 0.000274928 -111
0.213434 2.61105 0.000301252 -111
0.40161 2.72091 0.000337457 -111
0.232239 2.69139 0.000662639 -111
fused:
0.260633 -0.0393135 0.83951 0.995434
nose real:(526.784,156.7), cal:(488.527,225.07)
0.278195 -0.0856728 0.862403 0.992135
left eye (inner) real:(534.141,125.879), cal:(499.077,197.209)
0.291097 -0.0872381 0.875931 0.994535
left eye real:(539.96,126.044), cal:(506.829,196.268)
0.303512 -0.0883386 0.890432 0.99428
left eye (outer) real:(545.093,126.234), cal:(514.287,195.607)
0.240787 -0.0874245 0.858781 0.994953
right eye (inner) real:(508.781,124.394), cal:(476.604,196.156)
0.226836 -0.0897557 0.869527 0.996507
right eye real:(497.015,123.852), cal:(468.223,194.755)
0.210927 -0.0930342 0.884139 0.996443
right eye (outer) real:(483.537,123.208), cal:(458.665,192.785)
0.31184 -0.0873746 0.978385 0.99764
left ear real:(531.35,135.263), cal:(519.29,196.186)
0.172682 -0.0939487 0.978248 0.999404
right ear real:(445.769,132.067), cal:(435.689,192.235)
0.278266 -0.00390201 0.890312 0.99786
mouth (left) real:(527.524,185.19), cal:(499.12,246.352)
0.233505 -0.000959711 0.874238 0.999349
mouth (right) real:(500.235,186.802), cal:(472.229,248.12)
0.428029 0.158723 1.21385 0.995792
left shoulder real:(551.222,266.229), cal:(589.093,344.087)
0.0194287 0.130616 1.04458 0.999417
right shoulder real:(349.621,269.699), cal:(343.62,327.195)
0.532537 0.686196 1.30346 0.76128
left elbow real:(592.706,415.318), cal:(651.877,661.091)
-0.228202 0.382063 1.10851 0.940548
right elbow real:(208.445,454.236), cal:(194.853,478.311)
0.284324 0.452871 0.704989 0.635965
left wrist real:(605.614,309.301), cal:(502.76,520.866)
0.000962026 0.376314 1.02325 0.456565
right wrist real:(333.144,463.87), cal:(332.526,474.857)
0.251109 0.422553 0.636312 0.429794
left pinky real:(604.264,277.977), cal:(482.805,502.646)
0.0454326 0.430897 0.968711 0.283988
right pinky real:(361.454,503.292), cal:(359.242,507.66)
0.238159 0.380339 0.625452 0.4947
left index real:(596.653,247.42), cal:(475.026,477.275)
0.079 0.396582 0.985732 0.314015
right index real:(382.24,470.392), cal:(379.408,487.037)
0.238131 0.392482 0.661718 0.44676
left thumb real:(580.38,278.418), cal:(475.008,484.573)
0.0735811 0.359672 0.978441 0.333392
right thumb real:(379.045,451.923), cal:(376.153,464.855)
0.354648 0.878578 1.37785 0.00735585
left hip real:(488.77,609.058), cal:(545.008,776.71)
0.0294727 0.692783 1.12931 0.0112174
right hip real:(348.554,607.714), cal:(349.654,665.05)
0.304752 2.07756 1.27518 0.00670468
left knee real:(491.696,880.497), cal:(515.032,1497.28)
0.0155412 1.62306 1.10258 0.00338729
right knee real:(353.579,888.533), cal:(341.285,1224.14)
0.315625 3.30049 1.4091 0.000429457
left ankle real:(472.371,1131.4), cal:(521.564,2232.24)
0.00830561 2.46314 1.35195 0.000132739
right ankle real:(343.01,1141.88), cal:(336.938,1729.01)
0.321991 3.80695 1.57346 0.000274928
left heel real:(458.797,1171.47), cal:(525.389,2536.62)
-0.0535753 2.94377 1.38469 0.000301252
right heel real:(316.125,1182.12), cal:(299.762,2017.86)
0.429334 2.37439 1.40714 0.000671129
left foot index real:(517.769,1205.16), cal:(589.876,1675.67)
0.149379 2.30003 1.10924 0.000662639
right foot index real:(419.647,1215.47), cal:(421.69,1630.99)
