camera0:
0.814817 0.324441 0.995886 0.69525
0.827962 0.2601 0.987999 0.70275
0.838834 0.260837 0.987095 0.71075
0.847981 0.261597 0.977545 0.715
0.786165 0.258321 0.995456 0.6865
0.767926 0.257579 0.996855 0.698
0.747628 0.257047 0.996797 0.7015
0.830819 0.281958 0.976851 0.705
0.693812 0.279198 0.999463 0.713
0.819868 0.385088 0.995971 0.69525
0.77662 0.38893 0.999414 0.69775
0.888444 0.548791 0.990697 0.826
0.543608 0.567658 0.999465 0.74425
1.00686 0.868889 0.211361 -111
0.322338 0.945519 0.945109 0.51525
0.990861 0.651271 0.138245 0.775
0.591551 0.923514 0.501606 0
1.02273 0.649751 0.115037 -111
0.670383 0.913483 0.333429 0
0.983075 0.57201 0.116623 0
0.685151 0.848216 0.359175 0
0.993258 0.645688 0.118805 0.775
0.672905 0.842074 0.37532 0
0.812955 1.25547 0.01621 -111
0.554424 1.24906 0.0238434 -111
0.813632 1.81145 0.00187808 -111
0.571602 1.83571 0.00246737 -111
0.793825 2.34423 0.000184845 -111
0.560599 2.36463 0.000164861 -111
0.778233 2.42222 0.000117707 -111
0.535495 2.44261 0.00022335 -111
0.830726 2.50104 0.000934257 -111
0.638551 2.51803 0.000543725 -111
camera1:
0.186607 0.25635 0.993738 0.66825
0.215088 0.184424 0.990219 0.67775
0.235115 0.184149 0.993203 0.6565
0.254873 0.183616 0.992828 0.68325
0.172692 0.183684 0.987877 0.674
0.163371 0.183308 0.988907 0.67725
0.154348 0.182176 0.985142 0.68
0.298416 0.199256 0.996989 0.6945
0.164738 0.201274 0.987239 0.67
0.231918 0.314182 0.997486 0.68225
0.177819 0.320109 0.993193 0.67775
0.452036 0.518694 0.995898 0.761
0.0736958 0.49248 0.982853 0.79475
0.571342 0.879239 0.778308 0.543
-0.0840911 0.797338 0.159753 -111
0.189846 0.948784 0.663074 0
0.026847 0.871769 0.129857 0
0.0972445 0.971447 0.466437 0
0.0411163 0.925812 0.122283 0
0.0659209 0.911515 0.528295 0
0.0671479 0.89759 0.160786 0
0.0950457 0.894523 0.47854 0
0.0602836 0.87595 0.156544 0
0.408205 1.32956 0.00404223 -111
0.111682 1.32508 0.0035751 -111
0.416661 1.96359 0.0082862 -111
0.157155 1.93463 0.00403308 -111
0.441913 2.55807 0.000475141 -111
0.187236 2.52473 0.000157139 -111
0.456815 2.65379 0.000301964 -111
0.189877 2.61237 0.000338299 -111
0.399817 2.7285 0.000361285 -111
0.212774 2.69688 0.000730391 -111
fused:
0.255965 -0.0408449 0.848712 0.995886
nose real:(521.483,155.732), cal:(485.723,224.15)
0.274582 -0.0872011 0.870596 0.990219
left eye (inner) real:(529.895,124.848), cal:(496.907,196.29)
0.288393 -0.0880606 0.881912 0.993203
left eye real:(536.854,125.202), cal:(505.204,195.774)
0.301468 -0.088851 0.895228 0.992828
left eye (outer) real:(542.708,125.567), cal:(513.059,195.299)
0.235592 -0.0895476 0.869093 0.995456
right eye (inner) real:(503.145,123.994), cal:(473.483,194.88)
0.221457 -0.0918373 0.879646 0.996855
right eye real:(491.473,123.638), cal:(464.992,193.504)
0.205782 -0.0951148 0.893322 0.996797
right eye (outer) real:(478.482,123.383), cal:(455.575,191.534)
0.312445 -0.0871074 0.978429 0.996989
left ear real:(531.724,135.34), cal:(519.654,196.347)
0.170645 -0.0935888 0.980743 0.999463
right ear real:(444.039,134.015), cal:(434.465,192.451)
0.275487 -0.00399909 0.894979 0.997486
mouth (left) real:(524.715,184.842), cal:(497.451,246.294)
0.230162 -0.00133371 0.879144 0.999414
mouth (right) real:(497.037,186.686), cal:(470.221,247.895)
0.436419 0.149414 1.14545 0.995898
left shoulder real:(568.604,263.42), cal:(594.133,338.493)
0.0168057 0.131199 1.03941 0.999465
right shoulder real:(347.909,272.476), cal:(342.044,327.546)
0.56865 0.587721 1.14641 0.778308
left elbow real:(644.391,417.067), cal:(673.572,601.909)
-0.224224 0.368896 1.07021 0.945109
right elbow real:(206.296,453.849), cal:(197.242,470.399)
0.305914 0.425171 0.676521 0.663074
left wrist real:(634.151,312.61), cal:(515.73,504.219)
0.0672025 0.296653 0.881468 0.501606
right wrist real:(378.593,443.287), cal:(372.321,426.981)
0.285719 0.386276 0.590182 0.466437
left pinky real:(654.549,311.88), cal:(503.598,480.843)
0.129401 0.283207 0.817652 0.333429
right pinky real:(429.045,438.472), cal:(409.687,418.901)
0.261255 0.362092 0.594935 0.528295
left index real:(629.168,274.565), cal:(488.901,466.309)
0.144369 0.261142 0.839154 0.359175
right index real:(438.497,407.143), cal:(418.68,405.64)
0.276935 0.355266 0.605531 0.47854
left thumb real:(635.685,309.93), cal:(498.321,462.207)
0.134752 0.252259 0.843378 0.37532
right thumb real:(430.659,404.196), cal:(412.902,400.301)
0.387454 0.751644 1.24215 0.01621
left hip real:(520.291,602.628), cal:(564.717,700.424)
0.0408883 0.643728 1.09093 0.0238434
right hip real:(354.831,599.549), cal:(356.512,635.568)
0.337879 1.89678 1.17833 0.0082862
left knee real:(520.724,869.496), cal:(534.934,1388.64)
0.0387284 1.50354 1.06955 0.00403308
right knee real:(365.825,881.14), cal:(355.215,1152.3)
0.375104 2.88393 1.34591 0.000475141
left ankle real:(508.048,1125.23), cal:(557.297,1981.9)
0.0429662 2.16428 1.25358 0.000164861
right ankle real:(358.784,1135.02), cal:(357.761,1549.4)
0.387333 3.27917 1.4623 0.000301964
left heel real:(498.069,1162.67), cal:(564.644,2219.43)
0.00629775 2.49951 1.24812 0.000338299
right heel real:(342.717,1172.45), cal:(335.731,1750.87)
0.445057 2.22032 1.35011 0.000934257
left foot index real:(531.665,1200.5), cal:(599.322,1583.08)
0.129545 2.24954 1.1137 0.000730391
right foot index real:(408.673,1208.66), cal:(409.774,1600.64)
