camera0:
0.828797 0.330837 0.994953 0.7005
0.840927 0.268128 0.985209 0.70625
0.848561 0.268513 0.984107 0.712
0.856503 0.2694 0.972326 0.726
0.805021 0.262579 0.994401 0.67675
0.785717 0.259429 0.996128 0.7005
0.764092 0.257099 0.996054 0.69175
0.830611 0.282011 0.971475 0.704
0.706185 0.270319 0.999339 0.70675
0.824816 0.389017 0.99511 0.69875
0.784475 0.392833 0.999288 0.692
0.83823 0.562644 0.990916 0.82075
0.557133 0.554872 0.999563 0.748
0.801519 0.908791 0.161907 0.76525
0.364727 0.92534 0.949281 0
0.847024 1.17016 0.0320621 -111
0.468124 1.20988 0.432264 -111
0.864717 1.26023 0.0267045 -111
0.482756 1.31301 0.245819 -111
0.856081 1.24717 0.0302928 -111
0.530288 1.27721 0.274895 -111
0.840102 1.21524 0.0333929 -111
0.522199 1.24091 0.298349 -111
0.758313 1.27809 0.00659869 -111
0.547566 1.2742 0.0107639 -111
0.74266 1.82514 0.000909607 -111
0.550853 1.81614 0.00134924 -111
0.70953 2.34112 7.64936e-05 -111
0.506258 2.36482 9.08957e-05 -111
0.686508 2.42552 6.23834e-05 -111
0.457788 2.45916 0.000124444 -111
0.778415 2.50523 0.00054492 -111
0.634537 2.52317 0.000368283 -111
camera1:
0.188131 0.255604 0.995503 0.65075
0.216106 0.182266 0.993128 0.67625
0.236744 0.181436 0.995326 0.6665
0.256308 0.180685 0.995147 0.67175
0.172033 0.1838 0.991001 0.67475
0.162351 0.184125 0.991666 0.67675
0.15266 0.184482 0.988494 0.683
0.297741 0.198889 0.998177 0.6925
0.159127 0.20579 0.990567 0.6765
0.234241 0.312636 0.998142 0.6805
0.179162 0.320558 0.99392 0.67075
0.457566 0.521759 0.995729 0.75675
0.0704682 0.496015 0.982589 0.79225
0.554632 0.895753 0.747887 0.52225
-0.0567685 0.815913 0.127539 -111
0.175692 0.940068 0.605855 0
0.088885 0.885901 0.0855824 0
0.0655662 0.939377 0.384797 0
0.115573 0.947316 0.0812188 0
0.0517911 0.864338 0.453484 0
0.136362 0.915264 0.112407 0
0.0829041 0.867391 0.407867 0
0.130404 0.90311 0.113567 0
0.405876 1.33538 0.00203165 -111
0.09912 1.33162 0.00176964 -111
0.408213 1.9964 0.00258769 -111
0.126897 1.96976 0.00139703 -111
0.418412 2.5959 0.000123296 -111
0.143149 2.573 3.56077e-05 -111
0.43729 2.68751 9.38232e-05 -111
0.145083 2.66595 0.000106954 -111
0.36785 2.77275 9.48327e-05 -111
0.17143 2.75591 0.000276249 -111
fused:
0.264105 -0.0373171 0.83388 0.995503
nose real:(530.43,158.802), cal:(490.613,226.27)
0.281863 -0.0825482 0.855204 0.993128
left eye (inner) real:(538.193,128.701), cal:(501.281,199.087)
0.294138 -0.0843955 0.870734 0.995326
left eye real:(543.079,128.886), cal:(508.656,197.977)
0.306417 -0.0851821 0.884911 0.995147
left eye (outer) real:(548.162,129.312), cal:(516.032,197.504)
0.246248 -0.0841448 0.845775 0.994401
right eye (inner) real:(515.213,126.038), cal:(479.885,198.127)
0.231843 -0.0870879 0.85697 0.996128
right eye real:(502.859,124.526), cal:(471.231,196.358)
0.215636 -0.0904325 0.871085 0.996054
right eye (outer) real:(489.019,123.408), cal:(461.495,194.348)
0.311921 -0.0865583 0.977639 0.998177
left ear real:(531.591,135.365), cal:(519.339,196.677)
0.178011 -0.0913026 0.955783 0.999339
right ear real:(451.959,129.753), cal:(438.89,193.825)
0.279178 -0.00284177 0.891012 0.998142
mouth (left) real:(527.883,186.728), cal:(499.668,246.989)
0.23536 0.000651311 0.870786 0.999288
mouth (right) real:(502.064,188.56), cal:(473.344,249.088)
0.418618 0.169745 1.27408 0.995729
left shoulder real:(536.467,270.069), cal:(583.438,350.712)
0.0301128 0.124973 1.01423 0.999563
right shoulder real:(356.565,266.339), cal:(350.039,323.804)
0.492512 0.90769 1.75619 0.747887
left elbow real:(512.972,436.219), cal:(627.832,794.206)
-0.17465 0.348542 1.06313 0.949281
right elbow real:(233.425,444.163), cal:(227.024,458.166)
0.252202 0.479508 0.745993 0.605855
left wrist real:(542.096,561.679), cal:(483.462,536.875)
-0.0598299 0.613907 1.11018 0.432264
right wrist real:(299.6,580.743), cal:(296.004,617.647)
0.22868 0.420515 0.632144 0.384797
left pinky real:(553.419,604.908), cal:(469.331,501.421)
-0.0429384 0.712938 1.12408 0.245819
right pinky real:(308.964,630.244), cal:(306.152,677.163)
0.224755 0.375043 0.627865 0.453484
left index real:(547.892,598.642), cal:(466.972,474.093)
0.0135212 0.655606 1.08328 0.274895
right index real:(339.384,613.061), cal:(340.071,642.707)
0.225 0.393254 0.663878 0.407867
left thumb real:(537.665,583.317), cal:(467.12,485.037)
0.00404188 0.631976 1.09347 0.298349
right thumb real:(334.208,595.639), cal:(334.376,628.506)
0.349461 0.869359 1.38066 0.00659869
left hip real:(485.32,613.486), cal:(541.892,771.17)
0.0322291 0.654619 1.07118 0.0107639
right hip real:(350.442,611.618), cal:(351.31,642.114)
0.290499 2.13965 1.36587 0.00258769
left knee real:(475.302,876.066), cal:(506.47,1534.6)
0.020942 1.38605 1.08846 0.00139703
right knee real:(352.546,871.747), cal:(344.529,1081.7)
0.316121 3.28364 1.67957 0.000123296
left ankle real:(454.099,1123.74), cal:(521.862,2222.12)
-0.0218858 2.06376 1.34386 9.08957e-05
right ankle real:(324.005,1135.12), cal:(318.8,1488.99)
0.327541 3.96633 1.97942 9.38232e-05
left heel real:(439.365,1164.25), cal:(528.723,2632.4)
-0.105989 2.56347 1.43533 0.000124444
right heel real:(292.984,1180.4), cal:(268.273,1789.31)
0.394513 2.28768 1.42907 0.00054492
left foot index real:(498.186,1202.51), cal:(568.957,1623.56)
0.128117 1.99372 1.10592 0.000368283
right foot index real:(406.104,1211.12), cal:(408.916,1446.89)
