camera0:
0.823146 0.325043 0.998717 0.68375
0.836045 0.257921 0.998098 0.693
0.84608 0.257377 0.997427 0.7
0.855076 0.257103 0.996705 0.7015
0.793089 0.256261 0.999259 0.663
0.774493 0.255159 0.999365 0.68075
0.755581 0.254921 0.999488 0.68525
0.839116 0.275888 0.99644 0.6875
0.703233 0.27448 0.999822 0.697
0.825691 0.381106 0.998556 0.6925
0.782653 0.384251 0.999753 0.676
0.885198 0.532194 0.988655 0.8235
0.550007 0.561318 0.999549 0.73875
0.97006 0.749771 0.276844 0.78575
0.340181 0.890965 0.953085 0.5035
0.947613 0.532824 0.286294 0
0.433082 1.17303 0.404427 -111
0.949084 0.46979 0.205339 0
0.458685 1.27224 0.281173 -111
0.950902 0.441166 0.202728 0
0.497692 1.23757 0.301979 -111
0.93487 0.46775 0.207341 0
0.489553 1.20874 0.29972 -111
0.866793 1.25486 0.0263454 -111
0.630912 1.28275 0.0340499 -111
0.898468 1.84112 0.00332949 -111
0.666371 1.90663 0.00385182 -111
0.910724 2.38524 0.000371037 -111
0.686997 2.45874 0.000493112 -111
0.896437 2.46187 0.000210818 -111
0.657534 2.54666 0.00113491 -111
0.970089 2.54511 0.00184427 -111
0.795647 2.60396 0.00127781 -111
camera1:
0.169621 0.250691 0.994233 0.64425
0.20376 0.180585 0.990424 0.65275
0.228076 0.179286 0.993738 0.65325
0.251061 0.178563 0.993159 0.6655
0.153158 0.18406 0.987165 0.65725
0.140835 0.185192 0.988614 0.66925
0.128822 0.186424 0.983544 0.674
0.296477 0.196624 0.997142 0.699
0.140926 0.202197 0.982934 0.67225
0.218983 0.312878 0.997784 0.66825
0.157621 0.316626 0.994104 0.653
0.440791 0.49715 0.998804 0.7495
0.060837 0.482502 0.982451 0.7845
0.577747 0.889258 0.954904 0.542
-0.00849147 0.87057 0.187397 -111
0.197979 0.938098 0.938606 0
0.0480747 0.929787 0.246759 0
0.0936732 0.950991 0.864223 0
0.0470272 0.981379 0.263895 0.75325
0.0779226 0.889366 0.890804 0
0.06471 0.951805 0.332826 0
0.10357 0.881039 0.8392 0
0.0779831 0.881256 0.305121 0
0.390992 1.33082 0.0182951 -111
0.0957091 1.31791 0.0120344 -111
0.385642 1.95865 0.0539869 -111
0.123799 1.93617 0.0246181 -111
0.39541 2.53035 0.00267004 -111
0.147623 2.5036 0.000958351 -111
0.410145 2.6219 0.00151638 -111
0.150764 2.58807 0.00191819 -111
0.343821 2.70712 0.00152309 -111
0.178647 2.69135 0.00292449 -111
fused:
0.254622 -0.0399552 0.819779 0.998717
nose real:(526.814,156.021), cal:(484.916,224.684)
0.274684 -0.0866127 0.847723 0.998098
left eye (inner) real:(535.069,123.802), cal:(496.968,196.644)
0.28945 -0.0890629 0.864659 0.997427
left eye real:(541.491,123.541), cal:(505.839,195.171)
0.303709 -0.0916155 0.881799 0.996705
left eye (outer) real:(547.249,123.409), cal:(514.405,193.637)
0.233197 -0.0859553 0.838335 0.999259
right eye (inner) real:(507.577,123.005), cal:(472.044,197.039)
0.218328 -0.0871819 0.845147 0.999365
right eye real:(495.675,122.476), cal:(463.112,196.302)
0.203188 -0.0887712 0.852672 0.999488
right eye (outer) real:(483.572,122.362), cal:(454.016,195.347)
0.316205 -0.089915 0.963841 0.997142
left ear real:(537.034,132.426), cal:(521.912,194.659)
0.171105 -0.0888761 0.932377 0.999822
right ear real:(450.069,131.75), cal:(434.742,195.284)
0.273506 -0.00484154 0.871762 0.998556
mouth (left) real:(528.442,182.931), cal:(496.261,245.787)
0.227094 -0.00256973 0.847575 0.999753
mouth (right) real:(500.898,184.44), cal:(468.378,247.153)
0.426046 0.131527 1.12845 0.998804
left shoulder real:(566.527,255.453), cal:(587.901,327.743)
0.0231243 0.121613 1.00585 0.999549
right shoulder real:(352.004,269.433), cal:(345.84,321.785)
0.570897 0.64201 1.27474 0.954904
left elbow real:(620.839,359.89), cal:(674.922,634.536)
-0.239822 0.383342 1.25586 0.953085
right elbow real:(217.716,427.663), cal:(187.871,479.08)
0.292043 0.417372 0.72849 0.938606
left wrist real:(606.472,255.755), cal:(507.397,499.532)
-0.102762 0.598617 1.10425 0.404427
right wrist real:(277.173,563.053), cal:(270.212,608.457)
0.252416 0.398366 0.640381 0.864223
left pinky real:(607.414,225.499), cal:(483.59,488.109)
-0.0685959 0.649244 1.03541 0.281173
right pinky real:(293.559,610.673), cal:(290.738,638.883)
0.249631 0.361451 0.628851 0.890804
left index real:(608.578,211.76), cal:(481.918,465.924)
-0.0254434 0.609709 1.00852 0.332826
right index real:(318.523,594.035), cal:(316.663,615.123)
0.252188 0.366317 0.657934 0.8392
left thumb real:(598.317,224.52), cal:(483.454,468.848)
-0.0332346 0.584901 1.0456 0.305121
right thumb real:(313.314,580.196), cal:(311.982,600.214)
0.38959 0.739229 1.07722 0.0263454
left hip real:(554.747,602.335), cal:(566,692.963)
0.108048 0.59376 0.926058 0.0340499
right hip real:(403.784,615.721), cal:(396.859,605.538)
0.352868 1.57525 0.936162 0.0539869
left knee real:(575.019,883.737), cal:(543.939,1195.4)
0.106258 1.36518 0.804444 0.0246181
right knee real:(426.477,915.184), cal:(395.784,1069.15)
0.366801 2.14348 0.894692 0.00267004
left ankle real:(582.863,1144.91), cal:(552.309,1536.9)
0.139912 1.73842 0.840003 0.000958351
right ankle real:(439.678,1180.2), cal:(416.002,1293.46)
0.372979 2.34739 0.932019 0.00151638
left heel real:(573.72,1181.7), cal:(556.02,1659.44)
0.122359 1.87109 0.89386 0.00191819
right heel real:(420.822,1222.4), cal:(405.457,1373.2)
0.423086 1.63955 0.894447 0.00184427
left foot index real:(620.857,1221.65), cal:(586.123,1234.04)
0.216823 1.76136 0.754468 0.00292449
right foot index real:(509.214,1249.9), cal:(462.207,1307.25)
