camera0:
0.822015 0.317912 0.998887 0.683
0.834289 0.251898 0.998356 0.6935
0.844302 0.251415 0.997747 0.6915
0.853264 0.250933 0.997123 0.695
0.791359 0.251587 0.999362 0.67275
0.772504 0.251752 0.999448 0.68325
0.752991 0.252787 0.999558 0.68175
0.837819 0.273392 0.996878 0.68925
0.700319 0.27467 0.999846 0.69225
0.825556 0.377042 0.99869 0.697
0.782434 0.38082 0.999779 0.681
0.900116 0.541058 0.987677 0.815
0.547922 0.568465 0.999555 0.73975
0.94752 0.790507 0.269464 0.8195
0.349655 0.893216 0.951493 0
0.944682 0.544329 0.285999 0.81725
0.398398 1.21159 0.417928 -111
0.944744 0.475241 0.205992 0
0.409964 1.31739 0.294138 -111
0.942285 0.454251 0.20345 0
0.45221 1.28758 0.316616 -111
0.932598 0.473646 0.206871 0
0.450091 1.25606 0.313451 -111
0.866698 1.28638 0.0239925 -111
0.624076 1.3129 0.0309388 -111
0.895382 1.87639 0.00347182 -111
0.661012 1.9393 0.00400272 -111
0.907528 2.42569 0.00037495 -111
0.676267 2.49365 0.000499066 -111
0.896002 2.50759 0.000203699 -111
0.646691 2.58222 0.00115689 -111
0.958777 2.58463 0.00195803 -111
0.788695 2.64078 0.0013454 -111
camera1:
0.166251 0.258411 0.99467 0.65
0.20091 0.185228 0.990917 0.665
0.224901 0.183972 0.994084 0.657
0.248237 0.182977 0.993494 0.66575
0.151825 0.186906 0.9879 0.6625
0.139917 0.186936 0.989375 0.668
0.128245 0.18722 0.984621 0.6645
0.295305 0.1982 0.997271 0.6945
0.140981 0.200827 0.984214 0.66975
0.216546 0.321723 0.997893 0.6725
0.155883 0.322293 0.994436 0.67075
0.439448 0.499419 0.998837 0.75225
0.053063 0.481724 0.983645 0.78875
0.577029 0.891222 0.952845 0.5425
-0.0158426 0.862098 0.194037 -111
0.195832 0.933255 0.93668 0
0.0686361 0.926213 0.24559 0
0.0938387 0.933332 0.857033 0
0.07575 0.97687 0.260377 0
0.0750013 0.877593 0.884936 0
0.0960155 0.94595 0.329396 0
0.102845 0.873316 0.832647 0
0.0875319 0.892843 0.302731 0
0.387853 1.30892 0.0173532 -111
0.0900731 1.30475 0.0115127 -111
0.384322 1.94503 0.0487313 -111
0.120378 1.93036 0.022085 -111
0.390805 2.52456 0.00242725 -111
0.140794 2.50799 0.000844626 -111
0.404849 2.61462 0.00139436 -111
0.143263 2.59496 0.00170444 -111
0.337395 2.70375 0.00138019 -111
0.170225 2.69288 0.00263173 -111
fused:
0.252662 -0.039589 0.818726 0.998887
nose real:(526.09,152.598), cal:(483.738,224.905)
0.272556 -0.0869655 0.847576 0.998356
left eye (inner) real:(533.945,120.911), cal:(495.69,196.432)
0.287138 -0.089338 0.864149 0.997747
left eye real:(540.354,120.679), cal:(504.45,195.006)
0.301485 -0.0921306 0.881771 0.997123
left eye (outer) real:(546.089,120.448), cal:(513.069,193.328)
0.231647 -0.0866507 0.839557 0.999362
right eye (inner) real:(506.47,120.762), cal:(471.113,196.621)
0.216756 -0.0879212 0.84691 0.999448
right eye real:(494.403,120.841), cal:(462.167,195.858)
0.201328 -0.0895386 0.855314 0.999558
right eye (outer) real:(481.914,121.338), cal:(452.899,194.886)
0.314915 -0.090353 0.964603 0.997271
left ear real:(536.204,131.228), cal:(521.138,194.396)
0.169006 -0.0897673 0.936309 0.999846
right ear real:(448.204,131.841), cal:(433.481,194.748)
0.272319 -0.0031055 0.870209 0.99869
mouth (left) real:(528.356,180.98), cal:(495.548,246.831)
0.226253 -0.00175378 0.846657 0.999779
mouth (right) real:(500.758,182.794), cal:(467.873,247.643)
0.430924 0.133662 1.09469 0.998837
left shoulder real:(576.075,259.708), cal:(590.831,329.026)
0.0209658 0.123327 0.994088 0.999555
right shoulder real:(350.67,272.863), cal:(344.543,322.815)
0.5661 0.67309 1.32608 0.952845
left elbow real:(606.413,379.444), cal:(672.041,653.215)
-0.218879 0.371876 1.2099 0.951493
right elbow real:(223.779,428.744), cal:(200.453,472.19)
0.290401 0.415028 0.728013 0.93668
left wrist real:(604.596,261.278), cal:(506.41,498.123)
-0.156859 0.684994 1.21515 0.417928
right wrist real:(254.975,581.565), cal:(237.713,660.369)
0.2515 0.389755 0.643178 0.857033
left pinky real:(604.636,228.116), cal:(483.04,482.934)
-0.137565 0.761512 1.18256 0.294138
right pinky real:(262.377,632.347), cal:(249.304,706.355)
0.246039 0.356476 0.631574 0.884936
left index real:(603.063,218.04), cal:(479.759,462.934)
-0.0816503 0.709617 1.14649 0.329396
right index real:(289.414,618.037), cal:(282.895,675.167)
0.251478 0.362347 0.658611 0.832647
left thumb real:(596.862,227.35), cal:(483.027,466.463)
-0.0819546 0.659853 1.12993 0.313451
right thumb real:(288.058,602.909), cal:(282.713,645.259)
0.383968 0.747059 1.05991 0.0239925
left hip real:(554.687,617.463), cal:(562.622,697.669)
0.10046 0.610247 0.917776 0.0309388
right hip real:(399.409,630.191), cal:(392.301,615.447)
0.351588 1.56035 0.937168 0.0487313
left knee real:(573.045,900.666), cal:(543.169,1186.45)
0.103027 1.35601 0.806448 0.022085
right knee real:(423.048,930.864), cal:(393.843,1063.64)
0.362984 2.12569 0.893442 0.00242725
left ankle real:(580.818,1164.33), cal:(550.016,1526.21)
0.132889 1.72583 0.852249 0.000844626
right ankle real:(432.811,1196.95), cal:(411.783,1285.9)
0.368908 2.31605 0.923905 0.00139436
left heel real:(573.442,1203.64), cal:(553.574,1640.61)
0.114394 1.85893 0.906771 0.00170444
right heel real:(413.882,1239.46), cal:(400.672,1365.89)
0.416537 1.63008 0.900109 0.00195803
left foot index real:(613.617,1240.62), cal:(582.189,1228.35)
0.21305 1.73197 0.763048 0.00263173
right foot index real:(504.765,1267.57), cal:(459.941,1289.58)
