camera0:
0.820009 0.316589 0.998095 0.685
0.834924 0.251572 0.994647 0.6905
0.846065 0.252193 0.994214 0.69375
0.856116 0.252745 0.989982 0.69925
0.792454 0.248604 0.997958 0.671
0.774152 0.248426 0.998576 0.683
0.754573 0.249732 0.998556 0.685
0.845223 0.276061 0.989667 0.694
0.697183 0.275544 0.999754 0.70075
0.825808 0.376306 0.99804 0.6885
0.780445 0.382291 0.999714 0.68
0.921777 0.545557 0.99146 0.8075
0.548605 0.561175 0.999397 0.739
1.07471 0.86456 0.29725 -111
0.359011 0.880006 0.939092 0.50225
1.02381 0.585428 0.385338 -111
0.430233 1.14282 0.588273 -111
1.03814 0.508455 0.319213 -111
0.457057 1.24161 0.454881 -111
1.00473 0.463725 0.319492 -111
0.487771 1.19087 0.48228 -111
0.982099 0.505823 0.320751 0
0.480788 1.16358 0.483704 -111
0.884451 1.25616 0.0268769 -111
0.610343 1.26941 0.0377515 -111
0.877002 1.83514 0.00310129 -111
0.619328 1.8522 0.00327731 -111
0.869237 2.36337 0.00026411 -111
0.616133 2.38014 0.00023704 -111
0.863797 2.44775 0.000175412 -111
0.59862 2.46661 0.000324817 -111
0.875103 2.53333 0.00134723 -111
0.696419 2.539 0.000795868 -111
camera1:
0.163849 0.253004 0.991656 0.64525
0.195052 0.182688 0.986429 0.6635
0.220222 0.18176 0.990995 0.66225
0.244511 0.180631 0.990144 0.6625
0.14454 0.183476 0.982534 0.663
0.132382 0.183808 0.984595 0.67725
0.120386 0.184296 0.978317 0
0.293955 0.196651 0.995849 0.68675
0.135916 0.199429 0.979342 0.6705
0.214369 0.315531 0.996778 0.6595
0.152515 0.317809 0.992006 0.65975
0.443332 0.503505 0.997353 0.74725
0.0620488 0.476927 0.979916 0.78825
0.573164 0.894768 0.881995 0.53825
-0.0441455 0.842546 0.172079 -111
0.191154 0.943893 0.822257 0
0.0117877 0.862943 0.183663 0
0.0890717 0.954641 0.6953 0
0.00984665 0.896086 0.18845 0
0.072589 0.891477 0.737045 0
0.032086 0.866926 0.242066 0
0.094221 0.884301 0.683749 0
0.0547712 0.830878 0.224102 0
0.384501 1.34418 0.0124403 -111
0.091152 1.33187 0.00826804 -111
0.365184 1.96683 0.0377779 -111
0.105151 1.92069 0.016145 -111
0.368343 2.55864 0.00180903 -111
0.123014 2.50946 0.00063625 -111
0.385341 2.65428 0.000950085 -111
0.128785 2.59643 0.00121774 -111
0.309296 2.73057 0.00109007 -111
0.138734 2.70329 0.0020342 -111
fused:
0.250889 -0.0418828 0.818005 0.998095
nose real:(524.806,151.963), cal:(482.673,223.526)
0.270758 -0.0868819 0.839963 0.994647
left eye (inner) real:(534.351,120.755), cal:(494.61,196.482)
0.286215 -0.0886402 0.856197 0.994214
left eye real:(541.482,121.053), cal:(503.896,195.425)
0.301334 -0.0907522 0.873175 0.990144
left eye (outer) real:(547.914,121.318), cal:(512.979,194.156)
0.230056 -0.0876752 0.830245 0.997958
right eye (inner) real:(507.17,119.33), cal:(470.157,196.005)
0.215559 -0.088809 0.836581 0.998576
right eye real:(495.457,119.245), cal:(461.448,195.324)
0.200193 -0.0903425 0.844442 0.998556
right eye (outer) real:(482.927,119.871), cal:(452.217,194.402)
0.318125 -0.0875908 0.951038 0.995849
left ear real:(540.943,132.509), cal:(523.066,196.056)
0.165522 -0.0900185 0.932991 0.999754
right ear real:(446.197,132.261), cal:(431.387,194.597)
0.271715 -0.00534116 0.866763 0.99804
mouth (left) real:(528.517,180.627), cal:(495.184,245.487)
0.224146 -0.00289725 0.844364 0.999714
mouth (right) real:(499.485,183.5), cal:(466.607,246.956)
0.442116 0.133868 1.06075 0.997353
left shoulder real:(589.937,261.868), cal:(597.556,329.15)
0.0221486 0.119485 1.00925 0.999397
right shoulder real:(351.107,269.364), cal:(345.254,320.506)
0.580544 0.532796 1.02347 0.881995
left elbow real:(687.817,414.989), cal:(680.718,568.9)
-0.190823 0.330971 1.11984 0.939092
right elbow real:(229.767,422.403), cal:(217.308,447.606)
0.326323 0.349145 0.66627 0.822257
left wrist real:(655.237,281.006), cal:(527.991,458.528)
-0.0972361 0.518099 1.03026 0.588273
right wrist real:(275.349,548.552), cal:(273.532,560.067)
0.293968 0.316637 0.590561 0.6953
left pinky real:(664.408,244.058), cal:(508.554,438.992)
-0.0633238 0.558938 0.964382 0.454881
right pinky real:(292.517,595.972), cal:(293.905,584.611)
0.276706 0.297718 0.599451 0.737045
left index real:(643.024,222.588), cal:(498.183,427.622)
-0.0320567 0.522914 0.965656 0.48228
right index real:(312.173,571.616), cal:(312.689,562.961)
0.277041 0.2992 0.626036 0.683749
left thumb real:(628.543,242.795), cal:(498.384,428.512)
-0.0410342 0.526344 1.01808 0.483704
right thumb real:(307.704,558.519), cal:(307.296,565.022)
0.399795 0.668157 1.03938 0.0268769
left hip real:(566.048,602.956), cal:(572.13,650.25)
0.0921596 0.585619 0.955044 0.0377515
right hip real:(390.619,609.315), cal:(387.314,600.646)
0.329103 1.5753 0.930322 0.0377779
left knee real:(561.281,880.866), cal:(529.661,1195.43)
0.0674906 1.3847 0.83632 0.016145
right knee real:(396.37,889.055), cal:(372.494,1080.88)
0.329781 2.19074 0.899074 0.00180903
left ankle real:(556.312,1134.42), cal:(530.069,1565.3)
0.0775519 1.87656 0.853763 0.00063625
right ankle real:(394.325,1142.47), cal:(378.538,1376.49)
0.343261 2.37233 0.940377 0.000950085
left heel real:(552.83,1174.92), cal:(538.167,1674.43)
0.0665841 2.04476 0.839284 0.00121774
right heel real:(383.117,1183.97), cal:(371.949,1477.57)
0.362655 1.78027 0.975423 0.00134723
left foot index real:(560.066,1216), cal:(549.818,1318.62)
0.143763 1.88276 0.787648 0.0020342
right foot index real:(445.708,1218.72), cal:(418.316,1380.21)
