camera0:
0.819533 0.317344 0.997469 0.68
0.835193 0.252688 0.994553 0.696
0.846515 0.253168 0.993638 0.698
0.856478 0.253596 0.990077 0.7005
0.79225 0.250176 0.99793 0.67275
0.774201 0.250165 0.998461 0.67575
0.754532 0.251373 0.998576 0.6865
0.845896 0.275958 0.989645 0.688
0.696497 0.275671 0.999692 0.70025
0.823911 0.376761 0.997732 0.68
0.780631 0.382335 0.999655 0.6785
0.919484 0.545052 0.988934 0.8115
0.54747 0.563901 0.999427 0.7415
0.931684 0.83669 0.268248 0.78175
0.352555 0.889319 0.942689 0.49425
0.939976 0.883214 0.311814 0.791
0.459503 1.11823 0.532392 -111
0.948601 0.904852 0.255323 0.77475
0.489796 1.20861 0.400423 -111
0.946998 0.881759 0.25661 0
0.521497 1.15614 0.426655 -111
0.934976 0.876861 0.260103 0.788
0.511519 1.12643 0.427611 -111
0.864178 1.24514 0.0230634 -111
0.612321 1.26044 0.031988 -111
0.867989 1.81277 0.00272226 -111
0.616209 1.85017 0.00282902 -111
0.864389 2.33433 0.000241361 -111
0.619768 2.37919 0.000224825 -111
0.854932 2.41352 0.00015705 -111
0.596305 2.46095 0.00033173 -111
0.889649 2.50104 0.00114636 -111
0.705587 2.53637 0.000709813 -111
camera1:
0.175552 0.260382 0.991841 0.65125
0.211409 0.18724 0.987069 0.66425
0.236298 0.185299 0.99132 0.6535
0.259152 0.183269 0.990582 0.6655
0.153851 0.188019 0.983234 0.659
0.140503 0.187245 0.985 0.66625
0.127667 0.186711 0.978957 0.67625
0.300904 0.197221 0.996011 0.67175
0.137234 0.198604 0.979181 0.67225
0.224766 0.323456 0.996873 0.668
0.158097 0.325477 0.992237 0.661
0.442477 0.507975 0.997623 0.74625
0.0621562 0.466454 0.977634 0.7935
0.570338 0.89356 0.901018 0.54
-0.014488 0.848168 0.157707 -111
0.184025 0.934799 0.854957 0
0.0464209 0.883394 0.19229 0
0.0680195 0.932781 0.747238 0
0.0435629 0.92201 0.206743 0
0.0660708 0.883766 0.78444 0
0.063687 0.896216 0.265549 0
0.0938532 0.878045 0.730749 0
0.0768409 0.888465 0.242165 0
0.387248 1.33787 0.0130065 -111
0.0921765 1.32164 0.00828214 -111
0.382506 1.98015 0.0497643 -111
0.125778 1.94346 0.0199807 -111
0.39027 2.57687 0.00233548 -111
0.145503 2.53857 0.000773679 -111
0.403558 2.67259 0.00114849 -111
0.149452 2.6297 0.00141719 -111
0.336135 2.75346 0.0013323 -111
0.170103 2.7225 0.00247758 -111
fused:
0.254533 -0.0404852 0.831967 0.997469
nose real:(524.501,152.325), cal:(484.862,224.366)
0.277029 -0.0876374 0.858886 0.994553
left eye (inner) real:(534.524,121.29), cal:(498.377,196.028)
0.29293 -0.0897272 0.875174 0.993638
left eye real:(541.77,121.521), cal:(507.93,194.772)
0.307838 -0.0920586 0.891086 0.990582
left eye (outer) real:(548.146,121.726), cal:(516.886,193.371)
0.232818 -0.0872271 0.84118 0.99793
right eye (inner) real:(507.04,120.084), cal:(471.817,196.275)
0.217972 -0.0884407 0.845938 0.998461
right eye real:(495.489,120.079), cal:(462.898,195.545)
0.202182 -0.0902108 0.853047 0.998576
right eye (outer) real:(482.9,120.659), cal:(453.412,194.482)
0.32188 -0.0885676 0.960388 0.996011
left ear real:(541.373,132.46), cal:(525.322,195.469)
0.165339 -0.0906655 0.935876 0.999692
right ear real:(445.758,132.322), cal:(431.278,194.208)
0.274665 -0.00317972 0.882715 0.997732
mouth (left) real:(527.303,180.845), cal:(496.957,246.786)
0.225878 -0.000621934 0.851398 0.999655
mouth (right) real:(499.604,183.521), cal:(467.647,248.323)
0.440721 0.13617 1.0646 0.997623
left shoulder real:(588.47,261.625), cal:(596.717,330.533)
0.0214082 0.1164 1.01004 0.999427
right shoulder real:(350.381,270.673), cal:(344.809,318.652)
0.555146 0.684442 1.34211 0.901018
left elbow real:(596.278,401.611), cal:(665.46,660.037)
-0.21398 0.363505 1.20536 0.942689
right elbow real:(225.635,426.873), cal:(203.396,467.159)
0.29303 0.412849 0.699044 0.854957
left wrist real:(601.584,423.943), cal:(507.99,496.814)
-0.0677922 0.517468 1.06162 0.532392
right wrist real:(294.082,536.753), cal:(291.221,559.688)
0.258012 0.370995 0.602838 0.747238
left pinky real:(607.105,434.329), cal:(486.953,471.66)
-0.0313568 0.554706 0.988 0.400423
right pinky real:(313.469,580.135), cal:(313.11,582.068)
0.257823 0.348386 0.602923 0.78444
left index real:(606.079,423.244), cal:(486.839,458.072)
0.00125375 0.51813 0.983315 0.426655
right index real:(333.758,554.949), cal:(332.701,560.086)
0.262008 0.353606 0.63003 0.730749
left thumb real:(598.385,420.893), cal:(489.353,461.209)
-0.0096652 0.518385 1.02998 0.427611
right thumb real:(327.372,540.687), cal:(326.141,560.239)
0.390193 0.707661 1.08088 0.0230634
left hip real:(553.074,597.669), cal:(566.362,673.991)
0.09348 0.582508 0.953566 0.031988
right hip real:(391.885,605.012), cal:(388.107,598.776)
0.334951 1.66835 0.975881 0.0497643
left knee real:(555.513,870.129), cal:(533.175,1251.35)
0.066216 1.47423 0.863592 0.0199807
right knee real:(394.374,888.081), cal:(371.728,1134.69)
0.340906 2.3283 0.935818 0.00233548
left ankle real:(553.209,1120.48), cal:(536.752,1647.97)
0.0839696 1.99592 0.860009 0.000773679
right ankle real:(396.651,1142.01), cal:(382.394,1448.22)
0.350166 2.52312 0.973684 0.00114849
left heel real:(547.156,1158.49), cal:(542.315,1765.06)
0.0691814 2.16673 0.862329 0.00141719
right heel real:(381.635,1181.26), cal:(373.51,1550.87)
0.378582 1.93246 0.986379 0.0013323
left foot index real:(569.375,1200.5), cal:(559.387,1410.08)
0.156401 2.01013 0.788056 0.00247758
right foot index real:(451.576,1217.46), cal:(425.908,1456.76)
