camera0:
0.764819 0.339467 0.999124 0.7305
0.780006 0.277631 0.998702 0.75925
0.792436 0.279901 0.998696 0.762
0.802485 0.281837 0.997865 0.76725
0.738901 0.272121 0.999318 0.75
0.721969 0.271759 0.999553 0.74775
0.702272 0.273085 0.999574 0.7495
0.7961 0.303207 0.998724 0.755
0.650192 0.300489 0.999868 0.783
0.776431 0.395331 0.999217 0.75525
0.731279 0.394323 0.999836 0.74725
0.881834 0.581102 0.986839 0.852
0.518703 0.570621 0.99782 0.80525
1.0578 0.846934 0.671935 -111
0.364461 0.920783 0.943127 0.55675
1.16162 0.953801 0.265083 -111
0.555588 0.922034 0.714348 0
1.1949 0.989258 0.186159 -111
0.667278 0.937618 0.575404 0
1.20031 0.982103 0.210213 -111
0.676093 0.855091 0.599116 0.811
1.1764 0.957054 0.203341 -111
0.647869 0.852869 0.492233 0.82925
0.802256 1.18526 0.120382 -111
0.565905 1.18687 0.21237 -111
0.83051 1.60138 0.096919 -111
0.577054 1.57984 0.103267 -111
0.781676 2.06319 0.00351039 -111
0.550497 2.08163 0.00680235 -111
0.76671 2.13528 0.00320767 -111
0.53029 2.17065 0.00344063 -111
0.781335 2.21467 0.010338 -111
0.59491 2.21033 0.0139928 -111
camera1:
0.208372 0.290387 0.99543 0.71575
0.234448 0.230063 0.989619 0.7385
0.254331 0.229101 0.993869 0.73725
0.27426 0.228836 0.992176 0.734
0.192837 0.231583 0.989482 0.74525
0.182955 0.23162 0.992526 0.7475
0.173457 0.232302 0.990258 0.76475
0.314494 0.245999 0.997252 0.7555
0.181569 0.250937 0.992764 0.74325
0.250859 0.345021 0.996652 0.736
0.196515 0.349231 0.993992 0.7345
0.454065 0.516294 0.995044 0.815
0.0941095 0.517728 0.990051 0.8465
0.590965 0.866789 0.909522 0.5865
-0.0405432 0.802568 0.328157 -111
0.261315 0.925071 0.573332 0
-0.0571683 0.81499 0.232488 -111
0.142729 0.965622 0.36605 0
-0.0754206 0.841911 0.203906 -111
0.123785 0.916029 0.422462 0
-0.0560338 0.818217 0.248 -111
0.136554 0.902298 0.371503 0
-0.0382783 0.815787 0.242341 -111
0.385686 1.22729 0.0175923 -111
0.127872 1.20518 0.0228747 -111
0.358728 1.76066 0.0315838 -111
0.0880796 1.71294 0.020606 -111
0.348553 2.27474 0.000702455 -111
0.115031 2.24512 0.000767546 -111
0.363229 2.35941 0.000471616 -111
0.122621 2.32752 0.000865079 -111
0.280923 2.41876 0.000712831 -111
0.105764 2.40404 0.00133004 -111
fused:
0.233591 -0.0323649 0.941086 0.999124
nose real0:(489.484,162.944), cal0:(481.066,228.028)
nose real1:(133.358,139.386), cal1:(140.572,76.6139)

0.253854 -0.0788215 0.961994 0.998702
left eye (inner) real0:(499.204,133.263), cal0:(490.479,199.455)
left eye (inner) real1:(150.047,110.43), cal1:(157.143,47.075)

0.269772 -0.0789479 0.973015 0.998696
left eye real0:(507.159,134.352), cal0:(498.512,199.935)
left eye real1:(162.772,109.969), cal1:(169.724,47.8669)

0.284695 -0.0799449 0.988092 0.997865
left eye (outer) real0:(513.59,135.282), cal0:(505.044,200.072)
left eye (outer) real1:(175.526,109.841), cal1:(182.388,48.5116)

0.211275 -0.0811155 0.960962 0.999318
right eye (inner) real0:(472.897,130.618), cal0:(464.031,197.967)
right eye (inner) real1:(123.416,111.16), cal1:(130.702,46.2286)

0.196012 -0.0825261 0.97099 0.999553
right eye real0:(462.06,130.444), cal0:(453.223,197.618)
right eye real1:(117.091,111.178), cal1:(124.339,46.6485)

0.178528 -0.0842325 0.985815 0.999574
right eye (outer) real0:(449.454,131.081), cal0:(440.744,197.346)
right eye (outer) real1:(111.013,111.505), cal1:(118.221,47.4043)

0.300278 -0.0730069 1.06476 0.998724
left ear real0:(509.504,145.539), cal0:(501.373,207.489)
left ear real1:(201.276,118.08), cal1:(207.842,59.8017)

0.137569 -0.078014 1.08477 0.999868
right ear real0:(416.123,144.235), cal0:(408.136,205.475)
right ear real1:(116.204,120.45), cal1:(122.968,60.9422)

0.257205 0.00663132 0.984545 0.999217
mouth (left) real0:(496.916,189.759), cal0:(488.893,252.745)
mouth (left) real1:(160.55,165.61), cal1:(167.722,104.414)

0.206249 0.0072504 0.968399 0.999836
mouth (right) real0:(468.018,189.275), cal0:(459.898,253.197)
mouth (right) real1:(125.77,167.631), cal1:(133.179,104.625)

0.43463 0.16406 1.15663 0.995044
left shoulder real0:(564.374,278.929), cal0:(557.699,333.943)
left shoulder real1:(290.602,247.821), cal1:(297.229,194.401)

-0.0125257 0.152601 1.12929 0.99782
right shoulder real0:(331.97,273.898), cal0:(325.285,329.908)
right shoulder real1:(60.2301,248.509), cal1:(67.7057,189.29)

0.606632 0.462171 1.0894 0.909522
left elbow real0:(676.991,406.529), cal0:(666.483,503.662)
left elbow real1:(378.217,416.059), cal1:(385.929,360.217)

-0.181467 0.368333 1.09364 0.943127
right elbow real0:(233.255,441.976), cal0:(232.264,451.107)
right elbow real1:(-25.9476,385.233), cal1:(-14.2197,300.024)

0.399681 0.350974 0.604244 0.573332
left wrist real0:(743.434,457.825), cal0:(729.327,597.779)
left wrist real1:(167.242,444.034), cal1:(172.105,410.611)

0.0302944 0.273505 0.806976 0.714348
right wrist real0:(355.576,442.576), cal0:(354.501,452.387)
right wrist real1:(-36.5877,391.195), cal1:(-22.5073,288.133)

0.363072 0.32465 0.521616 0.36605
left pinky real0:(764.733,474.844), cal0:(750.112,622.747)
left pinky real1:(91.3468,463.498), cal1:(97.7509,420.045)

0.10788 0.246737 0.69177 0.575404
right pinky real0:(427.058,450.057), cal0:(425.636,463.054)
right pinky real1:(-48.2692,404.117), cal1:(-32.5615,289.349)

0.358712 0.302467 0.509693 0.422462
left index real0:(768.197,471.409), cal0:(754.754,605.34)
left index real1:(79.2223,439.694), cal1:(84.6736,402.332)

0.116369 0.215503 0.710175 0.599116
right index real0:(432.699,410.444), cal0:(430.389,431.066)
right index real1:(-35.8617,392.744), cal1:(-18.2909,261.693)

0.357961 0.298039 0.527298 0.371503
left thumb real0:(752.899,459.386), cal0:(739.782,588.386)
left thumb real1:(87.3947,433.103), cal1:(93.6459,389.88)

0.0993843 0.233982 0.749319 0.492233
right thumb real0:(414.636,409.377), cal0:(411.629,436.36)
right thumb real1:(-24.4981,391.578), cal1:(-8.09779,269.835)

0.362103 0.646132 1.20071 0.120382
left hip real0:(513.444,568.922), cal0:(513.123,572.102)
left hip real1:(246.839,589.097), cal1:(271.16,421.574)

0.0547375 0.587278 1.0938 0.21237
right hip real0:(362.179,569.698), cal0:(362.012,571.374)
right hip real1:(81.8379,578.488), cal1:(106.466,410.201)

0.367576 1.00384 1.11605 0.096919
left knee real0:(531.526,768.662), cal0:(529.813,789.257)
left knee real1:(229.586,845.115), cal1:(268.74,603.22)

0.0615378 0.86745 1.0073 0.103267
right knee real0:(369.315,758.324), cal0:(368.65,766.242)
right knee real1:(56.3709,822.212), cal1:(97.3443,567.981)

0.350082 1.56723 1.25406 0.00351039
left ankle real0:(500.273,990.332), cal0:(499.656,999.762)
left ankle real1:(223.074,1091.87), cal1:(280.394,767.514)

0.0379482 1.4162 1.12966 0.00680235
right ankle real0:(352.318,999.185), cal0:(352.129,1002.12)
right ankle real1:(73.6199,1077.66), cal1:(131.828,749.746)

0.358262 1.76672 1.35863 0.00320767
left heel real0:(490.694,1024.93), cal0:(490.366,1030.2)
left heel real1:(232.466,1132.52), cal1:(293.294,792.192)

0.0130412 1.59896 1.19009 0.00344063
right heel real0:(339.386,1041.91), cal0:(338.531,1056.16)
right heel real1:(78.4775,1117.21), cal1:(137.903,788.989)

0.305745 1.48332 1.0931 0.010338
left foot index real0:(500.054,1063.04), cal0:(499.984,1064.22)
left foot index real1:(179.79,1161.01), cal1:(243.834,807.022)

0.0842753 1.41015 1.04047 0.0139928
right foot index real0:(380.742,1060.96), cal0:(380.608,1063.21)
right foot index real1:(67.6892,1153.94), cal1:(133.452,791.297)

