camera0:
0.771779 0.343765 0.998457 0.744
0.78467 0.27898 0.997655 0.75175
0.796439 0.280607 0.997596 0.7785
0.806706 0.282146 0.996214 0.78125
0.744221 0.27528 0.99897 0.74375
0.725876 0.276007 0.999314 0.75275
0.705835 0.278296 0.999363 0.7535
0.795992 0.302521 0.99764 0.7675
0.654655 0.308059 0.999789 0.781
0.783212 0.401189 0.99866 0.75825
0.737897 0.402535 0.999745 0.745
0.880108 0.56486 0.987331 0.864
0.521753 0.572428 0.998455 0.8025
1.06385 0.872273 0.530815 -111
0.352618 0.92747 0.939191 0.568
1.03258 0.65742 0.335524 -111
0.56667 0.914699 0.72038 0
1.03035 0.581458 0.244518 -111
0.651671 0.91794 0.565688 0
1.02856 0.546075 0.257084 -111
0.665008 0.842244 0.587412 0.81325
1.01157 0.581296 0.261191 -111
0.640076 0.840633 0.520427 0.826
0.817413 1.18047 0.0565897 -111
0.566652 1.18007 0.096609 -111
0.799288 1.66863 0.0418554 -111
0.550159 1.68077 0.0454025 -111
0.77539 2.12025 0.00168739 -111
0.541386 2.11803 0.00301688 -111
0.768107 2.18849 0.00153289 -111
0.534408 2.18879 0.00159071 -111
0.764328 2.27091 0.00515074 -111
0.573293 2.25931 0.00637745 -111
camera1:
0.220666 0.28473 0.996284 0.7165
0.250812 0.223744 0.992141 0.751
0.271432 0.223504 0.995217 0.73225
0.29054 0.223991 0.993936 0.74
0.203399 0.224463 0.991724 0.73575
0.191795 0.22491 0.993961 0.72875
0.179779 0.226142 0.991921 0.7395
0.322699 0.243393 0.99782 0.768
0.180852 0.24802 0.993949 0.745
0.261961 0.341922 0.997627 0.742
0.202574 0.344262 0.995751 0.73425
0.45425 0.514355 0.997117 0.81525
0.0912359 0.514756 0.989718 0.8465
0.589904 0.868523 0.928948 0.57625
-0.016283 0.851503 0.378088 -111
0.254043 0.919996 0.688281 0
0.104106 0.877154 0.268241 0
0.153913 0.965184 0.491015 0
0.132693 0.918815 0.237167 0
0.119428 0.916808 0.551477 0
0.149339 0.877439 0.288288 0
0.148352 0.89421 0.486793 0
0.145973 0.868374 0.271995 0
0.382064 1.23876 0.0185532 -111
0.118341 1.21946 0.0189951 -111
0.359722 1.79559 0.0360631 -111
0.117874 1.76196 0.0172056 -111
0.337697 2.32016 0.000865385 -111
0.107496 2.29555 0.0007192 -111
0.348026 2.40469 0.000522327 -111
0.109054 2.38344 0.000833769 -111
0.272281 2.47564 0.000800453 -111
0.11055 2.45433 0.00144428 -111
fused:
0.242786 -0.033124 0.947878 0.998457
nose real0:(493.939,165.007), cal0:(485.826,227.695)
nose real1:(141.226,136.671), cal1:(148.137,76.4909)

0.263593 -0.0822514 0.978977 0.997655
left eye (inner) real0:(502.189,133.91), cal0:(493.706,198.204)
left eye (inner) real1:(160.52,107.397), cal1:(167.339,46.43)

0.279815 -0.0827955 0.992689 0.997596
left eye real0:(509.721,134.692), cal0:(501.289,198.572)
left eye real1:(173.716,107.282), cal1:(180.43,47.2185)

0.294878 -0.0834405 1.00675 0.996214
left eye (outer) real0:(516.292,135.43), cal0:(507.913,198.887)
left eye (outer) real1:(185.946,107.515), cal1:(192.598,47.9798)

0.218764 -0.0830751 0.967836 0.99897
right eye (inner) real0:(476.302,132.135), cal0:(467.741,197.111)
right eye (inner) real1:(130.175,107.742), cal1:(137.148,45.5273)

0.201921 -0.08402 0.977368 0.999314
right eye real0:(464.56,132.483), cal0:(456.064,197.033)
right eye real1:(122.749,107.957), cal1:(129.675,46.2344)

0.183391 -0.0847395 0.988803 0.999363
right eye (outer) real0:(451.734,133.582), cal0:(443.371,197.193)
right eye (outer) real1:(115.058,108.548), cal1:(121.943,47.2978)

0.30454 -0.0757346 1.07983 0.99782
left ear real0:(509.435,145.21), cal0:(501.379,206.546)
left ear real1:(206.528,116.828), cal1:(212.995,59.3753)

0.141731 -0.0747248 1.07314 0.999789
right ear real0:(418.979,147.868), cal0:(411.292,206.849)
right ear real1:(115.745,119.049), cal1:(122.25,61.865)

0.266324 0.0077308 0.990323 0.99866
mouth (left) real0:(501.255,192.571), cal0:(493.509,253.389)
mouth (left) real1:(167.655,164.123), cal1:(174.553,105.273)

0.213157 0.0087842 0.965987 0.999745
mouth (right) real0:(472.254,193.217), cal0:(464.514,254.162)
mouth (right) real1:(129.647,165.246), cal1:(136.685,105.427)

0.434353 0.156842 1.1639 0.997117
left shoulder real0:(563.269,271.133), cal0:(556.145,329.683)
left shoulder real1:(290.72,246.891), cal1:(297.715,190.333)

-0.00854844 0.150699 1.11611 0.998455
right shoulder real0:(333.922,274.765), cal0:(327.347,329.843)
right shoulder real1:(58.391,247.083), cal1:(65.7537,188.745)

0.601714 0.492746 1.07082 0.928948
left elbow real0:(680.864,418.691), cal0:(669.528,525.245)
left elbow real1:(377.538,416.891), cal1:(382.722,379.842)

-0.212051 0.414049 1.18188 0.939191
right elbow real0:(225.675,445.186), cal0:(224.159,459.241)
right elbow real1:(-10.4211,408.722), cal1:(3.18679,310.389)

0.357571 0.357877 0.706072 0.688281
left wrist real0:(660.852,315.562), cal0:(636.189,553.311)
left wrist real1:(162.587,441.598), cal1:(171.5,379.093)

0.0505829 0.356572 1.04439 0.72038
right wrist real0:(362.669,439.056), cal0:(361.045,453.883)
right wrist real1:(66.6275,421.034), cal1:(82.7317,303.218)

0.315347 0.336821 0.635838 0.491015
left pinky real0:(659.424,279.1), cal0:(629.9,567.056)
left pinky real1:(98.5045,463.288), cal1:(110.018,383.213)

0.133032 0.342547 0.965368 0.565688
right pinky real0:(417.07,440.611), cal0:(414.736,461.948)
right pinky real1:(84.9237,441.031), cal1:(103.132,307.999)

0.3021 0.312202 0.613083 0.551477
left index real0:(658.278,262.116), cal0:(627.978,554.739)
left index real1:(76.4337,440.068), cal1:(86.5766,369.026)

0.147324 0.303948 0.980858 0.587412
right index real0:(425.605,404.277), cal0:(422.182,434.93)
right index real1:(95.5769,421.171), cal1:(114.042,283.875)

0.309446 0.300589 0.643261 0.486793
left thumb real0:(647.404,279.022), cal0:(620.95,529.531)
left thumb real1:(94.9454,429.221), cal1:(106.13,349.742)

0.124771 0.316201 1.01244 0.520427
right thumb real0:(409.649,403.504), cal0:(405.985,436.394)
right thumb real1:(93.423,416.819), cal1:(110.988,286.49)

0.366162 0.644016 1.16009 0.0565897
left hip real0:(523.144,566.625), cal0:(521.569,582.33)
left hip real1:(244.521,594.604), cal1:(268.613,429.521)

0.0539742 0.579383 1.07621 0.096609
right hip real0:(362.657,566.433), cal0:(362.078,572.24)
right hip real1:(75.7384,585.34), cal1:(101.382,410.194)

0.331635 1.24992 1.15583 0.0418554
left knee real0:(511.544,800.943), cal0:(504.321,898.604)
left knee real1:(230.222,861.885), cal1:(259.654,688.58)

0.0332926 1.06297 1.09674 0.0454025
right knee real0:(352.102,806.767), cal0:(350.185,831.176)
right knee real1:(75.4396,845.738), cal1:(112.622,621.652)

0.328064 1.67716 1.22376 0.00168739
left ankle real0:(496.25,1017.72), cal0:(493,1072.35)
left ankle real1:(216.126,1113.68), cal1:(269.839,817.735)

0.0258375 1.47034 1.13129 0.00301688
right ankle real0:(346.487,1016.65), cal0:(345.669,1029.8)
right ankle real1:(68.7973,1101.86), cal1:(128.531,768.793)

0.341823 1.79151 1.29928 0.00153289
left heel real0:(491.588,1050.47), cal0:(490.002,1077.37)
left heel real1:(222.737,1154.25), cal1:(282.83,823.742)

0.0128625 1.63107 1.13858 0.00159071
right heel real0:(342.021,1050.62), cal0:(338.735,1109.64)
right heel real1:(69.7947,1144.05), cal1:(128.892,823.619)

0.289827 1.56488 1.1099 0.00515074
left foot index real0:(489.17,1090.03), cal0:(488.825,1096.04)
left foot index real1:(174.26,1188.31), cal1:(240.028,828.989)

0.0620955 1.53771 1.08935 0.00637745
right foot index real0:(366.908,1084.47), cal0:(366.193,1097.04)
right foot index real1:(70.7519,1178.08), cal1:(137.276,815.637)

