camera0:
0.751099 0.335694 0.997418 0.84725
0.759303 0.289112 0.995602 0.85375
0.768829 0.291678 0.995915 0.8915
0.777669 0.294448 0.996048 0
0.723006 0.281258 0.996226 0.83275
0.707051 0.279025 0.996369 0.85625
0.68965 0.277922 0.996227 0.84675
0.761326 0.317776 0.9965 0.8625
0.643085 0.303514 0.997744 0.857
0.756919 0.39123 0.998865 0.8545
0.715879 0.384835 0.999207 0.83025
0.813502 0.610335 0.998484 0.962
0.505361 0.589139 0.997845 0.83625
0.872868 0.914251 0.660349 0.893
0.434488 0.933628 0.795466 0.81425
0.648569 1.00448 0.0431305 -111
0.699974 0.998358 0.153789 0.83675
0.636463 1.07628 0.0205455 -111
0.755534 1.06886 0.0942827 -111
0.620009 1.04447 0.0252695 -111
0.758151 1.01478 0.100143 -111
0.636748 1.03676 0.0326056 -111
0.729321 1.00461 0.103646 -111
0.778008 1.22907 0.047485 -111
0.550233 1.23354 0.05219 -111
0.778557 1.71942 0.000963918 -111
0.562282 1.73187 0.00112767 -111
0.772858 2.14559 9.05028e-05 -111
0.562597 2.16249 8.85284e-05 -111
0.768209 2.21212 0.000102886 -111
0.543686 2.22835 0.000151428 -111
0.784271 2.28723 0.000268892 -111
0.630358 2.3063 0.000242783 -111
camera1:
0.273115 0.26708 0.999509 0.798
0.304693 0.223678 0.999069 0.822
0.322123 0.227956 0.999212 0.81925
0.338603 0.232998 0.999229 0.8255
0.263544 0.217649 0.998964 0.8435
0.252949 0.217319 0.998947 0.83025
0.243973 0.217178 0.998853 0.84725
0.367335 0.267964 0.99946 0.85725
0.243926 0.245265 0.999112 0.8295
0.303779 0.330464 0.999792 0.81825
0.250687 0.323283 0.999703 0.80425
0.470108 0.577649 0.99909 0.90575
0.113054 0.535129 0.998893 0.8885
0.488381 0.914938 0.432856 0.85925
0.0194644 0.84543 0.277009 0.8865
0.420639 1.18157 0.0366606 -111
0.0486551 1.00271 0.0469223 -111
0.41118 1.25953 0.0336472 -111
0.0434977 1.04274 0.0445716 -111
0.370966 1.23347 0.051908 -111
0.0663108 1.01788 0.0630338 -111
0.370087 1.19966 0.056972 -111
0.0751043 1.0055 0.0698036 -111
0.380574 1.20893 0.00407535 -111
0.136426 1.1871 0.00470413 -111
0.346282 1.73226 0.000201022 -111
0.120398 1.71509 8.48965e-05 -111
0.324372 2.19048 1.58198e-05 -111
0.114811 2.17385 3.36952e-06 -111
0.325726 2.26253 1.97523e-05 -111
0.109149 2.24311 9.55365e-06 -111
0.28171 2.33818 2.14342e-05 -111
0.140343 2.33329 1.58802e-05 -111
fused:
0.250734 -0.052213 1.06681 0.999509
nose real0:(480.704,161.133), cal0:(473.146,219.283)
nose real1:(174.794,128.198), cal1:(181.078,73.1622)

0.271506 -0.0940602 1.1157 0.999069
left eye (inner) real0:(485.954,138.774), cal0:(478.145,198.03)
left eye (inner) real1:(195.004,107.365), cal1:(201.181,52.2223)

0.286871 -0.0927336 1.13181 0.999212
left eye real0:(492.051,140.005), cal0:(484.219,199.456)
left eye real1:(206.159,109.419), cal1:(212.355,54.1421)

0.301663 -0.0908912 1.14781 0.999229
left eye (outer) real0:(497.708,141.335), cal0:(489.839,201.107)
left eye (outer) real1:(216.706,111.839), cal1:(222.936,56.3027)

0.226363 -0.0997491 1.10623 0.998964
right eye (inner) real0:(462.724,135.004), cal0:(454.88,194.506)
right eye (inner) real1:(168.668,104.472), cal1:(174.904,48.7912)

0.209539 -0.102521 1.11687 0.998947
right eye real0:(452.513,133.932), cal0:(444.658,193.531)
right eye real1:(161.887,104.313), cal1:(168.148,48.4304)

0.191752 -0.105546 1.13372 0.998853
right eye (outer) real0:(441.376,133.403), cal0:(433.558,192.747)
right eye (outer) real1:(156.143,104.245), cal1:(162.391,48.5049)

0.307168 -0.0748372 1.25163 0.99946
left ear real0:(487.249,152.533), cal0:(479.384,212.763)
left ear real1:(235.095,128.623), cal1:(241.487,72.2837)

0.148342 -0.0940749 1.23513 0.999112
right ear real0:(411.574,145.687), cal0:(404.101,202.922)
right ear real1:(156.113,117.727), cal1:(162.29,63.2874)

0.268462 -0.00511995 1.11191 0.999792
mouth (left) real0:(484.428,187.79), cal0:(476.998,245.93)
mouth (left) real1:(194.418,158.623), cal1:(200.933,102.805)

0.214873 -0.0106747 1.08666 0.999703
mouth (right) real0:(458.163,184.721), cal0:(450.741,242.793)
mouth (right) real1:(160.44,155.176), cal1:(166.989,99.0702)

0.417537 0.236053 1.38046 0.99909
left shoulder real0:(520.642,292.961), cal0:(513.656,351.463)
left shoulder real1:(300.869,277.272), cal1:(308.254,218.728)

-0.0300574 0.178025 1.19973 0.998893
right shoulder real0:(323.431,282.787), cal0:(316.897,337.875)
right shoulder real1:(72.3548,256.862), cal1:(79.6548,199.399)

0.47094 0.487487 1.27264 0.660349
left elbow real0:(558.636,438.841), cal0:(554.26,478.905)
left elbow real1:(312.564,439.17), cal1:(326.135,340.121)

-0.100557 0.383672 1.09797 0.795466
right elbow real0:(278.072,448.142), cal0:(276.928,458.703)
right elbow real1:(12.4572,405.806), cal1:(25.9418,307.997)

0.242453 1.04164 1.95574 0.0431305
left wrist real0:(415.084,482.148), cal0:(406.425,568.784)
left wrist real1:(269.209,567.154), cal1:(289.032,430.75)

0.151192 0.321097 0.792327 0.153789
right wrist real0:(447.983,479.212), cal0:(446.586,492.252)
right wrist real1:(31.1393,481.301), cal1:(52.8353,325.373)

0.192114 1.39251 1.91874 0.0336472
left pinky real0:(407.336,516.616), cal0:(392.099,684.857)
left pinky real1:(263.155,604.577), cal1:(274.819,528.857)

0.180443 0.353045 0.728476 0.0942827
right pinky real0:(483.542,513.051), cal0:(480.757,539.956)
right pinky real1:(27.8385,500.514), cal1:(47.3582,363.833)

0.137811 1.30572 1.74987 0.051908
left index real0:(396.806,501.344), cal0:(379.261,697.142)
left index real1:(237.418,592.068), cal1:(246.206,535.494)

0.185607 0.354458 0.750664 0.100143
right index real0:(485.216,487.096), cal0:(480.491,532.478)
right index real1:(42.4389,488.581), cal1:(60.8399,359.176)

0.166724 1.16125 1.66984 0.056972
left thumb real0:(407.518,497.646), cal0:(391.931,666.638)
left thumb real1:(236.856,575.838), cal1:(247.029,509.44)

0.169746 0.369542 0.78614 0.103646
right thumb real0:(466.766,482.212), cal0:(461.667,531.204)
right thumb real1:(48.0668,482.641), cal1:(65.4505,360.438)

0.339301 0.699615 1.22879 0.047485
left hip real0:(497.925,589.954), cal0:(497.835,590.871)
left hip real1:(243.568,580.288), cal1:(264.381,438.522)

0.0376647 0.644836 1.12536 0.05219
right hip real0:(352.149,592.099), cal0:(352.055,593.064)
right hip real1:(87.3124,569.806), cal1:(108.055,429.787)

0.32057 1.12727 1.16154 0.000963918
left knee real0:(498.276,825.324), cal0:(497.75,831.949)
left knee real1:(221.62,831.484), cal1:(253.798,636.641)

0.0491837 1.03023 1.06116 0.00112767
right knee real0:(359.86,831.297), cal0:(359.793,832.165)
right knee real1:(77.0548,823.245), cal1:(110.533,621.483)

0.312433 1.51403 1.15632 9.05028e-05
left ankle real0:(494.629,1029.88), cal0:(494.272,1035.6)
left ankle real1:(207.598,1051.43), cal1:(254.61,788.948)

0.049649 1.39446 1.06141 8.85284e-05
right ankle real0:(360.062,1037.99), cal0:(360.05,1038.26)
right ankle real1:(73.4789,1043.45), cal1:(122.012,772.876)

0.312179 1.60686 1.17743 0.000102886
left heel real0:(491.653,1061.82), cal0:(491.232,1068.88)
left heel real1:(208.465,1086.01), cal1:(257.918,813.21)

0.0288823 1.48567 1.08664 0.000151428
right heel real0:(347.959,1069.61), cal0:(347.916,1070.37)
right heel real1:(69.8556,1076.69), cal1:(121.03,795.269)

0.296649 1.48427 1.04887 0.000268892
left foot index real0:(501.933,1097.87), cal0:(501.86,1099.16)
left foot index real1:(180.294,1122.33), cal1:(233.927,829.509)

0.120148 1.44457 1.01045 0.000242783
right foot index real0:(403.429,1107.02), cal0:(403.382,1107.88)
right foot index real1:(89.8194,1119.98), cal1:(144.5,822.878)

