camera0:
0.753053 0.339741 0.99758 0.85175
0.760389 0.291179 0.996024 0.85625
0.770139 0.293927 0.996227 0.87325
0.778658 0.29678 0.996363 0
0.723061 0.28305 0.996839 0.848
0.707004 0.280834 0.996936 0.85225
0.689483 0.279607 0.996964 0.8495
0.760092 0.321098 0.99706 0.85975
0.643206 0.304763 0.998244 0.86025
0.757456 0.393828 0.998996 0
0.717499 0.387201 0.999289 0.82675
0.810799 0.612169 0.99838 0.9585
0.505182 0.588865 0.998483 0.8435
0.86999 0.914482 0.617242 0.923
0.436361 0.925064 0.810762 0.81575
0.670633 0.989264 0.0408106 0.83
0.61296 0.991755 0.164173 0.8315
0.611636 1.01209 0.0200291 -111
0.656741 1.02696 0.104612 -111
0.604808 0.969243 0.0238614 0.825
0.662437 0.973365 0.109573 0.82625
0.625 0.965016 0.0293488 0.81
0.646505 0.962564 0.111473 0.817
0.779133 1.22581 0.0353454 -111
0.544391 1.23072 0.039609 -111
0.77611 1.71596 0.000843684 -111
0.558196 1.73053 0.00100221 -111
0.771468 2.14856 8.81969e-05 -111
0.558828 2.16235 8.74101e-05 -111
0.768972 2.2106 8.47543e-05 -111
0.543045 2.2242 0.000139673 -111
0.772457 2.29501 0.00026002 -111
0.615747 2.30745 0.000249428 -111
camera1:
0.276843 0.268752 0.99955 0.795
0.306809 0.225197 0.999145 0.82575
0.324013 0.229268 0.999257 0.83575
0.339767 0.234042 0.999283 0.82325
0.264516 0.219201 0.999112 0.83075
0.253371 0.218839 0.999085 0.8255
0.244147 0.218827 0.99903 0.83275
0.367915 0.268195 0.999474 0.85175
0.242826 0.245302 0.999202 0.828
0.306701 0.330738 0.999791 0.8185
0.252358 0.32369 0.999723 0.804
0.469445 0.577188 0.999003 0.902
0.113752 0.531253 0.998986 0.88775
0.487213 0.914591 0.401552 0.87225
0.0208792 0.836672 0.290063 0.89025
0.412291 1.17284 0.0429403 -111
0.0458006 0.935713 0.0793327 0.84825
0.394403 1.24739 0.0423856 -111
0.042784 0.96451 0.0763933 0
0.357151 1.21921 0.0638541 -111
0.0620516 0.938504 0.101594 0.8595
0.359608 1.18645 0.0698246 -111
0.0704367 0.929907 0.110646 0.859
0.375016 1.2051 0.00368494 -111
0.13425 1.1783 0.00436161 -111
0.336464 1.72855 0.000204717 -111
0.111049 1.70372 8.59729e-05 -111
0.313681 2.18708 1.59331e-05 -111
0.106123 2.16576 3.06814e-06 -111
0.316317 2.25606 1.89606e-05 -111
0.100685 2.23329 7.77078e-06 -111
0.26893 2.33456 2.08082e-05 -111
0.131614 2.32392 1.4552e-05 -111
fused:
0.253768 -0.0500923 1.06955 0.99955
nose real0:(481.954,163.075), cal0:(474.489,220.55)
nose real1:(177.179,129.001), cal1:(183.399,74.5764)

0.273305 -0.0927667 1.11754 0.999145
left eye (inner) real0:(486.649,139.766), cal0:(478.871,198.809)
left eye (inner) real1:(196.358,108.095), cal1:(202.523,53.1017)

0.288754 -0.0913119 1.1327 0.999257
left eye real0:(492.889,141.085), cal0:(485.099,200.249)
left eye real1:(207.368,110.049), cal1:(213.543,54.9988)

0.30297 -0.0894432 1.14781 0.999283
left eye (outer) real0:(498.341,142.454), cal0:(490.523,201.865)
left eye (outer) real1:(217.451,112.34), cal1:(223.652,57.0973)

0.226806 -0.0985883 1.10787 0.999112
right eye (inner) real0:(462.759,135.864), cal0:(454.938,195.216)
right eye (inner) real1:(169.29,105.216), cal1:(175.522,49.6068)

0.209666 -0.101246 1.11763 0.999085
right eye real0:(452.483,134.8), cal0:(444.651,194.254)
right eye real1:(162.157,105.043), cal1:(168.414,49.2279)

0.191672 -0.104236 1.13427 0.99903
right eye (outer) real0:(441.269,134.212), cal0:(433.467,193.469)
right eye (outer) real1:(156.254,105.037), cal1:(162.507,49.2943)

0.306686 -0.0736064 1.25535 0.999474
left ear real0:(486.459,154.127), cal0:(478.716,213.459)
left ear real1:(235.466,128.733), cal1:(241.777,73.1486)

0.148177 -0.0931735 1.23177 0.999202
right ear real0:(411.652,146.286), cal0:(404.217,203.237)
right ear real1:(155.409,117.745), cal1:(161.563,63.5193)

0.270302 -0.0040652 1.11621 0.999791
mouth (left) real0:(484.772,189.037), cal0:(477.429,246.508)
mouth (left) real1:(196.289,158.754), cal1:(202.733,103.559)

0.216812 -0.00949068 1.0864 0.999723
mouth (right) real0:(459.199,185.856), cal0:(451.842,243.447)
mouth (right) real1:(161.509,155.371), cal1:(168.008,99.7195)

0.415421 0.237593 1.38608 0.999003
left shoulder real0:(518.911,293.841), cal0:(512.003,351.714)
left shoulder real1:(300.445,277.05), cal1:(307.755,219.113)

-0.0301223 0.176196 1.20135 0.998986
right shoulder real0:(323.316,282.655), cal0:(316.885,336.84)
right shoulder real1:(72.8011,255.001), cal1:(79.9799,198.451)

0.468748 0.488223 1.27696 0.617242
left elbow real0:(556.794,438.951), cal0:(552.477,478.473)
left elbow real1:(311.816,439.004), cal1:(325.407,339.798)

-0.0984858 0.377129 1.09814 0.810762
right elbow real0:(279.271,444.031), cal0:(278.069,455.09)
right elbow real1:(13.3627,401.603), cal1:(26.6827,304.768)

0.254077 1.00176 1.77356 0.0429403
left wrist real0:(429.205,474.847), cal0:(418.012,588.149)
left wrist real1:(263.866,562.965), cal1:(281.125,445.532)

0.084146 0.364539 0.873654 0.164173
right wrist real0:(392.295,476.043), cal0:(389.811,499.463)
right wrist real1:(29.3124,449.142), cal1:(45.1602,336.145)

0.131852 1.47071 1.95983 0.0423856
left pinky real0:(391.447,485.803), cal0:(372.366,699.693)
left pinky real1:(252.418,598.749), cal1:(261.439,540.47)

0.113452 0.391376 0.813842 0.104612
right pinky real0:(420.314,492.943), cal0:(415.697,537.711)
right pinky real1:(27.3817,462.965), cal1:(41.1403,366.871)

0.0982039 1.34108 1.755 0.0638541
left index real0:(387.077,465.237), cal0:(365.565,707.94)
left index real1:(228.577,585.222), cal1:(235.072,543.574)

0.118247 0.393628 0.833364 0.109573
right index real0:(423.96,467.215), cal0:(417.191,532.565)
right index real1:(39.713,450.482), cal1:(52.0869,363.797)

0.133951 1.20928 1.67338 0.0698246
left thumb real0:(400,463.208), cal0:(380.038,683.004)
left thumb real1:(230.149,569.497), cal1:(237.414,522.436)

0.106962 0.406574 0.861927 0.111473
right thumb real0:(413.763,462.031), cal0:(406.501,532.184)
right thumb real1:(45.0795,446.355), cal1:(56.6845,365.09)

0.335887 0.687481 1.21148 0.0353454
left hip real0:(498.645,588.388), cal0:(498.511,589.739)
left hip real1:(240.01,578.447), cal1:(260.773,436.938)

0.0307201 0.646089 1.13054 0.039609
right hip real0:(348.41,590.748), cal0:(348.272,592.152)
right hip real1:(85.9197,565.585), cal1:(106.142,429.045)

0.311882 1.10955 1.14209 0.000843684
left knee real0:(496.711,823.66), cal0:(496.005,832.56)
left knee real1:(215.337,829.706), cal1:(247.312,636.155)

0.04389 1.01466 1.04586 0.00100221
right knee real0:(357.246,830.652), cal0:(357.159,831.755)
right knee real1:(71.0716,817.784), cal1:(103.852,620.22)

0.303764 1.48363 1.13057 8.81969e-05
left ankle real0:(493.74,1031.31), cal0:(493.362,1037.36)
left ankle real1:(200.756,1049.8), cal1:(247.504,788.971)

0.0447531 1.37463 1.04645 8.74101e-05
right ankle real0:(357.65,1037.93), cal0:(357.641,1038.16)
right ankle real1:(67.919,1039.57), cal1:(115.908,771.806)

0.305202 1.57075 1.14862 8.47543e-05
left heel real0:(492.142,1061.09), cal0:(491.578,1070.55)
left heel real1:(202.443,1082.91), cal1:(251.368,813.184)

0.0276322 1.45406 1.06634 0.000139673
right heel real0:(347.549,1067.61), cal0:(347.516,1068.2)
right heel real1:(64.4383,1071.98), cal1:(115.168,792.741)

0.281005 1.47791 1.03983 0.00026002
left foot index real0:(494.372,1101.6), cal0:(494.3,1102.88)
left foot index real1:(172.115,1120.59), cal1:(225.271,830.795)

0.104763 1.44969 1.0136 0.000249428
right foot index real0:(394.078,1107.58), cal0:(394.041,1108.25)
right foot index real1:(84.2329,1115.48), cal1:(138.195,822.32)

