camera0:
0.751592 0.338138 0.997276 0.86125
0.75823 0.288937 0.995523 0.869
0.767457 0.29119 0.995757 0.8575
0.775888 0.293576 0.995835 0
0.72194 0.281969 0.99677 0.832
0.706091 0.280043 0.996931 0.85175
0.68904 0.278995 0.997083 0.84325
0.758389 0.31794 0.99683 0.8525
0.644381 0.304046 0.998407 0.85425
0.754765 0.392494 0.998917 0
0.714866 0.386244 0.99928 0.8275
0.810474 0.615992 0.998205 0.959
0.505502 0.585065 0.998885 0.84
0.869338 0.914181 0.576471 0.91175
0.437625 0.934223 0.81608 0.81575
0.708322 1.08907 0.0365287 -111
0.649195 1.03429 0.162854 -111
0.664964 1.13109 0.0187952 -111
0.705015 1.07417 0.10825 -111
0.647023 1.10203 0.0220727 -111
0.709386 1.02473 0.112953 -111
0.660869 1.08956 0.0264912 -111
0.686626 1.01373 0.113335 -111
0.773618 1.23544 0.0273299 -111
0.546664 1.24237 0.0313527 -111
0.776304 1.73354 0.000846283 -111
0.559933 1.7507 0.00106011 -111
0.769924 2.17838 0.000114704 -111
0.560997 2.19499 0.000108523 -111
0.766692 2.2465 9.67497e-05 -111
0.541591 2.26363 0.000186263 -111
0.776304 2.32303 0.000309045 -111
0.630779 2.33814 0.000258358 -111
camera1:
0.276552 0.271565 0.999564 0.7995
0.307241 0.228329 0.99917 0.82425
0.324888 0.232664 0.999277 0.83
0.340559 0.237531 0.999293 0.831
0.263669 0.221561 0.999173 0.838
0.252193 0.221148 0.999151 0.84025
0.242676 0.22098 0.999107 0
0.368043 0.270335 0.999484 0.85825
0.239951 0.246869 0.99923 0.82525
0.306953 0.33342 0.999793 0.82425
0.250584 0.326323 0.999729 0.81925
0.468196 0.57863 0.998953 0.9085
0.110594 0.53172 0.999038 0.88675
0.488465 0.918796 0.398809 0.8725
0.0184769 0.842049 0.340793 0.879
0.423018 1.19209 0.0512402 -111
0.0576686 0.966045 0.136535 0.84825
0.412523 1.27134 0.0494405 -111
0.0547337 1.00269 0.118725 -111
0.37413 1.248 0.0726096 -111
0.0760887 0.976288 0.148483 0.862
0.373473 1.21286 0.0794827 -111
0.0839182 0.964668 0.15768 0.85625
0.374948 1.20748 0.00366963 -111
0.132546 1.17988 0.00443943 -111
0.334716 1.73329 0.000251729 -111
0.105521 1.71046 0.000116028 -111
0.307542 2.19455 2.19245e-05 -111
0.0963669 2.17473 3.76143e-06 -111
0.309028 2.26609 2.29354e-05 -111
0.0915552 2.2425 8.39381e-06 -111
0.264707 2.34194 2.38725e-05 -111
0.119774 2.33734 1.7741e-05 -111
fused:
0.252535 -0.0497753 1.07237 0.999564
nose real0:(481.019,162.306), cal0:(473.423,220.802)
nose real1:(176.994,130.351), cal1:(183.324,74.9783)

0.271926 -0.0930119 1.12368 0.99917
left eye (inner) real0:(485.267,138.69), cal0:(477.331,198.951)
left eye (inner) real1:(196.634,109.598), cal1:(202.923,53.5142)

0.287316 -0.0918972 1.14117 0.999277
left eye real0:(491.172,139.771), cal0:(483.204,200.3)
left eye real1:(207.929,111.679), cal1:(214.243,55.399)

0.30151 -0.0901884 1.15665 0.999293
left eye (outer) real0:(496.569,140.916), cal0:(488.553,201.836)
left eye (outer) real1:(217.958,114.015), cal1:(224.312,57.4172)

0.225509 -0.0981493 1.10894 0.999173
right eye (inner) real0:(462.042,135.345), cal0:(454.116,195.505)
right eye (inner) real1:(168.748,106.35), cal1:(175.067,49.9786)

0.208389 -0.10057 1.11756 0.999151
right eye real0:(451.898,134.421), cal0:(443.971,194.614)
right eye real1:(161.404,106.151), cal1:(167.742,49.6293)

0.190682 -0.103345 1.13256 0.999107
right eye (outer) real0:(440.985,133.918), cal0:(433.095,193.858)
right eye (outer) real1:(155.313,106.07), cal1:(161.642,49.661)

0.305501 -0.0745449 1.26126 0.999484
left ear real0:(485.369,152.611), cal0:(477.465,213.177)
left ear real1:(235.548,129.761), cal1:(241.986,73.0462)

0.148394 -0.0917621 1.22235 0.99923
right ear real0:(412.404,145.942), cal0:(404.881,203.581)
right ear real1:(153.569,118.497), cal1:(159.802,63.5887)

0.268484 -0.00372624 1.1228 0.999793
mouth (left) real0:(483.049,188.397), cal0:(475.602,246.703)
mouth (left) real1:(196.45,160.042), cal1:(202.992,104.034)

0.213993 -0.00889609 1.08847 0.999729
mouth (right) real0:(457.514,185.397), cal0:(450.058,243.785)
mouth (right) real1:(160.374,156.635), cal1:(166.969,100.183)

0.414009 0.239949 1.38242 0.998953
left shoulder real0:(518.703,295.676), cal0:(511.866,353.011)
left shoulder real1:(299.645,277.743), cal1:(306.898,220.314)

-0.0297935 0.173656 1.19393 0.999038
right shoulder real0:(323.521,280.831), cal0:(316.956,336.11)
right shoulder real1:(70.7798,255.225), cal1:(78.1034,197.505)

0.469077 0.499128 1.28286 0.576471
left elbow real0:(556.377,438.807), cal0:(551.616,482.525)
left elbow real1:(312.618,441.022), cal1:(325.975,343.773)

-0.0967257 0.387532 1.08771 0.81608
right elbow real0:(280.08,448.427), cal0:(278.524,462.818)
right elbow real1:(11.8252,404.183), cal1:(24.6575,311.327)

0.292082 1.0686 1.60292 0.0512402
left wrist real0:(453.326,522.753), cal0:(441.418,649.349)
left wrist real1:(270.731,572.204), cal1:(282.23,496.391)

0.109001 0.418065 0.837432 0.162854
right wrist real0:(415.485,496.457), cal0:(410.144,548.722)
right wrist real1:(36.9079,463.702), cal1:(49.2414,378.126)

0.218918 1.41567 1.72124 0.0494405
left pinky real0:(425.577,542.925), cal0:(408.357,742.991)
left pinky real1:(264.015,610.243), cal1:(269.683,574.424)

0.143649 0.436869 0.770831 0.118725
right pinky real0:(451.209,515.602), cal0:(443.904,589.306)
right pinky real1:(35.0296,481.29), cal1:(45.5702,409.646)

0.169199 1.32619 1.60094 0.0726096
left index real0:(414.094,528.975), cal0:(395.441,746.542)
left index real1:(239.443,599.039), cal1:(243.421,573.991)

0.148779 0.441438 0.791665 0.148483
right index real0:(454.007,491.868), cal0:(444.851,583.811)
right index real1:(48.6968,468.618), cal1:(57.7858,406.652)

0.188527 1.21908 1.54277 0.0794827
left thumb real0:(422.956,522.988), cal0:(405.362,723.588)
left thumb real1:(239.023,582.172), cal1:(243.337,554.743)

0.13453 0.455744 0.824075 0.15768
right thumb real0:(439.441,486.589), cal0:(430.023,581.064)
right thumb real1:(53.7076,463.041), cal1:(62.0411,406.186)

0.331534 0.704679 1.22228 0.0273299
left hip real0:(495.116,593.01), cal0:(494.901,595.183)
left hip real1:(239.967,579.59), cal1:(260.226,441.948)

0.0329551 0.65126 1.11866 0.0313527
right hip real0:(349.865,596.336), cal0:(349.646,598.578)
right hip real1:(84.8296,566.342), cal1:(104.477,434.126)

0.309164 1.12434 1.13334 0.000846283
left knee real0:(496.835,832.099), cal0:(495.831,844.912)
left knee real1:(214.218,831.981), cal1:(245.202,645.433)

0.0449448 1.01473 1.02772 0.00106011
right knee real0:(358.357,840.337), cal0:(358.221,842.088)
right knee real1:(67.5332,821.021), cal1:(99.8162,627.302)

0.297362 1.48901 1.11373 0.000114704
left ankle real0:(492.752,1045.62), cal0:(492.35,1052.19)
left ankle real1:(196.827,1053.38), cal1:(242.726,798.67)

0.0458132 1.36152 1.01633 0.000108523
right ankle real0:(359.038,1053.59), cal0:(359.029,1053.81)
right ankle real1:(61.6748,1043.87), cal1:(108.998,781.296)

0.297219 1.57799 1.12913 9.67497e-05
left heel real0:(490.683,1078.32), cal0:(490.086,1088.59)
left heel real1:(197.778,1087.72), cal1:(245.772,824.817)

0.0253812 1.45154 1.04073 0.000186263
right heel real0:(346.618,1086.54), cal0:(346.599,1086.91)
right heel real1:(58.5953,1076.4), cal1:(108.321,804.238)

0.280006 1.47324 1.0206 0.000309045
left foot index real0:(496.835,1115.06), cal0:(496.77,1116.22)
left foot index real1:(169.412,1124.13), cal1:(221.904,839.253)

0.115012 1.40229 0.963666 0.000258358
right foot index real0:(403.699,1122.31), cal0:(403.649,1123.23)
right foot index real1:(76.6552,1121.92), cal1:(130.551,830.633)

