camera0:
0.750807 0.338495 0.997688 0.8555
0.758485 0.290186 0.996164 0.85875
0.768089 0.292801 0.996351 0.88575
0.776813 0.295537 0.996475 0
0.721813 0.282597 0.99705 0.8435
0.705622 0.280574 0.997138 0.842
0.688168 0.279518 0.997204 0.84875
0.759232 0.319989 0.997241 0.858
0.642461 0.305019 0.998408 0.86175
0.756702 0.393369 0.999026 0.85775
0.716085 0.386956 0.999308 0.83125
0.811945 0.614878 0.998368 0.95675
0.504762 0.588037 0.998675 0.83775
0.871268 0.91936 0.616673 0.92525
0.436206 0.928767 0.814574 0.81525
0.674537 1.02005 0.0441774 -111
0.652039 1.02376 0.176214 -111
0.619461 1.04248 0.0218603 -111
0.713139 1.06538 0.115275 -111
0.606976 1.00407 0.0255234 -111
0.713867 1.01194 0.119388 -111
0.624969 0.999437 0.0310777 0.83075
0.6884 0.999859 0.12074 0.83375
0.776366 1.23386 0.0323194 -111
0.541819 1.23937 0.0362738 -111
0.771191 1.73123 0.000786497 -111
0.552883 1.74597 0.000944495 -111
0.762633 2.16453 8.32192e-05 -111
0.550012 2.18834 8.3259e-05 -111
0.757546 2.23322 7.75143e-05 -111
0.530032 2.26007 0.000131463 -111
0.770031 2.30591 0.000262015 -111
0.616297 2.32705 0.00025078 -111
camera1:
0.276728 0.269355 0.999543 0.7965
0.30686 0.225832 0.999134 0.83175
0.324167 0.230034 0.999246 0.82725
0.339914 0.234836 0.99927 0.82625
0.264352 0.219377 0.99912 0.819
0.253141 0.219003 0.999091 0.841
0.243819 0.218935 0.999043 0.8435
0.368033 0.26872 0.999471 0.854
0.241924 0.245458 0.999188 0.83725
0.306491 0.331159 0.999784 0.81925
0.251964 0.323994 0.999714 0.812
0.469004 0.576842 0.998948 0.90775
0.113069 0.531013 0.998985 0.8885
0.489884 0.916724 0.395137 0.86775
0.0206719 0.845408 0.302305 0.88475
0.382593 1.14411 0.0466367 -111
0.118252 0.859583 0.108312 0.85475
0.352124 1.19844 0.04623 -111
0.137261 0.853656 0.100221 0.8545
0.323118 1.16742 0.0687528 -111
0.144902 0.821357 0.127954 0.8585
0.329064 1.14471 0.0750752 -111
0.147921 0.828924 0.136681 0.85925
0.374382 1.20542 0.00352705 -111
0.133909 1.1766 0.00421737 -111
0.331615 1.73105 0.000217809 -111
0.106451 1.70393 9.4749e-05 -111
0.303879 2.18761 1.70361e-05 -111
0.102591 2.16522 3.13472e-06 -111
0.305028 2.25511 1.94484e-05 -111
0.0984112 2.23019 7.36072e-06 -111
0.265673 2.33325 2.16122e-05 -111
0.124638 2.32513 1.49295e-05 -111
fused:
0.25212 -0.0507316 1.07378 0.999543
nose real0:(480.517,162.477), cal0:(473.006,220.303)
nose real1:(177.106,129.29), cal1:(183.365,74.5155)

0.271988 -0.0934401 1.12176 0.999134
left eye (inner) real0:(485.431,139.289), cal0:(477.613,198.636)
left eye (inner) real1:(196.39,108.399), cal1:(202.589,53.1014)

0.287432 -0.0920506 1.1376 0.999246
left eye real0:(491.577,140.545), cal0:(483.739,200.067)
left eye real1:(207.467,110.416), cal1:(213.681,55.0119)

0.301822 -0.0901692 1.15243 0.99927
left eye (outer) real0:(497.16,141.858), cal0:(489.288,201.674)
left eye (outer) real1:(217.545,112.721), cal1:(223.79,57.0826)

0.225766 -0.0990175 1.11011 0.99912
right eye (inner) real0:(461.96,135.647), cal0:(454.127,195.091)
right eye (inner) real1:(169.185,105.301), cal1:(175.429,49.5779)

0.208452 -0.101623 1.12 0.999091
right eye real0:(451.598,134.676), cal0:(443.761,194.166)
right eye real1:(162.01,105.121), cal1:(168.274,49.2438)

0.19043 -0.104531 1.13632 0.999043
right eye (outer) real0:(440.428,134.169), cal0:(432.627,193.412)
right eye (outer) real1:(156.044,105.089), cal1:(162.299,49.3277)

0.306138 -0.074154 1.25823 0.999471
left ear real0:(485.909,153.595), cal0:(478.119,213.278)
left ear real1:(235.541,128.985), cal1:(241.891,73.052)

0.147154 -0.0929686 1.23129 0.999188
right ear real0:(411.175,146.409), cal0:(403.746,203.32)
right ear real1:(154.832,117.82), cal1:(160.985,63.6044)

0.269661 -0.00413643 1.11745 0.999784
mouth (left) real0:(484.289,188.817), cal0:(476.923,246.472)
mouth (left) real1:(196.154,158.956), cal1:(202.62,103.576)

0.215552 -0.00957294 1.08839 0.999714
mouth (right) real0:(458.295,185.739), cal0:(450.927,243.411)
mouth (right) real1:(161.257,155.517), cal1:(167.767,99.7752)

0.415551 0.238042 1.38025 0.998948
left shoulder real0:(519.645,295.141), cal0:(512.819,352.345)
left shoulder real1:(300.163,276.884), cal1:(307.393,219.599)

-0.0306789 0.175587 1.2008 0.998985
right shoulder real0:(323.048,282.258), cal0:(316.599,336.577)
right shoulder real1:(72.3639,254.886), cal1:(79.5617,198.178)

0.471993 0.49181 1.28024 0.616673
left elbow real0:(557.612,441.293), cal0:(553.434,479.568)
left elbow real1:(313.526,440.027), cal1:(327.106,340.962)

-0.0988874 0.382338 1.09838 0.814574
right elbow real0:(279.172,445.808), cal0:(277.861,457.895)
right elbow real1:(13.23,405.796), cal1:(26.801,307.305)

0.236586 0.90178 1.58355 0.0466367
left wrist real0:(431.704,489.624), cal0:(421.703,590.938)
left wrist real1:(244.86,549.171), cal1:(260.269,444.569)

0.126006 0.399092 0.910205 0.176214
right wrist real0:(417.305,491.404), cal0:(415.116,512.207)
right wrist real1:(75.6814,412.6), cal1:(84.4271,350.611)

0.130261 1.19624 1.64205 0.04623
left pinky real0:(396.455,500.388), cal0:(379.605,686.517)
left pinky real1:(225.359,575.251), cal1:(233.18,524.709)

0.172618 0.409204 0.851676 0.115275
right pinky real0:(456.409,511.383), cal0:(453.711,537.452)
right pinky real1:(87.8467,409.755), cal1:(93.429,370.673)

0.0973974 1.1397 1.55097 0.0687528
left index real0:(388.464,481.952), cal0:(369.675,690.319)
left index real1:(206.795,560.363), cal1:(212.233,525.316)

0.174148 0.393802 0.864149 0.127954
right index real0:(456.875,485.73), cal0:(453.017,522.573)
right index real1:(92.7376,394.251), cal1:(97.8451,358.184)

0.126737 1.06325 1.51054 0.0750752
left thumb real0:(399.98,479.73), cal0:(382.353,671.727)
left thumb real1:(210.601,549.459), cal1:(216.709,509.739)

0.156336 0.411225 0.901778 0.136681
right thumb real0:(440.576,479.933), cal0:(436.099,522.756)
right thumb real1:(94.6695,397.883), cal1:(100.008,360.226)

0.333062 0.697051 1.21427 0.0323194
left hip real0:(496.875,592.251), cal0:(496.732,593.693)
left hip real1:(239.605,578.6), cal1:(259.922,440.439)

0.0276349 0.65482 1.1318 0.0362738
right hip real0:(346.764,594.897), cal0:(346.617,596.408)
right hip real1:(85.7016,564.77), cal1:(105.313,432.665)

0.304203 1.12278 1.13699 0.000786497
left knee real0:(493.562,830.99), cal0:(492.684,842.173)
left knee real1:(212.233,830.904), cal1:(243.376,643.195)

0.0377551 1.02363 1.04123 0.000944495
right knee real0:(353.845,838.064), cal0:(353.732,839.524)
right knee real1:(68.1286,817.885), cal1:(100.129,625.683)

0.290348 1.48757 1.12051 8.32192e-05
left ankle real0:(488.085,1038.98), cal0:(487.619,1046.55)
left ankle real1:(194.482,1050.05), cal1:(240.449,794.478)

0.0349441 1.3973 1.04713 8.3259e-05
right ankle real0:(352.008,1050.41), cal0:(351.996,1050.66)
right ankle real1:(65.6581,1039.3), cal1:(112.367,780.03)

0.288181 1.57976 1.13742 7.75143e-05
left heel real0:(484.83,1071.94), cal0:(484.159,1083.4)
left heel real1:(195.218,1082.45), cal1:(242.88,820.923)

0.0129447 1.49501 1.07384 0.000131463
right heel real0:(339.22,1084.83), cal0:(339.19,1085.4)
right heel real1:(62.9832,1070.49), cal1:(111.668,804.112)

0.276869 1.47935 1.03443 0.000262015
left foot index real0:(492.82,1106.84), cal0:(492.744,1108.18)
left foot index real1:(170.031,1119.96), cal1:(222.58,834.007)

0.10336 1.4378 0.994389 0.00025078
right foot index real0:(394.43,1116.98), cal0:(394.393,1117.67)
right foot index real1:(79.7682,1116.06), cal1:(133.02,827.699)

