camera0:
0.75043 0.337712 0.997063 0.85
0.757517 0.288371 0.995213 0.86425
0.766881 0.290665 0.995475 0
0.775393 0.293092 0.995579 0
0.721002 0.281545 0.996543 0.84025
0.705129 0.279727 0.996703 0.84625
0.688154 0.278745 0.996889 0.84025
0.758198 0.317862 0.996665 0.875
0.644206 0.303925 0.998304 0.861
0.754435 0.392436 0.998853 0.85425
0.714618 0.386188 0.999229 0.82875
0.810739 0.616853 0.998195 0.959
0.505846 0.585202 0.998912 0.83775
0.869538 0.921 0.580597 0.9285
0.43765 0.937682 0.817891 0.81
0.710891 1.08581 0.03539 -111
0.649097 1.03138 0.162277 -111
0.671231 1.12832 0.0184399 -111
0.704459 1.07089 0.108501 -111
0.652961 1.0982 0.0217032 -111
0.708452 1.02286 0.113268 -111
0.665627 1.08474 0.0258815 -111
0.685404 1.01186 0.113284 -111
0.773079 1.23853 0.0262075 -111
0.544062 1.24435 0.0300063 -111
0.773976 1.73725 0.000859822 -111
0.556578 1.75113 0.00107903 -111
0.766867 2.18002 0.000118558 -111
0.555983 2.1952 0.000111435 -111
0.763619 2.24714 9.80185e-05 -111
0.538669 2.26368 0.000190463 -111
0.768734 2.32608 0.000315646 -111
0.617625 2.33873 0.000258199 -111
camera1:
0.276497 0.272008 0.999566 0.79575
0.307043 0.22834 0.999165 0.831
0.324644 0.232645 0.999273 0.83325
0.340355 0.237472 0.999286 0.83025
0.263585 0.221629 0.999182 0.833
0.252116 0.221225 0.999162 0.8375
0.242591 0.221061 0.99912 0.87325
0.367994 0.270368 0.999481 0.8475
0.239676 0.246977 0.999242 0.85
0.306888 0.333582 0.999792 0.82275
0.25072 0.326543 0.999731 0.814
0.468888 0.578697 0.998924 0.90775
0.111136 0.531832 0.999063 0.8795
0.486738 0.919334 0.398284 0.862
0.0202819 0.846887 0.349741 0.866
0.390168 1.16768 0.0514465 -111
0.115651 0.94134 0.141372 0.86975
0.362185 1.23107 0.0496952 -111
0.133752 0.961032 0.122473 0.87725
0.332789 1.19991 0.0726012 -111
0.147351 0.924895 0.15209 0.86425
0.337934 1.17271 0.0798253 -111
0.149478 0.92139 0.161628 0.86425
0.378601 1.20765 0.00364909 -111
0.134704 1.18191 0.00446589 -111
0.342693 1.73472 0.000248257 -111
0.116276 1.71275 0.000116055 -111
0.318631 2.19534 2.17621e-05 -111
0.112919 2.17687 3.79739e-06 -111
0.321166 2.26568 2.27189e-05 -111
0.108424 2.24406 8.27741e-06 -111
0.277567 2.34515 2.37584e-05 -111
0.135588 2.33946 1.78778e-05 -111
fused:
0.251678 -0.0499344 1.07455 0.999566
nose real0:(480.275,162.102), cal0:(472.658,220.769)
nose real1:(176.958,130.564), cal1:(183.305,75.0464)

0.271318 -0.0933587 1.12484 0.999165
left eye (inner) real0:(484.811,138.418), cal0:(476.856,198.817)
left eye (inner) real1:(196.507,109.603), cal1:(202.806,53.4249)

0.286785 -0.0921995 1.14198 0.999273
left eye real0:(490.804,139.519), cal0:(482.818,200.175)
left eye real1:(207.772,111.669), cal1:(214.096,55.3031)

0.30106 -0.0904839 1.15737 0.999286
left eye (outer) real0:(496.251,140.684), cal0:(488.221,201.712)
left eye (outer) real1:(217.827,113.987), cal1:(224.189,57.3176)

0.224736 -0.0985042 1.11071 0.999182
right eye (inner) real0:(461.442,135.142), cal0:(453.504,195.398)
right eye (inner) real1:(168.694,106.382), cal1:(175.02,49.9452)

0.207567 -0.100888 1.1194 0.999162
right eye real0:(451.282,134.269), cal0:(443.346,194.532)
right eye real1:(161.354,106.188), cal1:(167.697,49.6246)

0.189884 -0.103621 1.13426 0.99912
right eye (outer) real0:(440.418,133.798), cal0:(432.521,193.793)
right eye (outer) real1:(155.258,106.109), cal1:(161.591,49.6674)

0.305331 -0.0745843 1.26165 0.999481
left ear real0:(485.247,152.574), cal0:(477.339,213.169)
left ear real1:(235.516,129.777), cal1:(241.956,73.0518)

0.148124 -0.0917369 1.22215 0.999242
right ear real0:(412.292,145.884), cal0:(404.761,203.586)
right ear real1:(153.393,118.549), cal1:(159.631,63.5909)

0.268215 -0.00369913 1.12337 0.999792
mouth (left) real0:(482.839,188.369), cal0:(475.386,246.718)
mouth (left) real1:(196.408,160.119), cal1:(202.954,104.074)

0.213846 -0.00885604 1.08925 0.999731
mouth (right) real0:(457.355,185.37), cal0:(449.893,243.811)
mouth (right) real1:(160.461,156.741), cal1:(167.062,100.243)

0.414786 0.240613 1.38351 0.998924
left shoulder real0:(518.873,296.089), cal0:(512.061,353.217)
left shoulder real1:(300.088,277.775), cal1:(307.316,220.549)

-0.0293667 0.173841 1.19448 0.999063
right shoulder real0:(323.741,280.897), cal0:(317.178,336.163)
right shoulder real1:(71.1268,255.279), cal1:(78.4485,197.574)

0.467197 0.50054 1.27608 0.580597
left elbow real0:(556.504,442.08), cal0:(551.899,484.433)
left elbow real1:(311.512,441.28), cal1:(324.702,345.361)

-0.097141 0.393065 1.09124 0.817891
right elbow real0:(280.096,450.088), cal0:(278.469,465.172)
right elbow real1:(12.9804,406.506), cal1:(25.8397,313.586)

0.268303 0.959651 1.4496 0.0514465
left wrist real0:(454.971,521.19), cal0:(443.142,646.556)
left wrist real1:(249.708,560.487), cal1:(260.307,490.556)

0.119568 0.449017 0.915116 0.162277
right wrist real0:(415.422,495.061), cal0:(410.443,543.581)
right wrist real1:(74.0166,451.843), cal1:(84.5279,378.697)

0.196601 1.16672 1.45524 0.0496952
left pinky real0:(429.588,541.595), cal0:(413.11,730.528)
left pinky real1:(231.798,590.914), cal1:(236.872,558.803)

0.162053 0.470322 0.863827 0.122473
right pinky real0:(450.854,514.025), cal0:(444.651,575.912)
right pinky real1:(85.6015,461.295), cal1:(93.8036,405.133)

0.159601 1.11537 1.40066 0.0726012
left index real0:(417.895,527.136), cal0:(400.403,727.271)
left index real1:(212.985,575.958), cal1:(216.476,553.839)

0.166725 0.4627 0.878885 0.15209
right index real0:(453.409,490.975), cal0:(445.913,565.093)
right index real1:(94.3048,443.95), cal1:(101.162,396.709)

0.17773 1.05709 1.38097 0.0798253
left thumb real0:(426.001,520.677), cal0:(409.266,708.734)
left thumb real1:(216.278,562.903), cal1:(220.065,538.702)

0.149842 0.479082 0.911644 0.161628
right thumb real0:(438.659,485.694), cal0:(430.692,564.524)
right thumb real1:(95.6658,442.267), cal1:(102.139,397.694)

0.333514 0.713768 1.23228 0.0262075
left hip real0:(494.771,594.495), cal0:(494.543,596.802)
left hip real1:(242.305,579.672), cal1:(262.336,443.707)

0.0300795 0.659271 1.12863 0.0300063
right hip real0:(348.2,597.286), cal0:(347.959,599.754)
right hip real1:(86.2103,567.318), cal1:(105.818,435.459)

0.312915 1.14984 1.15715 0.000859822
left knee real0:(495.344,833.878), cal0:(494.405,845.885)
left knee real1:(219.323,832.664), cal1:(250.158,647.099)

0.0424283 1.04319 1.05628 0.00107903
right knee real0:(356.21,840.542), cal0:(356.079,842.231)
right knee real1:(74.4166,822.12), cal1:(106.658,628.676)

0.302627 1.53426 1.14721 0.000118558
left ankle real0:(490.795,1046.41), cal0:(490.426,1052.45)
left ankle real1:(203.924,1053.76), cal1:(249.626,800.175)

0.0421553 1.42121 1.06075 0.000111435
right ankle real0:(355.829,1053.69), cal0:(355.823,1053.9)
right ankle real1:(72.2679,1044.9), cal1:(119.341,783.363)

0.303261 1.62965 1.16637 9.80185e-05
left heel real0:(488.716,1078.63), cal0:(488.149,1088.39)
left heel real1:(205.546,1087.53), cal1:(253.263,826.127)

0.0230788 1.51255 1.08448 0.000190463
right heel real0:(344.748,1086.57), cal0:(344.733,1086.91)
right heel real1:(69.3914,1077.15), cal1:(118.851,806.235)

0.282594 1.53432 1.0612 0.000315646
left foot index real0:(491.99,1116.52), cal0:(491.929,1117.62)
left foot index real1:(177.643,1125.67), cal1:(229.959,841.881)

0.106974 1.47831 1.01556 0.000258199
right foot index real0:(395.28,1122.59), cal0:(395.229,1123.53)
right foot index real1:(86.7763,1122.94), cal1:(140.436,832.972)

