camera0:
0.748434 0.334384 0.99769 0.83225
0.756819 0.286263 0.995977 0.8585
0.766652 0.288601 0.996318 0.874
0.775636 0.291142 0.996392 0
0.720544 0.279312 0.996328 0.83725
0.704144 0.277607 0.996491 0.8485
0.686971 0.277176 0.996181 0.84875
0.760392 0.31589 0.996504 0.85675
0.64137 0.303242 0.997626 0.86
0.755817 0.390319 0.998889 0.856
0.714431 0.383929 0.999219 0.8275
0.814986 0.609012 0.998455 0.95925
0.505375 0.589396 0.997443 0.838
0.878974 0.912034 0.652082 0.93075
0.43233 0.931582 0.770062 0.818
0.750349 1.07416 0.0440775 -111
0.669711 0.995173 0.123792 0.833
0.718744 1.12068 0.0211549 -111
0.716191 1.0479 0.0750322 -111
0.692406 1.09525 0.0265448 -111
0.72084 0.99518 0.0828069 0.84225
0.702103 1.08081 0.0348585 -111
0.698429 0.986943 0.0884322 0.85275
0.773637 1.22047 0.0474084 -111
0.54968 1.2209 0.0510256 -111
0.765604 1.7046 0.00090637 -111
0.557505 1.71307 0.000989093 -111
0.751692 2.12268 7.67097e-05 -111
0.555707 2.13669 6.71121e-05 -111
0.744392 2.18918 9.76657e-05 -111
0.536895 2.20374 0.000123541 -111
0.768175 2.25867 0.000222091 -111
0.620466 2.27274 0.000204263 -111
camera1:
0.276295 0.268805 0.999474 0.7985
0.307723 0.226125 0.999004 0.83175
0.325398 0.230851 0.999172 0.837
0.341531 0.236434 0.999175 0.8275
0.264887 0.219232 0.998873 0.83975
0.253749 0.218756 0.998871 0.84
0.244572 0.218518 0.998751 0.84075
0.369734 0.271642 0.999446 0.85175
0.244072 0.24651 0.999065 0.83675
0.307372 0.332926 0.999786 0.82675
0.252266 0.325001 0.999688 0.8245
0.470864 0.578255 0.999105 0.90625
0.114972 0.539195 0.998867 0.884
0.493097 0.917078 0.455884 0.86675
0.0174082 0.846579 0.276551 0.87125
0.434176 1.18767 0.0340449 -111
0.0670471 1.03586 0.041096 -111
0.423496 1.27409 0.0298398 -111
0.0684553 1.09335 0.037924 -111
0.382135 1.25513 0.0464314 -111
0.0930997 1.07014 0.054097 -111
0.383817 1.21722 0.0509724 -111
0.0961833 1.04908 0.0600562 -111
0.380942 1.20949 0.00439981 -111
0.138166 1.18717 0.0050621 -111
0.349063 1.73117 0.000217963 -111
0.125492 1.7146 9.15639e-05 -111
0.329823 2.18907 1.72036e-05 -111
0.120603 2.17355 3.7579e-06 -111
0.33177 2.2617 2.1838e-05 -111
0.114478 2.24315 1.08444e-05 -111
0.285161 2.33684 2.29403e-05 -111
0.146254 2.33313 1.69714e-05 -111
fused:
0.250217 -0.0530199 1.07812 0.999474
nose real0:(478.998,160.504), cal0:(471.377,219.142)
nose real1:(176.829,129.026), cal1:(183.17,73.4942)

0.271201 -0.0956579 1.12779 0.999004
left eye (inner) real0:(484.364,137.406), cal0:(476.415,197.722)
left eye (inner) real1:(196.943,108.54), cal1:(203.236,52.3668)

0.287056 -0.0942248 1.14423 0.999172
left eye real0:(490.657,138.529), cal0:(482.664,199.207)
left eye real1:(208.254,110.808), cal1:(214.584,54.3452)

0.301903 -0.0921245 1.15966 0.999175
left eye (outer) real0:(496.407,139.748), cal0:(488.349,200.954)
left eye (outer) real1:(218.58,113.488), cal1:(224.965,56.5764)

0.224939 -0.100927 1.11438 0.998873
right eye (inner) real0:(461.148,134.07), cal0:(453.213,194.267)
right eye (inner) real1:(169.528,105.232), cal1:(175.839,48.8762)

0.20742 -0.103545 1.12484 0.998871
right eye real0:(450.652,133.251), cal0:(442.729,193.374)
right eye real1:(162.4,105.003), cal1:(168.719,48.5978)

0.189615 -0.106214 1.14085 0.998751
right eye (outer) real0:(439.661,133.045), cal0:(431.798,192.745)
right eye (outer) real1:(156.526,104.889), cal1:(162.815,48.7953)

0.307947 -0.0747668 1.26125 0.999446
left ear real0:(486.651,151.627), cal0:(478.63,213.071)
left ear real1:(236.63,130.388), cal1:(243.154,72.9045)

0.146585 -0.0941341 1.23996 0.999065
right ear real0:(410.477,145.556), cal0:(402.969,203.072)
right ear real1:(156.206,118.325), cal1:(162.416,63.6134)

0.269421 -0.00481409 1.12195 0.999786
mouth (left) real0:(483.723,187.353), cal0:(476.213,246.118)
mouth (left) real1:(196.718,159.804), cal1:(203.304,103.382)

0.214305 -0.0106077 1.09289 0.999688
mouth (right) real0:(457.236,184.286), cal0:(449.751,242.864)
mouth (right) real1:(161.45,156.001), cal1:(168.058,99.3988)

0.419075 0.235439 1.3788 0.999105
left shoulder real0:(521.591,292.326), cal0:(514.546,351.319)
left shoulder real1:(301.353,277.562), cal1:(308.795,218.547)

-0.0303634 0.180745 1.20508 0.998867
right shoulder real0:(323.44,282.91), cal0:(316.811,338.837)
right shoulder real1:(73.582,258.814), cal1:(80.9953,200.498)

0.477217 0.493644 1.27 0.652082
left elbow real0:(562.544,437.776), cal0:(557.692,482.299)
left elbow real1:(315.582,440.197), cal1:(328.878,343.338)

-0.103254 0.383349 1.09822 0.770062
right elbow real0:(276.691,447.16), cal0:(275.464,458.48)
right elbow real1:(11.1412,406.358), cal1:(24.7324,307.772)

0.356096 0.844355 1.51255 0.0440775
left wrist real0:(480.223,515.598), cal0:(473.385,584.187)
left wrist real1:(277.872,570.083), cal1:(296.984,439.566)

0.134339 0.347249 0.850334 0.123792
right wrist real0:(428.615,477.683), cal0:(426.859,494.121)
right wrist real1:(42.9102,497.214), cal1:(66.1215,330.794)

0.301922 1.14103 1.5798 0.0298398
left pinky real0:(459.996,537.926), cal0:(446.763,682.769)
left pinky real1:(271.038,611.563), cal1:(284.472,524.467)

0.16297 0.384403 0.797565 0.0750322
right pinky real0:(458.362,502.992), cal0:(454.705,538.355)
right pinky real1:(43.8114,524.806), cal1:(66.2906,367.501)

0.238176 1.11858 1.49558 0.0464314
left index real0:(443.14,525.721), cal0:(427.622,698.188)
left index real1:(244.567,602.461), cal1:(255.191,534.178)

0.169457 0.390539 0.823766 0.0828069
right index real0:(461.338,477.686), cal0:(455.531,533.618)
right index real1:(59.5838,513.67), cal1:(80.7257,365.31)

0.254776 1.01327 1.47133 0.0509724
left thumb real0:(449.346,518.787), cal0:(435.976,662.581)
left thumb real1:(245.643,584.268), cal1:(257.868,504.287)

0.154559 0.39901 0.850775 0.0884322
right thumb real0:(446.994,473.733), cal0:(441.088,530.557)
right thumb real1:(61.5573,503.559), cal1:(81.4228,364.03)

0.337414 0.699576 1.24306 0.0474084
left hip real0:(495.128,585.823), cal0:(495.019,586.924)
left hip real1:(243.803,580.555), cal1:(265.072,435.4)

0.0372489 0.63897 1.1343 0.0510256
right hip real0:(351.795,586.031), cal0:(351.676,587.243)
right hip real1:(88.4262,569.84), cal1:(109.798,425.13)

0.314448 1.1557 1.20074 0.00090637
left knee real0:(489.987,818.209), cal0:(489.275,827.138)
left knee real1:(223.4,830.961), cal1:(255.91,633.753)

0.0447372 1.03889 1.08598 0.000989093
right knee real0:(356.803,822.273), cal0:(356.697,823.626)
right knee real1:(80.3147,823.007), cal1:(114.569,615.844)

0.302578 1.58778 1.22381 7.67097e-05
left ankle real0:(481.083,1018.89), cal0:(480.483,1028.42)
left ankle real1:(211.086,1050.75), cal1:(258.546,785.152)

0.0431266 1.41622 1.09467 6.71121e-05
right ankle real0:(355.652,1025.61), cal0:(355.616,1026.22)
right ankle real1:(77.1857,1043.3), cal1:(126.887,765.575)

0.300972 1.69766 1.25673 9.76657e-05
left heel real0:(476.411,1050.81), cal0:(475.824,1060.54)
left heel real1:(212.333,1085.62), cal1:(262.376,808.812)

0.0215706 1.51008 1.11956 0.000123541
right heel real0:(343.613,1057.79), cal0:(343.523,1059.31)
right heel real1:(73.2657,1076.71), cal1:(125.456,788.692)

0.290032 1.52216 1.09205 0.000222091
left foot index real0:(491.632,1084.16), cal0:(491.502,1086.39)
left foot index real1:(182.503,1121.68), cal1:(237.224,821.668)

0.113452 1.47044 1.04748 0.000204263
right foot index real0:(397.098,1090.92), cal0:(397.016,1092.36)
right foot index real1:(93.6028,1119.9), cal1:(149.702,813.54)

