camera0:
0.74622 0.337448 0.997124 0.84275
0.755602 0.28817 0.995375 0.86175
0.765408 0.290569 0.995626 0.85825
0.774098 0.29301 0.995721 0
0.71846 0.281105 0.996665 0.846
0.702391 0.279363 0.996816 0.8465
0.685568 0.278521 0.997002 0.84775
0.758433 0.318295 0.996802 0.85575
0.643154 0.303993 0.998364 0.858
0.751395 0.392435 0.99889 0.83825
0.710304 0.386131 0.999244 0.8295
0.812 0.617785 0.998202 0.95625
0.505781 0.583139 0.998958 0.84025
0.869537 0.920947 0.566081 0.9295
0.437302 0.9274 0.813382 0.81975
0.706147 1.05716 0.0348162 -111
0.597861 1.00236 0.156726 -111
0.659878 1.09265 0.0183347 -111
0.639419 1.04001 0.104946 -111
0.645929 1.05584 0.0216233 -111
0.644524 0.991218 0.10993 0.816
0.66011 1.04347 0.0255472 -111
0.629015 0.978206 0.10989 0.8205
0.771152 1.23432 0.0251471 -111
0.538936 1.23453 0.028945 -111
0.766457 1.732 0.000844646 -111
0.54775 1.7391 0.00104662 -111
0.758418 2.17061 0.000117094 -111
0.54205 2.18231 0.000107448 -111
0.756826 2.23345 9.64721e-05 -111
0.528001 2.24866 0.000185091 -111
0.748579 2.319 0.000306008 -111
0.585982 2.32556 0.000252904 -111
camera1:
0.272045 0.272142 0.999533 0.798
0.302708 0.228297 0.999087 0.8175
0.32006 0.232604 0.999213 0.82625
0.336451 0.237457 0.999217 0.82675
0.260846 0.221654 0.999121 0.83525
0.250166 0.22125 0.999115 0.83825
0.241038 0.221062 0.999069 0.84225
0.365745 0.270863 0.999438 0.8465
0.23951 0.247239 0.999197 0.833
0.302688 0.33391 0.999769 0.8175
0.248903 0.326849 0.999706 0.82325
0.468237 0.577515 0.998854 0.90225
0.111479 0.531189 0.999059 0.88375
0.485044 0.915377 0.391648 0.86075
0.0205766 0.841401 0.35603 0.8815
0.389768 1.15849 0.0507702 -111
0.142083 0.88006 0.150588 0.858
0.363259 1.21976 0.0493509 -111
0.168202 0.883969 0.128833 0.851
0.334019 1.19062 0.0719576 -111
0.178891 0.850247 0.158661 0.86325
0.338624 1.16445 0.0790616 -111
0.178715 0.853968 0.167468 0.86125
0.375702 1.20376 0.00360762 -111
0.134055 1.17742 0.00448175 -111
0.337812 1.72927 0.000264912 -111
0.113883 1.70405 0.000126019 -111
0.31131 2.1886 2.35069e-05 -111
0.110406 2.16841 4.10368e-06 -111
0.313545 2.25629 2.42885e-05 -111
0.106767 2.23447 8.523e-06 -111
0.270933 2.33631 2.50153e-05 -111
0.129536 2.32689 1.87407e-05 -111
fused:
0.24673 -0.0500411 1.07403 0.999533
nose real0:(477.581,161.975), cal0:(469.957,220.696)
nose real1:(174.109,130.628), cal1:(180.469,75.0139)

0.26784 -0.0929788 1.11997 0.999087
left eye (inner) real0:(483.585,138.322), cal0:(475.62,198.804)
left eye (inner) real1:(193.733,109.583), cal1:(200.048,53.2752)

0.283365 -0.0916011 1.13553 0.999213
left eye real0:(489.861,139.473), cal0:(481.865,200.217)
left eye real1:(204.838,111.65), cal1:(211.177,55.1538)

0.298015 -0.0899829 1.15184 0.999217
left eye (outer) real0:(495.423,140.645), cal0:(487.383,201.748)
left eye (outer) real1:(215.329,113.98), cal1:(221.705,57.1947)

0.221636 -0.0987116 1.11035 0.999121
right eye (inner) real0:(459.814,134.931), cal0:(451.866,195.268)
right eye (inner) real1:(166.941,106.394), cal1:(173.281,49.8414)

0.204585 -0.101305 1.12098 0.999115
right eye real0:(449.53,134.094), cal0:(441.59,194.385)
right eye real1:(160.106,106.2), cal1:(166.457,49.5751)

0.187111 -0.104053 1.13636 0.999069
right eye (outer) real0:(438.764,133.69), cal0:(430.869,193.667)
right eye (outer) real1:(154.265,106.11), cal1:(160.6,49.6519)

0.304099 -0.0736074 1.25534 0.999438
left ear real0:(485.397,152.782), cal0:(477.479,213.458)
left ear real1:(234.076,130.014), cal1:(240.531,73.1777)

0.147011 -0.0918368 1.22427 0.999197
right ear real0:(411.619,145.917), cal0:(404.088,203.615)
right ear real1:(153.286,118.675), cal1:(159.527,63.7015)

0.263987 -0.00353255 1.12094 0.999769
mouth (left) real0:(480.893,188.369), cal0:(473.431,246.803)
mouth (left) real1:(193.721,160.277), cal1:(200.283,104.11)

0.20975 -0.00902066 1.09393 0.999706
mouth (right) real0:(454.594,185.343), cal0:(447.138,243.741)
mouth (right) real1:(159.298,156.887), cal1:(165.899,100.398)

0.414805 0.239526 1.37702 0.998854
left shoulder real0:(519.68,296.537), cal0:(512.919,353.236)
left shoulder real1:(299.671,277.207), cal1:(306.845,220.407)

-0.0295644 0.172695 1.19595 0.999059
right shoulder real0:(323.7,279.907), cal0:(317.097,335.479)
right shoulder real1:(71.3465,254.971), cal1:(78.7033,196.961)

0.465135 0.498216 1.27043 0.566081
left elbow real0:(556.504,442.055), cal0:(551.902,484.381)
left elbow real1:(310.428,439.381), cal1:(323.388,345.132)

-0.0980045 0.386818 1.09429 0.813382
right elbow real0:(279.873,445.152), cal0:(278.143,461.139)
right elbow real1:(13.169,403.873), cal1:(26.1189,310.072)

0.263339 0.953444 1.47089 0.0507702
left wrist real0:(451.934,507.435), cal0:(439.505,638.261)
left wrist real1:(249.451,556.075), cal1:(260.359,483.807)

0.0792252 0.475709 1.03291 0.156726
right wrist real0:(382.631,481.135), cal0:(378.027,525.482)
right wrist real1:(90.9333,422.429), cal1:(98.7185,367.794)

0.183362 1.18562 1.50758 0.0493509
left pinky real0:(422.322,524.473), cal0:(405.017,721.339)
left pinky real1:(232.486,585.486), cal1:(237.744,552.058)

0.120691 0.499541 1.00298 0.128833
right pinky real0:(409.228,499.204), cal0:(404.239,548.022)
right pinky real1:(107.65,424.305), cal1:(112.993,387.229)

0.150132 1.12519 1.43728 0.0719576
left index real0:(413.394,506.803), cal0:(394.701,719.186)
left index real1:(213.772,571.498), cal1:(217.489,547.855)

0.126119 0.483863 1.01734 0.158661
right index real0:(412.495,475.784), cal0:(406.425,534.537)
right index real1:(114.49,408.119), cal1:(119.072,376.079)

0.170204 1.06226 1.40947 0.0790616
left thumb real0:(422.47,500.866), cal0:(404.494,701.636)
left thumb real1:(216.72,558.934), cal1:(220.71,533.344)

0.111072 0.498439 1.04525 0.167468
right thumb real0:(402.57,469.539), cal0:(395.787,535.283)
right thumb real1:(114.378,409.905), cal1:(118.99,377.689)

0.330177 0.708243 1.22939 0.0251471
left hip real0:(493.537,592.472), cal0:(493.295,594.921)
left hip real1:(240.449,577.805), cal1:(260.453,441.892)

0.0240977 0.657034 1.13932 0.028945
right hip real0:(344.919,592.574), cal0:(344.655,595.279)
right hip real1:(85.795,565.162), cal1:(105.567,431.909)

0.304222 1.15217 1.1605 0.000844646
left knee real0:(490.533,831.36), cal0:(489.436,845.369)
left knee real1:(216.2,830.049), cal1:(246.709,646.428)

0.0327854 1.04499 1.06772 0.00104662
right knee real0:(350.56,834.768), cal0:(350.395,836.886)
right knee real1:(72.8848,817.944), cal1:(105.026,624.701)

0.291962 1.52685 1.14643 0.000117094
left ankle real0:(485.387,1041.89), cal0:(484.945,1049.11)
left ankle real1:(199.239,1050.53), cal1:(244.846,797.193)

0.0269212 1.43812 1.08161 0.000107448
right ankle real0:(346.912,1047.51), cal0:(346.901,1047.77)
right ankle real1:(70.6601,1040.84), cal1:(117.729,779.225)

0.293255 1.61283 1.16099 9.64721e-05
left heel real0:(484.368,1072.06), cal0:(483.695,1083.58)
left heel real1:(200.669,1083.02), cal1:(248.233,822.038)

0.0109219 1.52385 1.102 0.000185091
right heel real0:(337.921,1079.36), cal0:(337.902,1079.74)
right heel real1:(68.3308,1072.55), cal1:(117.727,801.442)

0.265001 1.55932 1.08249 0.000306008
left foot index real0:(479.091,1113.12), cal0:(479.019,1114.41)
left foot index real1:(173.397,1121.43), cal1:(225.358,839.33)

0.0756347 1.52649 1.05614 0.000252904
right foot index real0:(375.029,1116.27), cal0:(374.971,1117.33)
right foot index real1:(82.9031,1116.91), cal1:(136.132,828.766)

