camera0:
0.757252 0.344521 0.997573 0.85525
0.765416 0.29357 0.996295 0.86075
0.774689 0.296414 0.996404 0
0.781986 0.299291 0.996501 0
0.727267 0.283613 0.997449 0.82675
0.711611 0.280761 0.997544 0.834
0.694633 0.278789 0.997763 0.8455
0.763762 0.322407 0.997418 0.86025
0.648014 0.302213 0.998751 0.8515
0.758159 0.395406 0.99906 0.88325
0.721173 0.388659 0.999359 0.827
0.811289 0.603837 0.998219 0.96
0.509428 0.576686 0.999253 0.8475
0.910161 0.871881 0.497659 0.93275
0.38586 0.905293 0.835402 0.78125
0.954838 1.01625 0.0473588 -111
0.538806 0.963077 0.213085 0.83825
0.975647 1.06176 0.0300127 -111
0.566723 0.99063 0.148355 0.7905
0.956711 1.04225 0.0351474 -111
0.584385 0.937701 0.156762 0.82225
0.941806 1.02778 0.0394326 -111
0.571486 0.928318 0.155077 0.82825
0.771814 1.23292 0.0212428 -111
0.534986 1.23625 0.0247887 -111
0.759454 1.72479 0.000950621 -111
0.529606 1.74748 0.00114 -111
0.746925 2.19102 0.000140608 -111
0.516866 2.20176 0.000106321 -111
0.737812 2.26492 0.0001051 -111
0.496469 2.27133 0.000186404 -111
0.762475 2.32238 0.000346196 -111
0.588576 2.3339 0.000281073 -111
camera1:
0.278843 0.276466 0.999394 0.798
0.307562 0.231225 0.998865 0.82225
0.324066 0.235598 0.998987 0.827
0.33914 0.240578 0.999027 0.8315
0.265611 0.224752 0.998942 0.811
0.254115 0.224608 0.99891 0.8345
0.243977 0.22495 0.998888 0.83775
0.368024 0.273336 0.999253 0.854
0.242201 0.251312 0.999027 0.83175
0.310603 0.337257 0.999713 0.82125
0.254927 0.330669 0.999644 0.806
0.476329 0.574065 0.998585 0.9045
0.120894 0.532377 0.998907 0.89325
0.56606 0.900354 0.355921 0
-0.0029397 0.806487 0.363523 -111
0.51489 1.14144 0.065074 -111
-0.00991701 0.882795 0.189481 -111
0.511327 1.21383 0.061956 -111
-0.0171838 0.905802 0.158686 -111
0.479117 1.18853 0.0877625 -111
0.00637017 0.87298 0.193017 0.85125
0.472249 1.16275 0.0976888 -111
0.0152101 0.871726 0.207664 0.85225
0.400272 1.19721 0.00353748 -111
0.148072 1.17866 0.00432902 -111
0.363225 1.71463 0.000281424 -111
0.121412 1.69942 0.000131756 -111
0.35047 2.18644 2.34665e-05 -111
0.121139 2.16345 4.07734e-06 -111
0.355106 2.26081 2.33511e-05 -111
0.116949 2.23006 8.02687e-06 -111
0.309603 2.32785 2.40438e-05 -111
0.153067 2.32253 1.83079e-05 -111
fused:
0.257471 -0.0445886 1.06565 0.999394
nose real0:(484.641,165.37), cal0:(477.097,223.551)
nose real1:(178.46,132.704), cal1:(184.779,77.5334)

0.277045 -0.0881835 1.10944 0.998865
left eye (inner) real0:(489.866,140.914), cal0:(481.969,200.928)
left eye (inner) real1:(196.84,110.988), cal1:(203.126,54.9941)

0.291738 -0.086461 1.12395 0.998987
left eye real0:(495.801,142.279), cal0:(487.885,202.466)
left eye real1:(207.402,113.087), cal1:(213.704,56.9924)

0.304708 -0.0845883 1.13999 0.999027
left eye (outer) real0:(500.471,143.66), cal0:(492.526,204.103)
left eye (outer) real1:(217.05,115.477), cal1:(223.38,59.1772)

0.230352 -0.095296 1.10249 0.998942
right eye (inner) real0:(465.451,136.134), cal0:(457.47,196.75)
right eye (inner) real1:(169.991,107.881), cal1:(176.374,50.9777)

0.213489 -0.0979129 1.11085 0.99891
right eye real0:(455.431,134.765), cal0:(447.406,195.725)
right eye real1:(162.634,107.812), cal1:(169.067,50.476)

0.195756 -0.100665 1.12454 0.998888
right eye (outer) real0:(444.565,133.819), cal0:(436.527,194.899)
right eye (outer) real1:(156.145,107.976), cal1:(162.61,50.3932)

0.309279 -0.0697487 1.24706 0.999253
left ear real0:(488.807,154.755), cal0:(480.941,215.084)
left ear real1:(235.535,131.201), cal1:(241.971,74.5881)

0.152479 -0.090254 1.22046 0.999027
right ear real0:(414.729,145.062), cal0:(407.005,204.254)
right ear real1:(155.009,120.63), cal1:(161.418,64.1868)

0.272652 -0.000781819 1.12338 0.999713
mouth (left) real0:(485.222,189.795), cal0:(477.758,248.279)
mouth (left) real1:(198.786,161.883), cal1:(205.359,105.662)

0.220509 -0.00581981 1.0851 0.999644
mouth (right) real0:(461.551,186.556), cal0:(454.032,245.474)
mouth (right) real1:(163.153,158.721), cal1:(169.817,101.737)

0.422426 0.234376 1.40806 0.998585
left shoulder real0:(519.225,289.842), cal0:(512.181,348.733)
left shoulder real1:(304.851,275.551), cal1:(312.262,216.682)

-0.0256601 0.172016 1.2133 0.999253
right shoulder real0:(326.034,276.809), cal0:(319.242,333.902)
right shoulder real1:(77.3722,255.541), cal1:(84.9146,195.992)

0.57131 0.508128 1.39968 0.497659
left elbow real0:(582.503,418.503), cal0:(577.163,466.874)
left elbow real1:(362.278,432.17), cal1:(375.728,333.094)

-0.164503 0.380691 1.14135 0.835402
right elbow real0:(246.951,434.541), cal0:(245.36,449.153)
right elbow real1:(-1.88141,387.114), cal1:(10.0345,300.361)

0.514975 0.720549 1.16258 0.065074
left wrist real0:(611.097,487.799), cal0:(598.061,621.177)
left wrist real1:(329.53,547.889), cal1:(341.408,467.881)

0.0108706 0.387564 0.876717 0.213085
right wrist real0:(344.836,462.277), cal0:(339.397,514.371)
right wrist real1:(-6.34688,423.742), cal1:(4.3777,348.172)

0.507998 0.825178 1.1082 0.061956
left pinky real0:(624.414,509.645), cal0:(607.338,696.199)
left pinky real1:(327.249,582.637), cal1:(335.182,531.232)

0.0332543 0.403133 0.829696 0.158686
right pinky real0:(362.703,475.502), cal0:(356.027,540.704)
right pinky real1:(-10.9976,434.785), cal1:(-1.48243,368.672)

0.468408 0.807394 1.07364 0.0877625
left index real0:(612.295,500.279), cal0:(594.049,700.647)
left index real1:(306.635,570.496), cal1:(312.509,532.535)

0.0476304 0.392917 0.843392 0.193017
right index real0:(374.007,450.096), cal0:(365.876,528.683)
right index real1:(4.07691,419.03), cal1:(12.5949,359.406)

0.457561 0.792648 1.08668 0.0976888
left thumb real0:(602.756,493.333), cal0:(584.908,687.069)
left thumb real1:(302.239,558.119), cal1:(307.944,521.018)

0.0361289 0.40917 0.869871 0.207664
right thumb real0:(365.751,445.592), cal0:(356.9,531.389)
right thumb real1:(9.73444,418.428), cal1:(17.6291,363.282)

0.34821 0.745413 1.29371 0.0212428
left hip real0:(493.961,591.8), cal0:(493.648,594.975)
left hip real1:(256.174,574.662), cal1:(275.389,444.106)

0.0198894 0.684306 1.18148 0.0247887
right hip real0:(342.391,593.401), cal0:(342.061,596.784)
right hip real1:(94.7664,565.757), cal1:(114.233,434.684)

0.316547 1.2218 1.24174 0.000950621
left knee real0:(486.051,827.9), cal0:(485.096,840.036)
left knee real1:(232.464,823.022), cal1:(261.965,645.081)

0.0127247 1.09863 1.11536 0.00114
right knee real0:(338.948,838.789), cal0:(338.802,840.67)
right knee real1:(77.7039,815.721), cal1:(108.842,628.875)

0.310073 1.71727 1.27768 0.000140608
left ankle real0:(478.032,1051.69), cal0:(477.744,1056.46)
left ankle real1:(224.301,1049.49), cal1:(268.092,806.883)

-0.0022202 1.54707 1.15014 0.000106321
right ankle real0:(330.794,1056.85), cal0:(330.788,1057.1)
right ankle real1:(77.5288,1038.46), cal1:(122.812,787.216)

0.308276 1.86756 1.32511 0.0001051
left heel real0:(472.199,1087.16), cal0:(471.711,1095.7)
left heel real1:(227.268,1085.19), cal1:(272.974,835.468)

-0.0280377 1.65979 1.18489 0.000186404
right heel real0:(317.74,1090.24), cal0:(317.732,1090.56)
right heel real1:(74.8474,1070.43), cal1:(122.305,810.379)

0.297123 1.65075 1.14433 0.000346196
left foot index real0:(487.984,1114.74), cal0:(487.935,1115.65)
left foot index real1:(198.146,1117.37), cal1:(248.474,844.094)

0.0820315 1.6004 1.10253 0.000281073
right foot index real0:(376.689,1120.27), cal0:(376.647,1121.07)
right foot index real1:(97.9629,1114.81), cal1:(149.926,833.768)

