camera0:
0.746343 0.335599 0.997872 0.84775
0.755164 0.287237 0.996144 0.867
0.764783 0.289536 0.996558 0.89475
0.773688 0.292029 0.996558 0
0.719588 0.280504 0.996188 0.839
0.702893 0.279038 0.996402 0.8465
0.685771 0.278893 0.995862 0.84475
0.7598 0.316138 0.996411 0.8605
0.640805 0.304999 0.997365 0.8565
0.754357 0.392194 0.998904 0.851
0.713142 0.384999 0.999195 0.826
0.814917 0.604369 0.998654 0.9605
0.505493 0.589072 0.996957 0.839
0.881949 0.912523 0.677942 0.9125
0.433693 0.926745 0.754947 0.81375
0.768817 1.04693 0.0489344 -111
0.619436 1.01212 0.113504 -111
0.742086 1.08511 0.0230267 -111
0.668968 1.04858 0.0672608 -111
0.715366 1.05424 0.0292813 -111
0.67704 0.995611 0.0759538 0.839
0.722365 1.04202 0.0388058 -111
0.658607 0.983885 0.082318 0.81925
0.777163 1.20674 0.0517191 -111
0.548549 1.2076 0.0536614 -111
0.763502 1.68428 0.000887028 -111
0.551291 1.69352 0.000864448 -111
0.753138 2.10024 5.44393e-05 -111
0.551032 2.11449 4.62244e-05 -111
0.749422 2.16925 8.07447e-05 -111
0.534703 2.18281 9.75053e-05 -111
0.763353 2.23542 0.000138716 -111
0.61227 2.25313 0.000151433 -111
camera1:
0.276619 0.26816 0.99943 0.79975
0.308338 0.22576 0.998915 0.83025
0.326121 0.230726 0.999115 0.829
0.342333 0.236601 0.999104 0.81525
0.265286 0.218301 0.998757 0.817
0.254083 0.217654 0.99877 0.8445
0.244735 0.217305 0.998622 0.84575
0.370133 0.271863 0.999427 0.85075
0.244857 0.245813 0.998998 0.8415
0.307945 0.333116 0.999772 0.8195
0.25306 0.325006 0.999662 0.82375
0.470835 0.578172 0.999091 0.90675
0.115477 0.539171 0.998801 0.8845
0.497309 0.914198 0.464442 0.89075
0.0169739 0.844375 0.263489 0.87675
0.435343 1.17994 0.03061 -111
0.0465668 0.979417 0.0374317 0.866
0.428215 1.2633 0.0261437 -111
0.0412122 1.02047 0.0345189 -111
0.387106 1.24133 0.0408934 -111
0.0634581 0.99237 0.0493827 0.854
0.38717 1.20609 0.0454572 -111
0.0706438 0.979258 0.0550679 0
0.37897 1.20882 0.00442941 -111
0.136308 1.18543 0.0051125 -111
0.342671 1.72834 0.000229144 -111
0.115625 1.70944 9.69788e-05 -111
0.321263 2.18456 1.63964e-05 -111
0.109698 2.16675 3.92606e-06 -111
0.322282 2.25663 2.16987e-05 -111
0.104418 2.2342 1.14124e-05 -111
0.279429 2.32971 2.23545e-05 -111
0.134068 2.32505 1.67187e-05 -111
fused:
0.248907 -0.0532086 1.08228 0.99943
nose real0:(477.659,161.087), cal0:(470.114,219.151)
nose real1:(177.036,128.717), cal1:(183.32,73.6934)

0.270366 -0.0959858 1.13214 0.998915
left eye (inner) real0:(483.305,137.874), cal0:(475.416,197.744)
left eye (inner) real1:(197.336,108.365), cal1:(203.587,52.5704)

0.286179 -0.0945529 1.14945 0.999115
left eye real0:(489.461,138.977), cal0:(481.521,199.26)
left eye real1:(208.718,110.748), cal1:(215.011,54.6107)

0.301068 -0.0923752 1.16542 0.999104
left eye (outer) real0:(495.16,140.174), cal0:(487.146,201.061)
left eye (outer) real1:(219.093,113.568), cal1:(225.45,56.9145)

0.224408 -0.101143 1.11668 0.998757
right eye (inner) real0:(460.536,134.642), cal0:(452.677,194.263)
right eye (inner) real1:(169.783,104.785), cal1:(176.034,48.9682)

0.206591 -0.103801 1.12756 0.99877
right eye real0:(449.852,133.938), cal0:(442.02,193.371)
right eye real1:(162.613,104.474), cal1:(168.861,48.7095)

0.188722 -0.106319 1.1431 0.998622
right eye (outer) real0:(438.894,133.869), cal0:(431.132,192.8)
right eye (outer) real1:(156.63,104.306), cal1:(162.837,48.9491)

0.307777 -0.074766 1.26376 0.999427
left ear real0:(486.272,151.746), cal0:(478.259,213.142)
left ear real1:(236.885,130.494), cal1:(243.405,73.06)

0.146338 -0.0939334 1.2427 0.998998
right ear real0:(410.115,146.399), cal0:(402.692,203.27)
right ear real1:(156.708,117.99), cal1:(162.848,63.9077)

0.268693 -0.00409687 1.12568 0.999772
mouth (left) real0:(482.788,188.253), cal0:(475.346,246.51)
mouth (left) real1:(197.085,159.896), cal1:(203.619,103.941)

0.213624 -0.0103426 1.09668 0.999662
mouth (right) real0:(456.411,184.799), cal0:(448.972,243.029)
mouth (right) real1:(161.958,156.003), cal1:(168.53,99.7278)

0.419118 0.233057 1.38029 0.999091
left shoulder real0:(521.547,290.097), cal0:(514.367,350.171)
left shoulder real1:(301.334,277.522), cal1:(308.906,217.436)

-0.0302595 0.180753 1.20616 0.998801
right shoulder real0:(323.515,282.755), cal0:(316.876,338.76)
right shoulder real1:(73.905,258.802), cal1:(81.3215,200.459)

0.482689 0.491499 1.27278 0.677942
left elbow real0:(564.447,438.011), cal0:(559.782,480.775)
left elbow real1:(318.278,438.815), cal1:(331.546,342.055)

-0.101365 0.377504 1.09595 0.754947
right elbow real0:(277.564,444.838), cal0:(276.383,455.709)
right elbow real1:(10.8633,405.3), cal1:(24.6388,305.203)

0.376462 0.747737 1.46256 0.0489344
left wrist real0:(492.043,502.525), cal0:(486.585,555.953)
left wrist real1:(278.62,566.372), cal1:(300.594,413.832)

0.0915446 0.362688 0.871438 0.113504
right wrist real0:(396.439,485.818), cal0:(395.058,498.824)
right wrist real1:(29.8028,470.12), cal1:(48.6595,335.574)

0.333978 1.01031 1.52948 0.0261437
left pinky real0:(474.935,520.852), cal0:(463.131,645.68)
left pinky real1:(274.058,606.382), cal1:(291.234,492.89)

0.124919 0.380908 0.805773 0.0672608
right pinky real0:(428.14,503.317), cal0:(425.085,532.797)
right pinky real1:(26.3758,489.823), cal1:(44.5854,362.213)

0.270327 0.996643 1.45618 0.0408934
left index real0:(457.834,506.036), cal0:(443.474,660.024)
left index real1:(247.748,595.841), cal1:(262.042,502.184)

0.132947 0.377355 0.826494 0.0759538
right index real0:(433.306,477.893), cal0:(428.585,523.092)
right index real1:(40.6132,476.338), cal1:(57.7943,355.231)

0.282619 0.899657 1.43502 0.0454572
left thumb real0:(462.314,500.17), cal0:(450.265,625.473)
left thumb real1:(247.789,578.923), cal1:(263.741,472.506)

0.120725 0.384493 0.856183 0.082318
right thumb real0:(421.509,472.265), cal0:(416.658,518.587)
right thumb real1:(45.212,470.044), cal1:(61.7965,352.921)

0.339294 0.680063 1.23284 0.0517191
left hip real0:(497.384,579.237), cal0:(497.287,580.215)
left hip real1:(242.541,580.233), cal1:(264.584,429.216)

0.035943 0.627719 1.13593 0.0536614
right hip real0:(351.072,579.647), cal0:(350.957,580.805)
right hip real1:(87.237,569.006), cal1:(109.224,419.619)

0.309493 1.13233 1.1931 0.000887028
left knee real0:(488.642,808.455), cal0:(487.788,819.075)
left knee real1:(219.309,829.601), cal1:(252.596,626.979)

0.0372208 1.01699 1.07941 0.000864448
right knee real0:(352.826,812.888), cal0:(352.664,814.927)
right knee real1:(74.0003,820.533), cal1:(108.931,608.522)

0.297155 1.54876 1.19839 5.44393e-05
left ankle real0:(482.008,1008.11), cal0:(480.915,1025.39)
left ankle real1:(205.608,1048.59), cal1:(253.191,782.013)

0.0371369 1.38191 1.08184 4.62244e-05
right ankle real0:(352.66,1014.96), cal0:(352.571,1016.38)
right ankle real1:(70.2067,1040.04), cal1:(120.58,757.72)

0.297809 1.63583 1.2186 8.07447e-05
left heel real0:(479.63,1041.24), cal0:(478.767,1055.45)
left heel real1:(206.26,1083.18), cal1:(256.63,804.062)

0.0185187 1.46997 1.10182 9.75053e-05
right heel real0:(342.21,1047.75), cal0:(342.045,1050.49)
right heel real1:(66.8277,1072.42), cal1:(119.371,781.593)

0.283628 1.50544 1.09034 0.000138716
left foot index real0:(488.546,1073), cal0:(488.223,1078.48)
left foot index real1:(178.835,1118.26), cal1:(233.877,815.689)

0.103195 1.44212 1.03749 0.000151433
right foot index real0:(391.853,1081.5), cal0:(391.704,1084.07)
right foot index real1:(85.8036,1116.02), cal1:(142.286,806.746)

