camera0:
0.751711 0.341575 0.997125 0.85475
0.758462 0.291512 0.995578 0.86825
0.768233 0.294615 0.995769 0.86025
0.776796 0.297877 0.995892 0
0.721296 0.282913 0.996844 0.84125
0.705911 0.28082 0.996947 0.841
0.68906 0.279527 0.997174 0.85275
0.759802 0.322911 0.996957 0.862
0.643613 0.305548 0.998433 0.86175
0.75493 0.395923 0.998913 0
0.716081 0.388922 0.999246 0.8325
0.81135 0.620458 0.998183 0.9565
0.504705 0.582609 0.999056 0.842
0.856082 0.934807 0.553209 0.9115
0.439311 0.930709 0.817256 0.811
0.644302 0.970752 0.03708 0.814
0.643372 1.01151 0.159498 -111
0.612484 1.03278 0.0198736 -111
0.691361 1.05128 0.106895 -111
0.602618 0.996699 0.0233506 0.831
0.691449 0.998519 0.112663 0.85425
0.621863 0.982284 0.0267415 0.82325
0.67029 0.986207 0.11121 0.84975
0.771869 1.23859 0.0230393 -111
0.539147 1.24431 0.0268344 -111
0.764862 1.73393 0.000938253 -111
0.545634 1.74754 0.0011081 -111
0.755572 2.17686 0.000143103 -111
0.539009 2.19144 0.000113874 -111
0.753217 2.24059 0.000113762 -111
0.524747 2.25772 0.000203296 -111
0.748598 2.32679 0.000346529 -111
0.58483 2.33523 0.000279064 -111
camera1:
0.274109 0.271421 0.999495 0.8065
0.304644 0.227303 0.999008 0.83
0.322071 0.231569 0.99913 0.8345
0.337915 0.236412 0.999147 0.8345
0.261782 0.221098 0.999084 0.821
0.25069 0.220683 0.99907 0.83525
0.241264 0.220421 0.999048 0.86375
0.365904 0.270347 0.999357 0.848
0.239377 0.24667 0.999174 0.833
0.30438 0.333797 0.999738 0.81875
0.250271 0.326495 0.999687 0.818
0.468348 0.578467 0.998642 0.9005
0.112305 0.532235 0.999046 0.88525
0.484071 0.913915 0.359589 0.8715
0.0203469 0.848777 0.348586 0.86925
0.404373 1.17589 0.0467955 -111
0.080721 0.97954 0.14222 0.8635
0.386591 1.24746 0.046976 -111
0.0827643 1.00787 0.123547 -111
0.353565 1.21905 0.0684758 -111
0.101316 0.981435 0.152873 0
0.354652 1.18718 0.0758056 -111
0.109441 0.973009 0.161493 0.85575
0.379414 1.20781 0.00342897 -111
0.137217 1.18456 0.00429215 -111
0.339241 1.7345 0.00025942 -111
0.114908 1.71163 0.000122629 -111
0.314481 2.19477 2.2838e-05 -111
0.11336 2.17331 4.03118e-06 -111
0.316327 2.26336 2.41324e-05 -111
0.1097 2.23989 8.10723e-06 -111
0.274379 2.34404 2.59618e-05 -111
0.136259 2.3323 1.8877e-05 -111
fused:
0.251576 -0.0480263 1.06691 0.999495
nose real0:(481.095,163.956), cal0:(473.608,221.644)
nose real1:(175.43,130.282), cal1:(181.679,75.6505)

0.270854 -0.091694 1.11727 0.999008
left eye (inner) real0:(485.416,139.926), cal0:(477.588,199.374)
left eye (inner) real1:(194.972,109.105), cal1:(201.183,53.7344)

0.286403 -0.0900305 1.13281 0.99913
left eye real0:(491.669,141.415), cal0:(483.836,200.933)
left eye real1:(206.126,111.153), cal1:(212.342,55.7726)

0.300675 -0.0879432 1.14796 0.999147
left eye (outer) real0:(497.15,142.981), cal0:(489.301,202.656)
left eye (outer) real1:(216.266,113.478), cal1:(222.5,57.9856)

0.224271 -0.0976682 1.10619 0.999084
right eye (inner) real0:(461.63,135.798), cal0:(453.748,195.634)
right eye (inner) real1:(167.541,106.127), cal1:(173.83,50.0284)

0.207698 -0.100116 1.11464 0.99907
right eye real0:(451.783,134.794), cal0:(443.892,194.717)
right eye real1:(160.441,105.928), cal1:(166.754,49.6394)

0.190228 -0.102999 1.12938 0.999048
right eye (outer) real0:(440.998,134.173), cal0:(433.138,193.887)
right eye (outer) real1:(154.409,105.802), cal1:(160.717,49.5827)

0.305213 -0.0713426 1.25097 0.999357
left ear real0:(486.273,154.997), cal0:(478.523,214.423)
left ear real1:(234.178,129.767), cal1:(240.509,74.0553)

0.147512 -0.0911954 1.22233 0.999174
right ear real0:(411.913,146.663), cal0:(404.449,203.859)
right ear real1:(153.201,118.402), cal1:(159.391,63.8924)

0.267349 -0.0018971 1.11654 0.999738
mouth (left) real0:(483.155,190.043), cal0:(475.798,247.676)
mouth (left) real1:(194.803,160.223), cal1:(201.279,104.819)

0.214857 -0.00755802 1.08504 0.999687
mouth (right) real0:(458.292,186.683), cal0:(450.91,244.511)
mouth (right) real1:(160.174,156.717), cal1:(166.711,100.791)

0.414525 0.24173 1.37881 0.998642
left shoulder real0:(519.264,297.82), cal0:(512.562,354.061)
left shoulder real1:(299.743,277.664), cal1:(306.87,221.274)

-0.0311266 0.173455 1.20076 0.999056
right shoulder real0:(323.011,279.652), cal0:(316.375,335.512)
right shoulder real1:(71.8752,255.473), cal1:(79.2728,197.147)

0.45878 0.511581 1.30018 0.553209
left elbow real0:(547.893,448.707), cal0:(543.934,485.167)
left elbow real1:(309.806,438.679), cal1:(322.486,346.556)

-0.0952745 0.38774 1.09077 0.817256
right elbow real0:(281.159,446.74), cal0:(279.474,462.332)
right elbow real1:(13.022,407.413), cal1:(26.3362,311.035)

0.207502 1.11144 1.86708 0.0467955
left wrist real0:(412.354,465.961), cal0:(398.715,606.454)
left wrist real1:(258.798,564.429), cal1:(273.998,461.976)

0.107426 0.437493 0.878826 0.159498
right wrist real0:(411.758,485.525), cal0:(405.384,547.877)
right wrist real1:(51.6614,470.179), cal1:(64.6508,380.034)

0.127957 1.45653 1.88254 0.046976
left pinky real0:(391.99,495.736), cal0:(372.782,713.683)
left pinky real1:(247.419,598.781), cal1:(254.893,550.841)

0.139504 0.461586 0.819129 0.123547
right pinky real0:(442.471,504.615), cal0:(434.263,587.358)
right pinky real1:(52.9692,483.776), cal1:(63.6043,411.45)

0.0941965 1.3487 1.72918 0.0684758
left index real0:(385.675,478.416), cal0:(364.674,717.446)
left index real1:(226.282,585.145), cal1:(231.656,550.819)

0.141237 0.466072 0.844366 0.152873
right index real0:(442.527,479.289), cal0:(432.438,580.428)
right index real1:(64.8423,471.089), cal1:(74.2002,407.214)

0.125133 1.23426 1.64627 0.0758056
left thumb real0:(397.992,471.496), cal0:(377.612,699.274)
left thumb real1:(226.977,569.846), cal1:(232.364,535.201)

0.126613 0.484555 0.879948 0.161493
right thumb real0:(428.985,473.379), cal0:(418.39,579.638)
right thumb real1:(70.0425,467.044), cal1:(78.6386,408.389)

0.333229 0.717428 1.23737 0.0230393
left hip real0:(493.996,594.521), cal0:(493.737,597.149)
left hip real1:(242.825,579.748), cal1:(262.807,444.15)

0.0244512 0.669615 1.14512 0.0268344
right hip real0:(345.054,597.267), cal0:(344.776,600.126)
right hip real1:(87.8188,568.589), cal1:(107.5,436.285)

0.305031 1.15729 1.16951 0.000938253
left knee real0:(489.512,832.285), cal0:(488.64,843.405)
left knee real1:(217.114,832.559), cal1:(248.219,645.202)

0.0305931 1.05741 1.07362 0.0011081
right knee real0:(349.206,838.82), cal0:(349.067,840.612)
right knee real1:(73.5413,821.585), cal1:(105.836,627.728)

0.292719 1.54834 1.16201 0.000143103
left ankle real0:(483.566,1044.89), cal0:(483.285,1049.49)
left ankle real1:(201.268,1053.49), cal1:(247.274,797.973)

0.0236709 1.4611 1.09296 0.000113874
right ankle real0:(344.966,1051.89), cal0:(344.959,1052.11)
right ankle real1:(72.5503,1043.19), cal1:(119.434,782.6)

0.29342 1.63692 1.17809 0.000113762
left heel real0:(482.059,1075.48), cal0:(481.576,1083.74)
left heel real1:(202.449,1086.41), cal1:(250.524,822.659)

0.00719817 1.54886 1.11438 0.000203296
right heel real0:(335.838,1083.71), cal0:(335.829,1084)
right heel real1:(70.2081,1075.15), cal1:(119.462,804.722)

0.267136 1.57804 1.09103 0.000346529
left foot index real0:(479.103,1116.86), cal0:(479.043,1117.94)
left foot index real1:(175.603,1125.14), cal1:(227.777,842.193)

0.0755201 1.55832 1.07266 0.000279064
right foot index real0:(374.291,1120.91), cal0:(374.245,1121.79)
right foot index real1:(87.2055,1119.5), cal1:(140.286,832.552)

