camera0:
0.652291 0.381098 0.997737 1.0285
0.667422 0.344109 0.994745 1.0505
0.677463 0.345339 0.993106 1.0655
0.68574 0.346778 0.993582 1.067
0.634756 0.342269 0.996179 1.0455
0.621878 0.342421 0.995194 1.0455
0.609232 0.343308 0.995832 1.04675
0.687997 0.366499 0.994473 1.0745
0.580353 0.363363 0.996503 1.07225
0.664452 0.422453 0.999242 1.03775
0.627561 0.422818 0.999416 1.03475
0.764289 0.595685 0.99716 1.08725
0.499601 0.589959 0.996677 1.0145
0.83334 0.874692 0.98661 0.88325
0.527238 0.894487 0.989976 0.86525
0.757679 1.02803 0.807933 -111
0.751712 0.847848 0.907309 0.9345
0.751675 1.08197 0.465495 -111
0.810611 0.848262 0.637322 0.926
0.721579 1.07121 0.448891 -111
0.825102 0.806915 0.638294 0.939
0.718581 1.05142 0.523957 -111
0.786548 0.812072 0.668545 0.95975
0.738807 1.03762 0.905048 -111
0.55092 0.998744 0.915624 0.95275
0.742222 1.36762 0.0199227 -111
0.587499 1.36739 0.0189007 -111
0.733413 1.64853 0.000409151 -111
0.587824 1.65501 0.000637733 -111
0.731766 1.6972 0.00109747 -111
0.584022 1.70693 0.000941986 -111
0.731199 1.76382 0.000556349 -111
0.612333 1.76517 0.000973136 -111
camera1:
0.36004 0.337209 0.994918 1.005
0.387652 0.298383 0.990117 1.02625
0.401445 0.302194 0.989835 1.02275
0.413624 0.306732 0.991008 1.03875
0.34822 0.291458 0.992297 1.022
0.337096 0.290301 0.991251 1.02975
0.327821 0.289814 0.993494 1.04025
0.4326 0.330346 0.989664 0
0.32064 0.309537 0.990217 1.04425
0.384069 0.385496 0.998171 1.0285
0.33767 0.380453 0.998707 1.021
0.494656 0.572657 0.991994 1.01725
0.216531 0.543733 0.99784 1.03425
0.483838 0.889876 0.921589 0.8755
0.130598 0.848414 0.977906 0.90025
0.305319 0.949812 0.404262 0
0.345721 0.839114 0.824787 0.8985
0.248645 0.981683 0.159732 0
0.391477 0.842308 0.518338 0.87525
0.245047 0.94551 0.161705 1
0.401862 0.800121 0.492598 0.9725
0.258871 0.935021 0.221166 1.023
0.391798 0.80211 0.496134 0.9885
0.42714 1.04595 0.853417 -111
0.212311 0.983972 0.869543 0
0.387342 1.43197 0.0187594 -111
0.201284 1.39937 0.0309273 -111
0.35373 1.76226 0.00106488 -111
0.180499 1.74168 0.00154672 -111
0.352542 1.81134 0.00248583 -111
0.172639 1.79438 0.00243725 -111
0.327975 1.88661 0.00104039 -111
0.198418 1.87552 0.00262264 -111
fused:
0.20459 -0.0267883 1.56697 0.997737
nose real0:(417.466,182.927), cal0:(410.386,238.423)
nose real1:(230.425,161.86), cal1:(236.709,108.024)

0.237758 -0.0761412 1.62203 0.994745
left eye (inner) real0:(427.15,165.172), cal0:(420.008,220.486)
left eye (inner) real1:(248.097,143.224), cal1:(254.205,90.0453)

0.257526 -0.0736117 1.63876 0.993106
left eye real0:(433.576,165.763), cal0:(426.356,221.701)
left eye real1:(256.925,145.053), cal1:(263.079,91.4803)

0.274693 -0.0706212 1.65654 0.993582
left eye (outer) real0:(438.873,166.453), cal0:(431.569,223.076)
left eye (outer) real1:(264.719,147.231), cal1:(270.938,93.1216)

0.178335 -0.0802705 1.59162 0.996179
right eye (inner) real0:(406.244,164.289), cal0:(399.261,218.387)
right eye (inner) real1:(222.861,139.9), cal1:(228.855,87.7422)

0.157283 -0.0817156 1.59777 0.995194
right eye real0:(398.002,164.362), cal0:(391.087,217.96)
right eye real1:(215.741,139.345), cal1:(221.693,87.5759)

0.137024 -0.0825471 1.61048 0.995832
right eye (outer) real0:(389.909,164.788), cal0:(383.062,217.893)
right eye (outer) real1:(209.805,139.111), cal1:(215.698,87.896)

0.291683 -0.0469449 1.73275 0.994473
left ear real0:(440.318,175.919), cal0:(433.078,232.415)
left ear real1:(276.864,158.566), cal1:(283.163,104.136)

0.0931671 -0.0644882 1.70189 0.996503
right ear real0:(371.426,174.414), cal0:(364.836,225.924)
right ear real1:(205.21,148.578), cal1:(211.059,98.1317)

0.231626 0.0278602 1.61406 0.999242
mouth (left) real0:(425.249,202.777), cal0:(418.16,259.071)
mouth (left) real1:(245.804,185.038), cal1:(252.31,130.16)

0.164051 0.0244802 1.5704 0.999416
mouth (right) real0:(401.639,202.953), cal0:(394.706,258.065)
mouth (right) real1:(216.109,182.618), cal1:(222.521,128.623)

0.414618 0.261622 1.65723 0.99716
left shoulder real0:(489.145,285.929), cal0:(482.251,343.573)
left shoulder real1:(316.58,274.875), cal1:(323.903,216.571)

-0.0476142 0.224979 1.54945 0.99784
right shoulder real0:(319.744,283.18), cal0:(313.487,335.96)
right shoulder real1:(138.58,260.992), cal1:(145.514,206.311)

0.443828 0.538684 1.37188 0.98661
left elbow real0:(533.338,419.852), cal0:(526.306,484.681)
left elbow real1:(309.656,427.141), cal1:(320.609,347.634)

-0.00160899 0.464285 1.1626 0.989976
right elbow real0:(337.433,429.354), cal0:(331.117,488.702)
right elbow real1:(83.5825,407.239), cal1:(93.1488,338.846)

0.271843 0.478907 1.0833 0.807933
left wrist real0:(484.914,493.455), cal0:(482.704,514.382)
left wrist real1:(195.404,455.91), cal1:(208.386,363.632)

0.284729 0.436097 1.19986 0.907309
right wrist real0:(481.096,406.967), cal0:(474.51,467.128)
right wrist real1:(221.262,402.775), cal1:(231.983,324.375)

0.242673 0.460509 0.984793 0.465495
left pinky real0:(481.072,519.345), cal0:(479.988,529.73)
left pinky real1:(159.133,471.208), cal1:(173.114,372.728)

0.354713 0.415116 1.17765 0.637322
right pinky real0:(518.791,407.166), cal0:(512.9,460.541)
right pinky real1:(250.545,404.308), cal1:(262.214,318.402)

0.219241 0.468433 1.02238 0.448891
left index real0:(461.81,514.179), cal0:(460.777,524.056)
left index real1:(156.83,453.845), cal1:(168.873,368.843)

0.371325 0.367202 1.17093 0.638294
right index real0:(528.065,387.319), cal0:(522.462,437.165)
right index real1:(257.192,384.058), cal1:(268.94,296.19)

0.222277 0.473094 1.05535 0.523957
left thumb real0:(459.892,504.682), cal0:(458.481,518.108)
left thumb real1:(165.677,448.81), cal1:(177.519,364.947)

0.342034 0.385039 1.23588 0.668545
right thumb real0:(503.391,389.795), cal0:(498.211,435.934)
right thumb real1:(250.75,385.013), cal1:(262.563,296.756)

0.331653 0.77598 1.48359 0.905048
left hip real0:(472.836,498.055), cal0:(466.247,563.037)
left hip real1:(273.37,502.054), cal1:(285.279,419.785)

0.031433 0.648842 1.32821 0.915624
right hip real0:(352.589,479.397), cal0:(346.165,542.284)
right hip real1:(135.879,472.307), cal1:(147.401,392.36)

0.304996 1.10831 1.35056 0.0199227
left knee real0:(475.022,656.459), cal0:(467.618,741.886)
left knee real1:(247.899,687.344), cal1:(266.697,568.902)

0.0627295 1.07001 1.16514 0.0309273
right knee real0:(375.999,656.347), cal0:(364.292,800.617)
right knee real1:(128.822,671.699), cal1:(140.237,601.949)

0.247216 1.61196 1.21864 0.00106488
left ankle real0:(469.384,791.292), cal0:(453.82,1043.65)
left ankle real1:(226.388,845.883), cal1:(235.88,793.077)

0.052055 1.41582 1.07405 0.00154672
right ankle real0:(376.207,794.403), cal0:(361.065,1040.92)
right ankle real1:(115.519,836.005), cal1:(126.417,775.461)

0.248466 1.64779 1.22622 0.00248583
left heel real0:(468.33,814.658), cal0:(453.68,1056.3)
left heel real1:(225.627,869.443), cal1:(237.749,802.321)

0.046581 1.46306 1.05411 0.00243725
right heel real0:(373.774,819.328), cal0:(358.496,1082.84)
right heel real1:(110.489,861.301), cal1:(121.077,803.342)

0.239149 1.6085 1.17201 0.00104039
left foot index real0:(467.967,846.631), cal0:(454.534,1073.5)
left foot index real1:(209.904,905.571), cal1:(226.847,812.331)

0.0781675 1.55705 1.05592 0.00262264
right foot index real0:(391.893,847.279), cal0:(376.421,1134.91)
right foot index real1:(126.987,900.248), cal1:(138.033,840.821)

