camera0:
0.676916 0.375193 0.999638 0.996
0.684318 0.340074 0.998302 0.98975
0.694599 0.338475 0.998361 0.98775
0.704441 0.337696 0.999119 0
0.651465 0.345578 0.998927 0.9845
0.638083 0.349261 0.999053 0.987
0.624639 0.353278 0.999573 0.99425
0.714544 0.361843 0.999372 8.196
0.592221 0.381916 0.999823 1.00625
0.695998 0.416535 0.999317 0.99625
0.657103 0.42484 0.999774 0.973
0.794184 0.519119 0.999642 1.0375
0.517474 0.56649 0.99983 0.98425
0.876303 0.270068 0.995835 0.95075
0.461008 0.281147 0.998313 0.87525
0.78538 -0.0210536 0.884922 -111
0.552596 -0.0326883 0.878694 -111
0.781173 -0.0728451 0.556329 -111
0.557333 -0.128443 0.566152 -111
0.750377 -0.0725455 0.512073 -111
0.576704 -0.0904954 0.523905 -111
0.749522 -0.0504908 0.533635 -111
0.573767 -0.0621521 0.560511 -111
0.814964 1.05934 0.738724 -111
0.622308 1.0814 0.753386 -111
0.826925 1.49713 0.0939098 -111
0.644373 1.51309 0.056728 -111
0.820643 1.89995 0.017654 -111
0.64267 1.92932 0.0276584 -111
0.821562 1.95053 0.0294474 -111
0.634672 1.98546 0.0277223 -111
0.812803 2.03579 0.0255429 -111
0.674135 2.05945 0.0153983 -111
camera1:
0.324282 0.328155 0.999824 0
0.348133 0.291519 0.999291 0.97525
0.363746 0.291562 0.999396 0.9655
0.378239 0.292099 0.999612 0.972
0.310081 0.295489 0.999397 0
0.299461 0.298367 0.999405 0.9705
0.290017 0.300503 0.999639 0
0.401283 0.307405 0.999785 0.99325
0.281109 0.317757 0.999804 1.0035
0.356828 0.373792 0.999791 0.9725
0.304447 0.37725 0.999814 0.97075
0.481458 0.475281 0.999555 0.971
0.203606 0.47156 0.999779 1.01375
0.563534 0.233458 0.998172 0.87075
0.121768 0.210646 0.995236 0.91625
0.453761 -0.0130383 0.926806 -111
0.198437 -0.1004 0.883742 -111
0.429414 -0.044019 0.538225 -111
0.213471 -0.171464 0.538641 -111
0.409365 -0.0348282 0.481577 -111
0.22598 -0.146601 0.50341 -111
0.406851 -0.0182386 0.525683 -111
0.230194 -0.112983 0.537238 -111
0.427369 1.01323 0.53449 -111
0.213044 0.963588 0.53187 0.93575
0.412282 1.43381 0.0185535 -111
0.220603 1.41815 0.0149607 -111
0.380506 1.81124 0.00182563 -111
0.204914 1.80345 0.00438361 -111
0.387446 1.86967 0.00728665 -111
0.195654 1.85662 0.0102285 -111
0.355469 1.94604 0.00194314 -111
0.231174 1.95438 0.00340553 -111
fused:
0.212543 -0.0254976 1.3592 0.999824
nose real0:(433.226,180.092), cal0:(425.892,237.423)
nose real1:(207.541,157.515), cal1:(213.976,102.279)

0.232081 -0.0666499 1.4137 0.999291
left eye (inner) real0:(437.964,163.235), cal0:(430.573,220.363)
left eye (inner) real1:(222.805,139.929), cal1:(229.043,85.5912)

0.250621 -0.0685143 1.43184 0.999396
left eye real0:(444.543,162.468), cal0:(437.102,219.939)
left eye real1:(232.798,139.95), cal1:(239.053,85.4066)

0.26851 -0.0695976 1.4478 0.999612
left eye (outer) real0:(450.842,162.094), cal0:(443.366,219.807)
left eye (outer) real1:(242.073,140.208), cal1:(248.344,85.478)

0.180412 -0.0611282 1.39484 0.999397
right eye (inner) real0:(416.938,165.877), cal0:(409.652,222.359)
right eye (inner) real1:(198.452,141.835), cal1:(204.691,87.7055)

0.161547 -0.0584528 1.40222 0.999405
right eye real0:(408.373,167.645), cal0:(401.161,223.644)
right eye real1:(191.655,143.216), cal1:(197.87,89.3967)

0.142842 -0.0562248 1.41327 0.999639
right eye (outer) real0:(399.769,169.573), cal0:(392.669,224.788)
right eye (outer) real1:(185.611,144.241), cal1:(191.769,91.0144)

0.292968 -0.0498982 1.4879 0.999785
left ear real0:(457.308,173.685), cal0:(450.238,228.542)
left ear real1:(256.821,147.554), cal1:(262.835,95.4023)

0.100241 -0.0353974 1.48466 0.999823
right ear real0:(379.022,183.32), cal0:(372.51,234.368)
right ear real1:(179.91,152.523), cal1:(185.71,102.873)

0.247366 0.0201692 1.39891 0.999791
mouth (left) real0:(445.439,199.937), cal0:(438.18,257.362)
mouth (left) real1:(228.37,179.42), cal1:(234.954,123.743)

0.183535 0.0260416 1.35284 0.999814
mouth (right) real0:(420.546,203.923), cal0:(413.451,260.266)
mouth (right) real1:(194.846,181.08), cal1:(201.398,125.948)

0.418092 0.138067 1.4819 0.999642
left shoulder real0:(508.278,249.177), cal0:(501.443,304.69)
left shoulder real1:(308.133,228.135), cal1:(314.759,173.793)

-0.0139979 0.156205 1.4286 0.99983
right shoulder real0:(331.183,271.915), cal0:(326.062,314.41)
right shoulder real1:(130.308,226.349), cal1:(135.749,182.744)

0.544557 -0.137425 1.48398 0.998172
left elbow real0:(560.834,129.633), cal0:(552.403,193.042)
left elbow real1:(360.662,112.06), cal1:(367.011,54.6282)

-0.100195 -0.145637 1.38369 0.998313
right elbow real0:(295.045,134.951), cal0:(288.446,185.442)
right elbow real1:(77.9314,101.11), cal1:(83.5037,51.895)

0.387256 -0.421198 1.4685 0.926806
left wrist real0:(502.643,-10.1057), cal0:(490.374,76.3212)
left wrist real1:(290.407,-6.25839), cal1:(297.199,-74.5462)

0.0301616 -0.472945 1.40094 0.883742
right wrist real0:(353.661,-15.6904), cal0:(344.882,45.8088)
right wrist real1:(127,-48.1922), cal1:(132.3,-102.04)

0.365805 -0.459863 1.41515 0.556329
left pinky real0:(499.951,-34.9656), cal0:(487.24,53.4026)
left pinky real1:(274.825,-21.1291), cal1:(282.68,-102.048)

0.0360562 -0.588235 1.45634 0.566152
right pinky real0:(356.693,-61.6526), cal0:(346.822,5.95047)
right pinky real1:(136.621,-82.3028), cal1:(142.705,-146.903)

0.32913 -0.476069 1.45617 0.512073
left index real0:(480.241,-34.8218), cal0:(467.735,52.2153)
left index real1:(261.993,-16.7175), cal1:(270.226,-101.374)

0.065909 -0.539574 1.4239 0.523905
right index real0:(369.091,-43.4378), cal0:(359.756,20.9584)
right index real1:(144.627,-70.3686), cal1:(150.425,-131.037)

0.32561 -0.444526 1.44755 0.533635
left thumb real0:(479.694,-24.2356), cal0:(467.083,64.1417)
left thumb real1:(260.384,-8.75452), cal1:(268.157,-87.6511)

0.0625928 -0.515162 1.44337 0.560511
right thumb real0:(367.211,-29.833), cal0:(358.001,34.1955)
right thumb real1:(147.324,-54.2317), cal1:(153.25,-115.311)

0.384532 0.620744 1.24519 0.738724
left hip real0:(521.577,508.482), cal0:(517.472,548.295)
left hip real1:(273.516,486.352), cal1:(285.601,401.952)

0.119645 0.56779 1.13606 0.753386
right hip real0:(398.277,519.072), cal0:(395.218,549.062)
right hip real1:(136.348,462.522), cal1:(146.271,393.743)

0.389058 0.93693 1.1871 0.0939098
left knee real0:(529.232,718.624), cal0:(528.842,723.031)
left knee real1:(263.86,688.229), cal1:(285.247,551.942)

0.147132 0.893594 1.10748 0.056728
right knee real0:(412.398,726.285), cal0:(411.761,733.614)
right knee real1:(141.186,680.711), cal1:(161.977,549.526)

0.364784 1.25469 1.13452 0.017654
left ankle real0:(525.212,911.974), cal0:(525.113,913.339)
left ankle real1:(243.524,869.395), cal1:(272.316,700.747)

0.140911 1.21105 1.06963 0.0276584
right ankle real0:(411.309,926.075), cal0:(411.092,929.141)
right ankle real1:(131.145,865.658), cal1:(159.819,699.327)

0.370996 1.33428 1.15305 0.0294474
left heel real0:(525.8,936.257), cal0:(525.245,944.146)
left heel real1:(247.965,897.439), cal1:(277.801,724.836)

0.129007 1.26978 1.05937 0.0277223
right heel real0:(406.19,953.018), cal0:(405.107,969.049)
right heel real1:(125.218,891.179), cal1:(153.863,727.599)

0.344528 1.33461 1.09983 0.0255429
left foot index real0:(520.194,977.182), cal0:(520.141,977.975)
left foot index real1:(227.5,934.1), cal1:(260.253,747.076)

0.177779 1.33899 1.07809 0.0153983
right foot index real0:(431.446,988.537), cal0:(431.015,995.124)
right foot index real1:(147.952,938.104), cal1:(181.214,749.885)

