camera0:
0.681549 0.374692 0.999706 0
0.687945 0.342763 0.998623 0.98475
0.697828 0.342871 0.998671 0
0.707924 0.344037 0.999285 0
0.656633 0.346739 0.999129 0.97425
0.643422 0.350451 0.999231 0.978
0.629958 0.354938 0.999653 0.97975
0.717376 0.3691 0.99949 0
0.595535 0.388837 0.999856 0.992
0.701268 0.415284 0.999444 0
0.66187 0.422331 0.999814 0.968
0.793888 0.525157 0.999685 1.03375
0.522383 0.57639 0.999846 0.9875
0.874418 0.283011 0.996321 0.95525
0.475053 0.281661 0.998604 0.87575
0.780539 -0.0178264 0.90456 -111
0.559875 -0.0617561 0.899842 -111
0.780459 -0.0709169 0.630646 -111
0.567564 -0.128969 0.637841 -111
0.738049 -0.099946 0.593863 -111
0.57927 -0.125834 0.602462 -111
0.744335 -0.0526578 0.614431 -111
0.581628 -0.0765914 0.635366 -111
0.820282 1.07675 0.777649 -111
0.630165 1.09954 0.789288 -111
0.83914 1.52271 0.0776455 -111
0.655261 1.54263 0.0475699 -111
0.839826 1.94526 0.0143525 -111
0.660148 1.98352 0.0224392 -111
0.842182 1.99803 0.0240791 -111
0.653355 2.04425 0.0225684 -111
0.835088 2.08534 0.0207328 -111
0.692643 2.11317 0.0125037 -111
camera1:
0.33079 0.336322 0.99985 0.9565
0.351411 0.297422 0.999415 0.953
0.366509 0.297031 0.999498 0.96175
0.380759 0.297316 0.999678 0.96425
0.31412 0.304281 0.9995 0
0.303004 0.308058 0.999503 0
0.292568 0.311553 0.999699 0.97725
0.403541 0.312551 0.999821 0.988
0.279807 0.326173 0.999838 0.98425
0.360944 0.378353 0.999818 0.969
0.313327 0.383616 0.999838 0
0.485294 0.481999 0.999575 0.965
0.20555 0.477548 0.999801 1.01175
0.544239 0.212251 0.997889 0.8665
0.132112 0.182061 0.99608 0.91725
0.452768 -0.0861156 0.927641 -111
0.222643 -0.144383 0.902196 -111
0.435002 -0.119991 0.580745 -111
0.23412 -0.205748 0.611261 -111
0.418362 -0.115684 0.528987 -111
0.242455 -0.193981 0.581227 -111
0.41593 -0.0857989 0.577327 -111
0.245452 -0.162224 0.612243 -111
0.424992 1.04173 0.596853 -111
0.20994 0.979139 0.596865 0.94575
0.414083 1.50378 0.0153437 -111
0.217032 1.48338 0.0128283 -111
0.376736 1.92568 0.00148938 -111
0.197843 1.91676 0.00356341 -111
0.381474 1.98614 0.00598831 -111
0.187423 1.97617 0.00832101 -111
0.351349 2.07539 0.00158476 -111
0.225314 2.07395 0.00277234 -111
fused:
0.219958 -0.0216396 1.36709 0.99985
nose real0:(436.191,179.852), cal0:(428.608,239.184)
nose real1:(211.706,161.434), cal1:(218.375,104.258)

0.237252 -0.0618525 1.41319 0.999415
left eye (inner) real0:(440.285,164.526), cal0:(432.807,222.393)
left eye (inner) real1:(224.903,142.763), cal1:(231.237,87.6697)

0.255214 -0.0629227 1.4302 0.999498
left eye real0:(446.61,164.578), cal0:(439.152,222.256)
left eye real1:(234.566,142.575), cal1:(240.861,87.7708)

0.273235 -0.062854 1.44371 0.999678
left eye (outer) real0:(453.071,165.138), cal0:(445.648,222.532)
left eye (outer) real1:(243.686,142.712), cal1:(249.942,88.2203)

0.187342 -0.0554923 1.39321 0.9995
right eye (inner) real0:(420.245,166.435), cal0:(412.732,224.759)
right eye (inner) real1:(201.037,146.055), cal1:(207.495,90.1168)

0.168499 -0.0521572 1.39868 0.999503
right eye real0:(411.79,168.217), cal0:(404.322,226.286)
right eye real1:(193.923,147.868), cal1:(200.386,92.0104)

0.149484 -0.0487 1.4067 0.999699
right eye (outer) real0:(403.173,170.37), cal0:(395.789,227.891)
right eye (outer) real1:(187.243,149.546), cal1:(193.68,94.0373)

0.297019 -0.0426175 1.48464 0.999821
left ear real0:(459.121,177.168), cal0:(452.138,231.445)
left ear real1:(258.266,150.025), cal1:(264.238,98.3568)

0.104191 -0.0257875 1.46796 0.999856
right ear real0:(381.143,186.642), cal0:(374.588,238.14)
right ear real1:(179.076,156.563), cal1:(184.956,106.387)

0.254452 0.0221133 1.39701 0.999818
mouth (left) real0:(448.812,199.336), cal0:(441.372,258.21)
mouth (left) real1:(231.004,181.609), cal1:(237.756,124.533)

0.191967 0.0281126 1.36795 0.999838
mouth (right) real0:(423.597,202.719), cal0:(416.254,261.048)
mouth (right) real1:(200.529,184.136), cal1:(207.31,127.089)

0.42182 0.146491 1.4966 0.999685
left shoulder real0:(508.088,252.075), cal0:(501.275,307.523)
left shoulder real1:(310.588,231.359), cal1:(317.229,177.009)

-0.00622227 0.164302 1.41721 0.999846
right shoulder real0:(334.325,276.667), cal0:(329.31,318.371)
right shoulder real1:(131.552,229.223), cal1:(136.914,186.367)

0.519818 -0.135077 1.41769 0.997889
left elbow real0:(559.627,135.846), cal0:(552.228,191.435)
left elbow real1:(348.313,101.88), cal1:(353.882,51.4376)

-0.076767 -0.158269 1.36879 0.998604
right elbow real0:(304.034,135.197), cal0:(298.255,179.207)
right elbow real1:(84.5514,87.3893), cal1:(89.346,44.7691)

0.38446 -0.463402 1.46158 0.927641
left wrist real0:(499.545,-8.55666), cal0:(489.976,58.1511)
left wrist real1:(289.772,-41.3355), cal1:(295.08,-95.7618)

0.0434582 -0.532733 1.4576 0.902196
right wrist real0:(358.32,-29.6429), cal0:(349.86,29.0452)
right wrist real1:(142.491,-69.304), cal1:(147.428,-120.416)

0.371488 -0.506206 1.41535 0.630646
left pinky real0:(499.494,-34.0401), cal0:(489.631,33.7522)
left pinky real1:(278.401,-57.5958), cal1:(284.829,-125.312)

0.0553399 -0.617275 1.4838 0.637841
right pinky real0:(363.241,-61.9053), cal0:(354.354,-1.31895)
right pinky real1:(149.837,-98.7591), cal1:(155.124,-155.452)

0.328315 -0.567192 1.51881 0.593863
left index real0:(472.352,-47.9741), cal0:(461.812,24.2625)
left index real1:(267.752,-55.5281), cal1:(275.028,-132.657)

0.0724192 -0.602802 1.47289 0.602462
right index real0:(370.732,-60.4001), cal0:(361.486,2.73412)
right index real1:(155.172,-93.1107), cal1:(160.631,-151.438)

0.330505 -0.501231 1.4785 0.614431
left thumb real0:(476.374,-25.2758), cal0:(466.243,44.9546)
left thumb real1:(266.195,-41.1834), cal1:(272.771,-109.335)

0.077917 -0.555617 1.4625 0.635366
right thumb real0:(372.242,-36.7638), cal0:(363.955,20.3766)
right thumb real1:(157.089,-77.8676), cal1:(162.187,-131.284)

0.385065 0.640505 1.22784 0.777649
left hip real0:(524.98,516.841), cal0:(520.354,562.201)
left hip real1:(271.995,500.03), cal1:(284.408,414.005)

0.125745 0.577121 1.11083 0.789288
right hip real0:(403.305,527.779), cal0:(399.954,560.933)
right hip real1:(134.362,469.987), cal1:(144.036,403.358)

0.401199 0.954983 1.17773 0.0776455
left knee real0:(537.049,730.899), cal0:(536.601,736.017)
left knee real1:(265.013,721.813), cal1:(290.101,562.874)

0.156876 0.905569 1.08739 0.0475699
right knee real0:(419.367,740.464), cal0:(418.619,749.191)
right knee real1:(138.901,712.021), cal1:(162.897,561.67)

0.379564 1.26837 1.11005 0.0143525
left ankle real0:(537.489,933.727), cal0:(537.37,935.399)
left ankle real1:(241.111,924.325), cal1:(276.73,717.462)

0.15643 1.22455 1.04081 0.0224392
right ankle real0:(422.495,952.092), cal0:(422.241,955.781)
right ankle real1:(126.619,920.046), cal1:(161.711,718.532)

0.38475 1.34168 1.11994 0.0240791
left heel real0:(538.996,959.053), cal0:(538.339,968.678)
left heel real1:(244.143,953.346), cal1:(280.857,742.92)

0.145178 1.28427 1.0267 0.0225684
right heel real0:(418.147,981.24), cal0:(416.898,1000.45)
right heel real1:(119.951,948.559), cal1:(155.17,749.736)

0.362133 1.34692 1.07465 0.0207328
left foot index real0:(534.456,1000.96), cal0:(534.392,1001.95)
left foot index real1:(224.863,996.186), cal1:(265.735,764.857)

0.194194 1.35464 1.05251 0.0125037
right foot index real0:(443.292,1014.32), cal0:(442.793,1022.2)
right foot index real1:(144.201,995.497), cal1:(184.582,769.213)

