camera0:
0.679645 0.384298 0.999269 0.94875
0.692136 0.340199 0.999003 0.978
0.702829 0.340944 0.998981 0.99175
0.713387 0.341975 0.998978 0.99475
0.657392 0.339815 0.999315 0.969
0.643365 0.34089 0.999345 0.9905
0.62907 0.343099 0.999448 0.97125
0.722078 0.359107 0.998937 0.9995
0.598056 0.37028 0.999654 1.00725
0.694973 0.433715 0.999597 0.9675
0.653069 0.432319 0.999783 0.9635
0.802083 0.543504 0.999458 0
0.506053 0.58201 0.999785 0.9845
0.997927 0.705144 0.959729 0.97375
0.310233 0.81428 0.982233 0.80575
0.909483 0.497815 0.842181 0.968
0.447911 0.53054 0.884524 0.805
0.871584 0.436199 0.729021 0.96825
0.47359 0.44431 0.808372 0.79525
0.84289 0.432787 0.719909 0.9825
0.489808 0.433506 0.801664 0.832
0.84819 0.469699 0.728926 0
0.492874 0.46414 0.800453 0.81775
0.77684 0.998014 0.439382 0
0.567637 1.02059 0.475414 -111
0.780315 1.45949 0.0142697 -111
0.569952 1.4787 0.00897991 -111
0.786968 1.82783 0.00119723 -111
0.584566 1.85536 0.00110215 -111
0.787076 1.87799 0.00152339 -111
0.580654 1.90945 0.00150628 -111
0.78975 1.95592 0.00180116 -111
0.624479 1.98509 0.00205774 -111
camera1:
0.314116 0.344475 0.99939 0.9335
0.341303 0.301939 0.998714 0.955
0.357226 0.303593 0.99894 0.9545
0.371718 0.305731 0.9989 0.9565
0.303084 0.299592 0.999056 0.96725
0.293312 0.299073 0.999103 0.97225
0.284917 0.298469 0.999078 0.977
0.397996 0.332644 0.999165 0.9745
0.283585 0.322775 0.999204 0.974
0.346072 0.39626 0.999614 0.94625
0.297498 0.390704 0.999652 0.95775
0.496339 0.566568 0.999152 0.9825
0.181458 0.568775 0.999515 0.9975
0.716629 0.753417 0.984828 0.832
-0.0271884 0.721623 0.944954 -111
0.556778 0.460304 0.929224 0.863
0.0271805 0.465561 0.823752 0.86775
0.531916 0.369615 0.867563 0.87675
0.0437109 0.389244 0.766583 0.85625
0.498618 0.366553 0.862522 0.88525
0.0701744 0.381244 0.759795 0.85225
0.492788 0.395893 0.864224 0.9115
0.0738579 0.415583 0.772208 0.8755
0.45442 1.08208 0.453902 -111
0.242945 1.0926 0.469367 -111
0.443991 1.49565 0.00825903 -111
0.23677 1.49604 0.00403503 -111
0.43259 1.86405 0.000820898 -111
0.228308 1.87226 0.000492526 -111
0.436955 1.91624 0.00154949 -111
0.222785 1.92771 0.00102309 -111
0.397934 2.0022 0.00108277 -111
0.248931 2.00909 0.00143536 -111
fused:
0.210122 -0.0107727 1.32232 0.99939
nose real0:(434.973,184.463), cal0:(427.411,243.801)
nose real1:(201.034,165.348), cal1:(207.755,107.957)

0.235578 -0.0578511 1.37054 0.999003
left eye (inner) real0:(442.967,163.295), cal0:(435.211,223.329)
left eye (inner) real1:(218.434,144.931), cal1:(225.028,87.6112)

0.254149 -0.057376 1.38695 0.998981
left eye real0:(449.811,163.653), cal0:(442.034,223.835)
left eye real1:(228.625,145.724), cal1:(235.218,88.389)

0.272127 -0.0562395 1.39953 0.998978
left eye (outer) real0:(456.568,164.148), cal0:(448.762,224.547)
left eye (outer) real1:(237.899,146.751), cal1:(244.506,89.2908)

0.183411 -0.0593197 1.35822 0.999315
right eye (inner) real0:(420.731,163.111), cal0:(413.074,222.449)
right eye (inner) real1:(193.974,143.804), cal1:(200.536,86.8599)

0.164716 -0.0601918 1.36979 0.999345
right eye real0:(411.754,163.627), cal0:(404.19,222.288)
right eye real1:(187.72,143.555), cal1:(194.223,87.1588)

0.145902 -0.0608731 1.38618 0.999448
right eye (outer) real0:(402.605,164.688), cal0:(395.181,222.305)
right eye (outer) real1:(182.347,143.265), cal1:(188.755,87.7532)

0.296693 -0.0351054 1.4582 0.999165
left ear real0:(462.13,172.371), cal0:(454.183,234.229)
left ear real1:(254.717,159.669), cal1:(261.55,100.69)

0.107719 -0.0387219 1.47902 0.999654
right ear real0:(382.756,177.735), cal0:(375.702,232.963)
right ear real1:(181.494,154.932), cal1:(187.758,101.246)

0.240191 0.0414844 1.36832 0.999614
mouth (left) real0:(444.782,208.183), cal0:(437.404,266.918)
mouth (left) real1:(221.486,190.205), cal1:(228.318,132.874)

0.176276 0.0369709 1.34435 0.999783
mouth (right) real0:(417.964,207.513), cal0:(410.722,265.225)
mouth (right) real1:(190.398,187.538), cal1:(197.162,130.853)

0.439538 0.210336 1.52766 0.999458
left shoulder real0:(513.333,260.882), cal0:(504.8,331.444)
left shoulder real1:(317.657,271.953), cal1:(326.36,201.974)

-0.0360354 0.21661 1.40593 0.999785
right shoulder real0:(323.874,279.365), cal0:(316.55,341.291)
right shoulder real1:(116.133,273.012), cal1:(124.36,208.395)

0.804164 0.44825 1.62158 0.984828
left elbow real0:(638.673,338.469), cal0:(629.876,414.827)
left elbow real1:(458.642,361.64), cal1:(468.145,288.845)

-0.286941 0.388722 1.24588 0.982233
right elbow real0:(198.549,390.854), cal0:(193.585,436.208)
right elbow real1:(-17.4006,346.379), cal1:(-9.84982,291.157)

0.544156 0.124037 1.35048 0.929224
left wrist real0:(582.069,238.951), cal0:(574.017,303.896)
left wrist real1:(356.338,220.946), cal1:(362.56,169.545)

-0.0961992 0.10397 1.12718 0.884524
right wrist real0:(286.663,254.659), cal0:(280.676,304.131)
right wrist real1:(17.3955,223.469), cal1:(24.7602,164.267)

0.503025 0.0510878 1.38566 0.867563
left pinky real0:(557.814,209.375), cal0:(550.038,270.855)
left pinky real1:(340.426,177.415), cal1:(345.308,136.108)

-0.0663816 0.0331534 1.12486 0.808372
right pinky real0:(303.098,213.269), cal0:(296.495,266.41)
right pinky real1:(27.975,186.837), cal1:(35.2146,126.894)

0.45672 0.0478706 1.37411 0.862522
left index real0:(539.449,207.738), cal0:(531.626,269.634)
left index real1:(319.116,175.946), cal1:(323.989,134.749)

-0.048244 0.0247377 1.15256 0.801664
right index real0:(313.477,208.083), cal0:(306.801,261.596)
right index real1:(44.9116,182.997), cal1:(52.1354,122.905)

0.45321 0.0800728 1.33807 0.864224
left thumb real0:(542.842,225.456), cal0:(535.43,284.661)
left thumb real1:(315.385,190.029), cal1:(320.238,149.472)

-0.0446744 0.0560861 1.15078 0.800453
right thumb real0:(315.439,222.787), cal0:(308.626,277.987)
right thumb real1:(47.2691,199.48), cal1:(54.6096,139.165)

0.38366 0.784977 1.47568 0.453902
left hip real0:(497.178,479.047), cal0:(488.139,568.386)
left hip real1:(290.829,519.397), cal1:(304.468,425.351)

0.0533349 0.76009 1.40044 0.475414
right hip real0:(363.288,489.883), cal0:(354.828,574.882)
right hip real1:(155.485,524.448), cal1:(170.334,423.191)

0.391802 1.17482 1.43546 0.0142697
left knee real0:(499.401,700.553), cal0:(495.924,740.561)
left knee real1:(284.154,717.91), cal1:(307.231,572.241)

0.0692853 1.10314 1.36121 0.00897991
right knee real0:(364.769,709.774), cal0:(362.527,735.745)
right knee real1:(151.533,718.098), cal1:(177.129,557.057)

0.38896 1.59745 1.39504 0.00119723
left ankle real0:(503.66,877.356), cal0:(499.451,936.878)
left ankle real1:(276.858,894.745), cal1:(306.02,725.636)

0.0864715 1.44794 1.29628 0.00110215
right ankle real0:(374.122,890.574), cal0:(372.024,919.995)
right ankle real1:(146.117,898.684), cal1:(180.584,698.227)

0.383001 1.76285 1.39552 0.00154949
left heel real0:(503.729,901.435), cal0:(496.827,1007.87)
left heel real1:(279.651,919.795), cal1:(304.806,777.852)

0.0755559 1.54761 1.27555 0.00150628
right heel real0:(371.619,916.538), cal0:(367.534,977.868)
right heel real1:(142.582,925.301), cal1:(175.255,739.491)

0.365202 1.59409 1.29038 0.00180116
left foot index real0:(505.44,938.844), cal0:(501.975,991.135)
left foot index real1:(254.677,961.056), cal1:(289.605,762.749)

0.131908 1.59991 1.24778 0.00205774
right foot index real0:(399.667,952.845), cal0:(395.457,1019.28)
right foot index real1:(159.316,964.364), cal1:(193.835,770.922)

