camera0:
0.667326 0.375594 0.999599 0
0.677163 0.340317 0.998114 4.13825
0.687374 0.338385 0.998181 2.86125
0.697064 0.336747 0.999022 0
0.642716 0.348588 0.998809 0.98475
0.629349 0.353254 0.998949 0.989
0.616349 0.357896 0.999526 0.98825
0.706652 0.359466 0.999304 0
0.587604 0.382392 0.999803 1.013
0.689246 0.418591 0.999243 1
0.647394 0.431932 0.99975 0.9755
0.793333 0.516372 0.99963 1.04225
0.514574 0.558475 0.999823 0.9815
0.893443 0.271705 0.995467 0.95925
0.448377 0.258784 0.998138 0.86925
0.748357 0.00397537 0.873628 0.9365
0.569947 -0.0324831 0.866755 -111
0.727251 -0.0476395 0.514724 -111
0.593149 -0.0883479 0.526979 -111
0.699798 -0.0347917 0.466685 -111
0.60198 -0.0880446 0.481094 -111
0.702148 -0.00715822 0.488112 -111
0.599103 -0.0646843 0.518951 -111
0.816207 0.971137 0.715664 0.96225
0.614162 1.01069 0.732002 -111
0.841582 1.42952 0.103239 -111
0.649577 1.4577 0.0620196 -111
0.84351 1.80728 0.0195834 -111
0.65191 1.84448 0.0307031 -111
0.847963 1.85813 0.0326101 -111
0.645414 1.90158 0.0307193 -111
0.835293 1.94581 0.028355 -111
0.684197 1.97385 0.0170854 -111
camera1:
0.321435 0.329254 0.999813 0.958
0.346368 0.293402 0.999234 0.96225
0.36177 0.293246 0.999355 0.9605
0.375816 0.293314 0.999584 0.96675
0.308114 0.296885 0.999352 0
0.297872 0.299894 0.999366 6.97675
0.289015 0.301663 0.999611 1.04875
0.399073 0.307714 0.999775 0.99275
0.281359 0.317539 0.99979 1.098
0.356161 0.374243 0.999796 0.96725
0.303747 0.377814 0.999813 0
0.480097 0.47519 0.999607 0.98
0.204199 0.471394 0.999774 1.01275
0.564368 0.218543 0.998185 0.86825
0.109055 0.21165 0.994738 0.92825
0.410825 -0.0281909 0.929936 -111
0.224452 -0.0726166 0.874885 -111
0.386899 -0.0635444 0.53214 -111
0.239996 -0.141482 0.505452 -111
0.368423 -0.0436153 0.477033 -111
0.260785 -0.106986 0.469332 -111
0.371385 -0.0379588 0.51477 -111
0.262234 -0.0742791 0.501672 -111
0.4266 0.998654 0.498907 0
0.211254 0.958703 0.494023 0.9335
0.405768 1.41385 0.0203608 -111
0.218377 1.40018 0.0158932 -111
0.362807 1.75436 0.00202283 -111
0.194183 1.74552 0.00485192 -111
0.371925 1.81462 0.00806075 -111
0.177938 1.79378 0.0113275 -111
0.327424 1.88983 0.00214796 -111
0.218484 1.89362 0.00376657 -111
fused:
0.201663 -0.0258102 1.37937 0.999813
nose real0:(427.089,180.285), cal0:(419.78,237.452)
nose real1:(205.718,158.042), cal1:(212.146,102.906)

0.224062 -0.0669141 1.43149 0.999234
left eye (inner) real0:(433.384,163.352), cal0:(425.982,220.604)
left eye (inner) real1:(221.676,140.833), cal1:(227.936,86.3401)

0.242551 -0.0690757 1.44972 0.999355
left eye real0:(439.919,162.425), cal0:(432.461,220.061)
left eye real1:(231.533,140.758), cal1:(237.813,86.0246)

0.260159 -0.0708756 1.4653 0.999584
left eye (outer) real0:(446.121,161.639), cal0:(438.612,219.628)
left eye (outer) real1:(240.522,140.791), cal1:(246.83,85.7647)

0.17012 -0.0603743 1.41539 0.999352
right eye (inner) real0:(411.338,167.322), cal0:(404.156,223.062)
right eye (inner) real1:(197.193,142.505), cal1:(203.364,89.0229)

0.151102 -0.0570997 1.42382 0.999366
right eye real0:(402.783,169.562), cal0:(395.704,224.596)
right eye real1:(190.638,143.949), cal1:(196.763,90.9874)

0.132789 -0.0546855 1.43537 0.999611
right eye (outer) real0:(394.463,171.79), cal0:(387.526,225.8)
right eye (outer) real1:(184.969,144.798), cal1:(191.009,92.6618)

0.28438 -0.0524886 1.50938 0.999775
left ear real0:(452.257,172.543), cal0:(445.137,227.798)
left ear real1:(255.407,147.703), cal1:(261.466,95.1533)

0.0941304 -0.0361728 1.50173 0.999803
right ear real0:(376.066,183.548), cal0:(369.605,234.221)
right ear real1:(180.07,152.419), cal1:(185.83,103.117)

0.240687 0.0211963 1.41762 0.999796
mouth (left) real0:(441.117,200.924), cal0:(433.947,257.683)
mouth (left) real1:(227.943,179.637), cal1:(234.459,124.567)

0.173216 0.029754 1.37739 0.999813
mouth (right) real0:(414.332,207.327), cal0:(407.498,261.679)
mouth (right) real1:(194.398,181.351), cal1:(200.739,128.078)

0.416296 0.136387 1.48104 0.99963
left shoulder real0:(507.733,247.859), cal0:(500.813,304.041)
left shoulder real1:(307.262,228.091), cal1:(313.963,173.112)

-0.019106 0.152639 1.44321 0.999823
right shoulder real0:(329.328,268.068), cal0:(323.995,312.259)
right shoulder real1:(130.687,226.269), cal1:(136.333,180.963)

0.54913 -0.13721 1.42312 0.998185
left elbow real0:(571.803,130.418), cal0:(563.761,190.753)
left elbow real1:(361.195,104.9), cal1:(367.193,50.4636)

-0.121059 -0.15815 1.38964 0.998138
right elbow real0:(286.961,124.216), cal0:(279.612,180.301)
right elbow real1:(69.7955,101.592), cal1:(75.9639,46.9279)

0.327238 -0.410209 1.44287 0.929936
left wrist real0:(478.948,1.90818), cal0:(468.199,77.8367)
left wrist real1:(262.928,-13.5316), cal1:(268.773,-72.0214)

0.0551483 -0.467731 1.43398 0.874885
right wrist real0:(364.766,-15.5919), cal0:(355.052,52.6701)
right wrist real1:(143.649,-34.856), cal1:(149.527,-94.2311)

0.293874 -0.461415 1.44634 0.53214
left pinky real0:(465.441,-22.8669), cal0:(454.014,56.9688)
left pinky real1:(247.616,-30.5013), cal1:(253.95,-95.1724)

0.0900169 -0.531829 1.41582 0.526979
right pinky real0:(379.616,-42.407), cal0:(370.144,22.9462)
right pinky real1:(153.597,-67.9114), cal1:(159.498,-129.616)

0.25774 -0.458402 1.4798 0.477033
left index real0:(447.871,-16.7), cal0:(436.585,62.5277)
left index real1:(235.791,-20.9353), cal1:(242.323,-87.0517)

0.103748 -0.527691 1.46115 0.481094
right index real0:(385.267,-42.2614), cal0:(374.605,31.6524)
right index real1:(166.903,-51.3535), cal1:(173.43,-119.009)

0.261857 -0.43449 1.47269 0.51477
left thumb real0:(449.375,-3.43595), cal0:(438.769,71.3878)
left thumb real1:(237.686,-18.2202), cal1:(243.561,-77.1442)

0.10021 -0.504031 1.47423 0.518951
right thumb real0:(383.426,-31.0485), cal0:(372.785,43.2231)
right thumb real1:(167.83,-35.654), cal1:(174.641,-105.352)

0.388605 0.556618 1.25971 0.715664
left hip real0:(522.372,466.146), cal0:(517.276,514.249)
left hip real1:(273.024,479.354), cal1:(288.177,371.39)

0.11143 0.529944 1.16768 0.732002
right hip real0:(393.064,485.13), cal0:(389.278,521.45)
right hip real1:(135.202,460.178), cal1:(147.984,370.212)

0.394828 0.847012 1.15032 0.103239
left knee real0:(538.612,686.168), cal0:(538.151,691.22)
left knee real1:(259.691,678.646), cal1:(283.511,524.399)

0.152555 0.8418 1.10294 0.0620196
right knee real0:(415.729,699.698), cal0:(415.043,707.389)
right knee real1:(139.761,672.088), cal1:(162.29,528.139)

0.365508 1.09068 1.05678 0.0195834
left ankle real0:(539.847,867.497), cal0:(539.734,868.963)
left ankle real1:(232.196,842.092), cal1:(261.997,664.23)

0.146759 1.1038 1.03679 0.0307031
right ankle real0:(417.222,885.348), cal0:(416.987,888.523)
right ankle real1:(124.277,837.848), cal1:(153.117,667.782)

0.374461 1.16092 1.07063 0.0326101
left heel real0:(542.696,891.902), cal0:(542.07,900.365)
left heel real1:(238.032,871.017), cal1:(268.87,689.359)

0.134288 1.14247 1.00902 0.0307193
right heel real0:(413.065,912.756), cal0:(411.902,929.167)
right heel real1:(113.88,861.013), cal1:(142.279,696.28)

0.33932 1.14885 1.00628 0.028355
left foot index real0:(534.587,933.99), cal0:(534.528,934.83)
left foot index real1:(209.551,907.116), cal1:(243.243,711.422)

0.182108 1.21764 1.03727 0.0170854
right foot index real0:(437.886,947.448), cal0:(437.422,954.19)
right foot index real1:(139.83,908.94), cal1:(172.947,718.57)

