camera0:
0.681449 0.402521 0.999827 0
0.687144 0.364655 0.999247 0
0.696489 0.364951 0.999265 0
0.705961 0.36552 0.999603 0
0.655478 0.367716 0.999518 0.97775
0.641508 0.370844 0.999571 0.9795
0.627233 0.374553 0.999804 0.979
0.712476 0.38477 0.999717 1.0025
0.594402 0.402586 0.999918 1.00225
0.69961 0.442623 0.999674 0
0.659772 0.450863 0.999881 0.96
0.789476 0.542505 0.999655 1.0285
0.517122 0.588855 0.99983 0.91825
0.937076 0.365541 0.996598 0.87225
0.440567 0.370284 0.998955 0.76975
0.767189 0.0967573 0.901127 0.86425
0.588496 0.0986197 0.890508 0.8275
0.729543 0.0429982 0.659099 0
0.63127 0.0159256 0.654047 0
0.718394 0.0547836 0.625761 0.8995
0.642585 0.0438219 0.624633 0
0.723513 0.0832187 0.65043 0.901
0.635553 0.0809889 0.659075 0.8375
0.821225 1.10845 0.845334 -111
0.618526 1.13642 0.853661 -111
0.85641 1.55836 0.062254 -111
0.659095 1.58768 0.0392751 -111
0.866176 2.00032 0.00857686 -111
0.672775 2.03805 0.0129958 -111
0.866938 2.05904 0.0151284 -111
0.665985 2.10341 0.0134373 -111
0.870175 2.14763 0.0123038 -111
0.710844 2.17052 0.00744831 -111
camera1:
0.327867 0.3531 0.999867 0.94975
0.347938 0.307598 0.999552 0.9655
0.361813 0.306385 0.999569 0.96625
0.375298 0.305372 0.99975 0.96825
0.312022 0.313134 0.999608 0
0.30137 0.315109 0.999587 8.14925
0.290993 0.316627 0.999781 0
0.394963 0.321612 0.999844 0.98225
0.278431 0.336234 0.99988 0.99625
0.355119 0.392518 0.999779 0.96475
0.309234 0.393572 0.999837 0
0.477953 0.506752 0.999345 0.939
0.201077 0.505949 0.999798 1.00175
0.56136 0.302329 0.997273 0.77425
0.0537822 0.34132 0.997753 0.8605
0.406716 0.0829281 0.869604 0.81
0.193037 0.0611337 0.895478 0.83925
0.367927 0.0152872 0.58016 0.8245
0.23742 -0.0123429 0.649593 -111
0.339776 0.0246286 0.539781 0.82175
0.253871 -0.00240007 0.62268 -111
0.352948 0.0590913 0.590299 0.82325
0.248059 0.0341265 0.650038 0.8635
0.435709 0.990262 0.643654 0.923
0.223879 1.03049 0.66821 -111
0.426982 1.51737 0.0091556 -111
0.229152 1.50084 0.00934114 -111
0.395473 1.95622 0.000832165 -111
0.202189 1.95949 0.00205313 -111
0.399425 2.01134 0.00346141 -111
0.190412 2.02044 0.00472308 -111
0.366976 2.11184 0.000920285 -111
0.233211 2.11554 0.00169765 -111
fused:
0.218567 0.00212665 1.35348 0.999867
nose real0:(436.127,193.21), cal0:(428.963,249.641)
nose real1:(209.835,169.488), cal1:(216.27,114.783)

0.234793 -0.0439096 1.39971 0.999552
left eye (inner) real0:(439.772,175.034), cal0:(432.723,229.844)
left eye (inner) real1:(222.681,147.647), cal1:(228.749,95.1917)

0.251389 -0.0450139 1.41403 0.999569
left eye real0:(445.753,175.176), cal0:(438.753,229.565)
left eye real1:(231.56,147.065), cal1:(237.566,95.109)

0.268172 -0.0457921 1.42677 0.99975
left eye (outer) real0:(451.815,175.45), cal0:(444.866,229.408)
left eye (outer) real1:(240.191,146.578), cal1:(246.135,95.1103)

0.185566 -0.0392403 1.38517 0.999608
right eye (inner) real0:(419.506,176.504), cal0:(412.43,231.672)
right eye (inner) real1:(199.694,150.304), cal1:(205.866,97.157)

0.166205 -0.0373174 1.39409 0.999587
right eye real0:(410.565,178.005), cal0:(403.572,232.61)
right eye real1:(192.877,151.252), cal1:(199.012,98.5102)

0.146361 -0.0353758 1.40453 0.999804
right eye (outer) real0:(401.429,179.785), cal0:(394.551,233.56)
right eye (outer) real1:(186.236,151.981), cal1:(192.303,99.9064)

0.286764 -0.0280453 1.46864 0.999844
left ear real0:(455.985,184.689), cal0:(449.252,237.22)
left ear real1:(252.777,154.374), cal1:(258.612,104.144)

0.102536 -0.0121455 1.46426 0.999918
right ear real0:(380.417,193.241), cal0:(374.017,243.712)
right ear real1:(178.196,161.392), cal1:(184.003,112.061)

0.249688 0.0443075 1.37837 0.999779
mouth (left) real0:(447.75,212.459), cal0:(440.775,268.016)
mouth (left) real1:(227.276,188.409), cal1:(233.738,134.212)

0.188481 0.0483371 1.35473 0.999881
mouth (right) real0:(422.254,216.414), cal0:(415.531,270.14)
mouth (right) real1:(197.91,188.915), cal1:(204.235,136.088)

0.411972 0.170226 1.48778 0.999655
left shoulder real0:(505.265,260.402), cal0:(498.302,317.459)
left shoulder real1:(305.89,243.241), cal1:(312.822,186.948)

-0.0151653 0.18761 1.42067 0.99983
right shoulder real0:(330.958,282.65), cal0:(325.535,328.062)
right shoulder real1:(128.689,242.855), cal1:(134.604,195.92)

0.555074 -0.033766 1.28103 0.997273
left elbow real0:(599.728,175.459), cal0:(592.26,232.856)
left elbow real1:(359.27,145.118), cal1:(365.31,92.133)

-0.118452 -0.0209016 1.23415 0.998955
right elbow real0:(281.963,177.736), cal0:(274.287,238.519)
right elbow real1:(34.4206,163.834), cal1:(41.6541,102.762)

0.339238 -0.297152 1.36644 0.901127
left wrist real0:(491.001,46.4435), cal0:(481.096,118.004)
left wrist real1:(260.298,39.8055), cal1:(267.414,-28.6526)

0.0752176 -0.285585 1.26976 0.895478
right wrist real0:(376.637,47.3374), cal0:(367.536,113.528)
right wrist real1:(123.544,29.3442), cal1:(129.847,-30.6402)

0.28697 -0.373783 1.36882 0.659099
left pinky real0:(466.907,20.6391), cal0:(457.897,84.5864)
left pinky real1:(235.473,7.33785), cal1:(242.792,-65.264)

0.133014 -0.364138 1.28747 0.654047
right pinky real0:(404.013,7.6443), cal0:(394.015,78.7187)
right pinky real1:(151.949,-5.92461), cal1:(158.455,-70.2499)

0.261808 -0.352476 1.32045 0.625761
left index real0:(459.772,26.2961), cal0:(451.062,88.2718)
left index real1:(217.457,11.8217), cal1:(224.915,-61.7998)

0.150847 -0.347518 1.29418 0.624633
right index real0:(411.254,21.0345), cal0:(401.972,87.3181)
right index real1:(162.478,-1.15203), cal1:(168.562,-60.8527)

0.272269 -0.319995 1.34059 0.65043
left thumb real0:(463.048,39.945), cal0:(453.961,105.243)
left thumb real1:(225.886,28.3638), cal1:(233.165,-42.2911)

0.141836 -0.313446 1.29274 0.659075
right thumb real0:(406.754,38.8747), cal0:(397.862,102.978)
right thumb real1:(158.758,16.3807), cal1:(164.927,-43.1762)

0.390809 0.645217 1.23274 0.845334
left hip real0:(525.584,532.054), cal0:(522.404,563.253)
left hip real1:(278.853,475.326), cal1:(287.532,415.21)

0.117026 0.648659 1.16742 0.853661
right hip real0:(395.857,545.481), cal0:(392.17,582.626)
right hip real1:(143.282,494.634), cal1:(153.634,424.21)

0.419215 0.974353 1.1664 0.062254
left knee real0:(548.102,748.015), cal0:(547.868,750.73)
left knee real1:(273.268,728.336), cal1:(297.575,575.353)

0.163569 0.951327 1.09997 0.0392751
right knee real0:(421.821,762.088), cal0:(421.284,768.47)
right knee real1:(146.657,720.404), cal1:(169.602,577.891)

0.405915 1.30115 1.09694 0.00857686
left ankle real0:(554.353,960.154), cal0:(554.256,961.56)
left ankle real1:(253.103,938.988), cal1:(288.039,738.081)

0.168098 1.25226 1.02644 0.0129958
right ankle real0:(430.576,978.262), cal0:(430.334,981.902)
right ankle real1:(129.401,940.555), cal1:(165.091,737.595)

0.409334 1.37515 1.10581 0.0151284
left heel real0:(554.84,988.34), cal0:(554.33,996.061)
left heel real1:(255.632,965.443), cal1:(291.12,764.083)

0.156658 1.30817 1.00999 0.0134373
right heel real0:(426.23,1009.64), cal0:(425.131,1027.11)
right heel real1:(121.864,969.811), cal1:(157.835,768.69)

0.389761 1.35657 1.04112 0.0123038
left foot index real0:(556.912,1030.86), cal0:(556.855,1031.78)
left foot index real1:(234.865,1013.68), cal1:(275.326,787.099)

0.211095 1.38058 1.03535 0.00744831
right foot index real0:(454.94,1041.85), cal0:(454.437,1050.08)
right foot index real1:(149.255,1015.46), cal1:(190.012,789.314)

