camera0:
0.696397 0.398876 0.998372 0.942
0.707366 0.354312 0.997928 0.9765
0.717707 0.354411 0.997864 0.978
0.726908 0.355042 0.997874 0
0.673838 0.354571 0.998638 0.963
0.660614 0.355156 0.998677 0.96925
0.647182 0.356385 0.998873 0.96825
0.729363 0.370212 0.99768 0
0.614897 0.376795 0.999231 0.979
0.710496 0.443734 0.999281 0.97325
0.674782 0.443379 0.999595 0.95425
0.814155 0.553948 0.998977 0.87975
0.517817 0.605721 0.99953 0.972
0.973127 0.784356 0.90719 0.8545
0.392168 0.899163 0.960862 0.75675
0.86914 0.611595 0.610759 0.84625
0.603273 0.654584 0.704165 0.7455
0.823761 0.543476 0.372443 0.874
0.651481 0.571335 0.515565 0.7385
0.801812 0.510518 0.362834 0.8095
0.647557 0.535628 0.502309 0.74575
0.826868 0.569146 0.372996 0.8665
0.642617 0.559285 0.498445 0.73825
0.786233 1.08388 0.597398 -111
0.575954 1.10286 0.604984 -111
0.787559 1.48703 0.0344614 -111
0.578052 1.5006 0.0206186 -111
0.784825 1.83922 0.00296911 -111
0.583396 1.85394 0.00271441 -111
0.786985 1.89549 0.00375271 -111
0.576383 1.91009 0.00375831 -111
0.774663 1.96512 0.0043501 -111
0.635188 1.98626 0.00505472 -111
camera1:
0.330461 0.358534 0.998799 0.93075
0.355544 0.310794 0.997526 0.946
0.369898 0.312002 0.997997 0.944
0.382857 0.313829 0.997954 0.9475
0.316822 0.309186 0.998321 0.9355
0.306497 0.309021 0.998448 0.95125
0.296969 0.309044 0.998383 0.958
0.405258 0.331933 0.998432 0.96075
0.294708 0.325627 0.998424 0.966
0.361438 0.40395 0.99946 0.7985
0.310581 0.40127 0.999461 0.942
0.496852 0.548782 0.998623 0.99475
0.196925 0.530723 0.999228 1.032
0.600559 0.846272 0.967319 0.77175
0.0214961 0.779963 0.875775 0.85075
0.425024 0.579597 0.819068 0.7725
0.0889113 0.556446 0.554264 0.7775
0.381955 0.505525 0.666471 0.8905
0.0986788 0.488245 0.427605 0.76525
0.384819 0.45575 0.655261 0.78675
0.111422 0.457585 0.415256 0.77075
0.390363 0.488513 0.660232 0.76875
0.123041 0.493934 0.441207 0.8145
0.448063 1.08137 0.629613 -111
0.234995 1.02105 0.644481 -111
0.445484 1.46471 0.0139081 -111
0.230119 1.46521 0.00745959 -111
0.441023 1.81304 0.00175129 -111
0.232277 1.83042 0.00115368 -111
0.437872 1.88047 0.00305656 -111
0.229252 1.88603 0.00225032 -111
0.405614 1.9685 0.00240311 -111
0.256829 1.96012 0.00337636 -111
fused:
0.233522 0.00426464 1.32062 0.998799
nose real0:(445.694,191.461), cal0:(438.179,250.638)
nose real1:(211.495,172.097), cal1:(218.23,114.834)

0.257279 -0.045181 1.36543 0.997928
left eye (inner) real0:(452.714,170.07), cal0:(445.146,228.811)
left eye (inner) real1:(227.548,149.181), cal1:(234.028,93.0484)

0.274743 -0.0448999 1.37799 0.997997
left eye real0:(459.333,170.117), cal0:(451.728,229.115)
left eye real1:(236.735,149.761), cal1:(243.222,93.5385)

0.290655 -0.0440496 1.38983 0.997954
left eye (outer) real0:(465.221,170.42), cal0:(457.586,229.649)
left eye (outer) real1:(245.028,150.638), cal1:(251.532,94.2655)

0.206101 -0.0456778 1.34838 0.998638
right eye (inner) real0:(431.256,170.194), cal0:(423.775,228.338)
right eye (inner) real1:(202.766,148.409), cal1:(209.226,92.5635)

0.188304 -0.0462298 1.35608 0.998677
right eye real0:(422.793,170.475), cal0:(415.37,228.209)
right eye real1:(196.158,148.33), cal1:(202.588,92.7868)

0.170396 -0.0465658 1.36664 0.998873
right eye (outer) real0:(414.196,171.065), cal0:(406.853,228.219)
right eye (outer) real1:(190.06,148.341), cal1:(196.446,93.2243)

0.308026 -0.0290019 1.45397 0.998432
left ear real0:(466.792,177.702), cal0:(459.221,236.709)
left ear real1:(259.365,159.328), cal1:(265.886,103.115)

0.132611 -0.0320959 1.45868 0.999231
right ear real0:(393.534,180.862), cal0:(386.564,235.473)
right ear real1:(188.613,156.301), cal1:(194.811,103.227)

0.262803 0.0511542 1.36726 0.99946
mouth (left) real0:(454.717,212.992), cal0:(447.422,271.182)
mouth (left) real1:(231.321,193.896), cal1:(238.102,137.123)

0.203571 0.0484247 1.31984 0.999595
mouth (right) real0:(431.861,212.822), cal0:(424.609,270.747)
mouth (right) real1:(198.772,192.609), cal1:(205.582,135.71)

0.445509 0.200345 1.47614 0.998977
left shoulder real0:(521.059,265.895), cal0:(513.262,330.264)
left shoulder real1:(317.985,263.415), cal1:(325.898,199.689)

-0.0144291 0.209095 1.40383 0.99953
right shoulder real0:(331.403,290.746), cal0:(325.773,338.211)
right shoulder real1:(126.032,254.747), cal1:(132.296,205.396)

0.61791 0.469481 1.31967 0.967319
left elbow real0:(622.801,376.491), cal0:(613.243,462.501)
left elbow real1:(384.358,406.211), cal1:(394.962,327.672)

-0.166225 0.433297 1.1727 0.960862
right elbow real0:(250.987,431.598), cal0:(246.792,470.754)
right elbow real1:(13.7575,374.382), cal1:(21.1996,320.893)

0.402306 0.234097 1.12495 0.819068
left wrist real0:(556.25,293.566), cal0:(546.794,373.76)
left wrist real1:(272.016,278.207), cal1:(277.781,233.1)

0.0797351 0.165465 0.963864 0.704165
right wrist real0:(386.095,314.2), cal0:(381.646,351.867)
right wrist real1:(56.9032,267.094), cal1:(65.0067,203.589)

0.34577 0.197571 1.12798 0.666471
left pinky real0:(527.207,260.868), cal0:(516.106,353.963)
left pinky real1:(244.451,242.652), cal1:(248.155,213.337)

0.121843 0.106767 0.919154 0.515565
right pinky real0:(416.948,274.241), cal0:(411.585,318.506)
right pinky real1:(63.1544,234.357), cal1:(71.3229,168.621)

0.335588 0.162005 1.18046 0.655261
left index real0:(513.159,245.048), cal0:(502.737,331.176)
left index real1:(246.284,218.76), cal1:(249.564,192.4)

0.121368 0.0836057 0.946722 0.502309
right index real0:(414.437,257.102), cal0:(408.965,301.771)
right index real1:(71.3099,219.641), cal1:(79.4315,153.479)

0.35421 0.191181 1.13169 0.660232
left thumb real0:(529.195,273.19), cal0:(519.982,350.224)
left thumb real1:(249.832,234.486), cal1:(252.946,209.768)

0.118351 0.113152 0.970812 0.498445
right thumb real0:(411.275,268.457), cal0:(405.187,318.744)
right thumb real1:(78.7462,237.088), cal1:(86.8963,171.549)

0.380589 0.797436 1.39363 0.629613
left hip real0:(503.189,520.263), cal0:(496.012,592.582)
left hip real1:(286.761,519.059), cal1:(297.632,445.069)

0.0671823 0.732324 1.30188 0.644481
right hip real0:(368.61,529.373), cal0:(362.95,586.759)
right hip real1:(150.397,490.104), cal1:(159.11,431.048)

0.397484 1.12724 1.40083 0.0344614
left knee real0:(504.038,713.773), cal0:(502.414,732.305)
left knee real1:(285.11,703.061), cal1:(306.901,564.938)

0.079395 1.05406 1.30068 0.0206186
right knee real0:(369.953,720.289), cal0:(368.619,735.733)
right knee real1:(147.276,703.302), cal1:(170.746,555.612)

0.393605 1.58525 1.41228 0.00296911
left ankle real0:(502.288,882.824), cal0:(499.382,923.288)
left ankle real1:(282.255,870.258), cal1:(308.728,715.898)

0.0856802 1.43762 1.29777 0.00271441
right ankle real0:(373.373,889.891), cal0:(371.611,914.444)
right ankle real1:(148.657,878.604), cal1:(180.309,694.116)

0.386929 1.69467 1.39202 0.00375271
left heel real0:(503.671,909.833), cal0:(498.938,980.348)
left heel real1:(280.238,902.627), cal1:(305.634,757.82)

0.073125 1.54142 1.29797 0.00375831
right heel real0:(368.885,916.842), cal0:(365.794,962.405)
right heel real1:(146.721,905.293), cal1:(177.562,728.878)

0.36048 1.64669 1.34453 0.0043501
left foot index real0:(495.785,943.259), cal0:(493.017,984.741)
left foot index real1:(259.593,944.88), cal1:(292.26,758.981)

0.145327 1.55704 1.2301 0.00505472
right foot index real0:(406.52,953.403), cal0:(402.923,1009.41)
right foot index real1:(164.37,940.855), cal1:(195.818,763.956)

