camera0:
0.685727 0.392597 0.998932 0.94675
0.698752 0.350331 0.998412 0.95675
0.709497 0.351275 0.998395 0.9605
0.71907 0.352418 0.998277 0.98325
0.666496 0.347686 0.998971 0.9685
0.654685 0.347284 0.999056 0.96675
0.641905 0.347295 0.999178 0.96675
0.722407 0.371174 0.998151 0.98425
0.608352 0.370649 0.999472 1.001
0.696256 0.436086 0.999484 0.958
0.6611 0.435833 0.99972 0.964
0.791293 0.581724 0.998641 1.04475
0.521402 0.608993 0.9994 0.96725
0.879134 0.850555 0.7647 0.8395
0.509185 0.912252 0.913764 0.80925
0.662183 0.884447 0.479746 0.8385
0.718081 0.870473 0.578101 0.84275
0.602224 0.896289 0.28814 0.84775
0.777288 0.879938 0.392289 0.8275
0.592182 0.86696 0.289684 0.924
0.773971 0.827626 0.404345 0.9505
0.624161 0.861439 0.297613 0.88525
0.749333 0.828032 0.402489 0.93
0.784104 1.07202 0.685793 -111
0.590527 1.08253 0.703078 -111
0.772002 1.45581 0.0751773 -111
0.591185 1.47034 0.0450283 -111
0.773417 1.79191 0.00540704 -111
0.600362 1.80913 0.00641126 -111
0.775784 1.84152 0.00703607 -111
0.596559 1.85772 0.00818005 -111
0.765462 1.91721 0.00837585 -111
0.635168 1.93737 0.0124395 -111
camera1:
0.336485 0.354422 0.998659 0.93075
0.360736 0.310125 0.997517 0.9465
0.374686 0.312541 0.997911 0.94525
0.386172 0.315253 0.997899 0.94675
0.320949 0.306391 0.998276 0.9565
0.30977 0.306348 0.99833 0.94225
0.300924 0.307085 0.998253 0.9625
0.408051 0.337579 0.998352 0.96475
0.298965 0.328738 0.99802 0.96
0.364022 0.402952 0.999376 0.952
0.315732 0.397564 0.999332 0.94475
0.493208 0.575513 0.998554 0.9645
0.210909 0.572214 0.998963 1
0.48745 0.889633 0.97243 0.78075
0.115993 0.813988 0.847194 0.87725
0.243368 0.856878 0.865139 0.82175
0.1818 0.892453 0.600982 0.94375
0.203605 0.912469 0.735345 0.95675
0.19148 0.929293 0.510789 0.95575
0.182974 0.835089 0.725283 0.88475
0.194662 0.88357 0.507463 0.9505
0.208442 0.830161 0.730676 0.85
0.197773 0.871517 0.536617 0.855
0.437688 1.05917 0.790506 -111
0.245434 1.0458 0.799657 -111
0.407751 1.446 0.0180234 -111
0.215319 1.42374 0.00694396 -111
0.389118 1.79341 0.00141054 -111
0.207755 1.77955 0.000939632 -111
0.392157 1.83948 0.0028508 -111
0.204815 1.82984 0.00215881 -111
0.359209 1.92289 0.00182803 -111
0.231073 1.90807 0.00256077 -111
fused:
0.226738 -0.00271024 1.37029 0.998932
nose real0:(438.865,188.447), cal0:(431.355,247.508)
nose real1:(215.351,170.122), cal1:(222.063,112.948)

0.252512 -0.050516 1.40923 0.998412
left eye (inner) real0:(447.201,168.159), cal0:(439.596,227.154)
left eye (inner) real1:(230.871,148.86), cal1:(237.378,92.4485)

0.270583 -0.0490015 1.41997 0.998395
left eye real0:(454.078,168.612), cal0:(446.427,227.958)
left eye real1:(239.799,150.02), cal1:(246.329,93.4003)

0.286266 -0.0470122 1.42653 0.998277
left eye (outer) real0:(460.205,169.161), cal0:(452.505,228.891)
left eye (outer) real1:(247.15,151.321), cal1:(253.715,94.4093)

0.200584 -0.0531734 1.38439 0.998971
right eye (inner) real0:(426.558,166.889), cal0:(418.993,225.614)
right eye (inner) real1:(205.408,147.068), cal1:(211.918,90.6768)

0.183384 -0.0537965 1.38587 0.999056
right eye real0:(418.999,166.697), cal0:(411.444,225.368)
right eye real1:(198.253,147.047), cal1:(204.773,90.6091)

0.165957 -0.054486 1.39766 0.999178
right eye (outer) real0:(410.819,166.702), cal0:(403.282,225.268)
right eye (outer) real1:(192.591,147.401), cal1:(199.119,90.9452)

0.30425 -0.026981 1.48909 0.998352
left ear real0:(462.34,178.163), cal0:(454.696,237.808)
left ear real1:(261.153,162.038), cal1:(267.768,105.092)

0.125336 -0.0359403 1.49997 0.999472
right ear real0:(389.345,177.911), cal0:(382.147,234.297)
right ear real1:(191.337,157.794), cal1:(197.74,102.938)

0.251476 0.0467253 1.42208 0.999484
mouth (left) real0:(445.604,209.321), cal0:(438.185,268.444)
mouth (left) real1:(232.974,193.417), cal1:(239.858,135.714)

0.192162 0.0426757 1.37648 0.99972
mouth (right) real0:(423.104,209.2), cal0:(415.817,267.33)
mouth (right) real1:(202.068,190.831), cal1:(208.887,133.746)

0.42951 0.24082 1.54594 0.998641
left shoulder real0:(506.427,279.227), cal0:(498.859,342.316)
left shoulder real1:(315.653,276.246), cal1:(323.55,213.276)

-0.0116878 0.24026 1.44988 0.9994
right shoulder real0:(333.697,292.316), cal0:(327.105,348.287)
right shoulder real1:(134.982,274.663), cal1:(142.452,216.216)

0.461153 0.534216 1.25684 0.97243
left elbow real0:(562.646,408.266), cal0:(552.377,504.144)
left elbow real1:(311.968,427.024), cal1:(320.853,363.182)

-0.020827 0.449576 1.15646 0.913764
right elbow real0:(325.878,437.881), cal0:(321.129,482.331)
right elbow real1:(74.2353,390.714), cal1:(82.3362,332.615)

0.153261 0.527219 1.13512 0.865139
left wrist real0:(423.797,424.535), cal0:(413.062,527.833)
left wrist real1:(155.756,411.301), cal1:(160.852,375.507)

0.186095 0.394813 0.941168 0.600982
right wrist real0:(459.572,417.827), cal0:(450.735,500.806)
right wrist real1:(116.352,428.378), cal1:(128.263,343.192)

0.0763941 0.624182 1.16456 0.735345
left pinky real0:(385.423,430.219), cal0:(371.358,570.815)
left pinky real1:(130.307,437.985), cal1:(133.969,412.939)

0.224171 0.417397 0.875689 0.510789
right pinky real0:(497.464,422.37), cal0:(485.74,535.157)
right pinky real1:(122.547,446.061), cal1:(133.182,371.363)

0.0659665 0.539065 1.13543 0.725283
left index real0:(378.996,416.141), cal0:(366.851,534.026)
left index real1:(117.103,400.843), cal1:(120.179,379.374)

0.224246 0.381975 0.887994 0.507463
right index real0:(495.341,397.261), cal0:(483.659,507.214)
right index real1:(124.584,424.114), cal1:(135.41,346.814)

0.104237 0.529181 1.12969 0.730676
left thumb real0:(399.463,413.49), cal0:(387.381,530.217)
left thumb real1:(133.403,398.477), cal1:(136.54,376.505)

0.208628 0.398075 0.922306 0.536617
right thumb real0:(479.573,397.455), cal0:(467.842,508.088)
right thumb real1:(126.574,418.328), cal1:(136.266,349.236)

0.367683 0.775791 1.36129 0.790506
left hip real0:(501.826,514.571), cal0:(494.214,591.195)
left hip real1:(280.12,508.401), cal1:(289.746,442.847)

0.084341 0.745789 1.30437 0.799657
right hip real0:(377.937,519.615), cal0:(370.794,592.319)
right hip real1:(157.078,501.982), cal1:(166.796,436.281)

0.357382 1.01203 1.32963 0.0751773
left knee real0:(494.081,698.79), cal0:(493.423,706.131)
left knee real1:(260.961,694.081), cal1:(284.901,540.485)

0.0941454 0.937976 1.2255 0.0450283
right knee real0:(378.358,705.762), cal0:(378.1,708.682)
right knee real1:(137.804,683.396), cal1:(161.589,531.746)

0.348689 1.33462 1.29084 0.00540704
left ankle real0:(494.987,860.117), cal0:(494.23,870.064)
left ankle real1:(249.036,860.836), cal1:(280.913,670.935)

0.103094 1.23324 1.18998 0.00641126
right ankle real0:(384.232,868.383), cal0:(383.995,871.531)
right ankle real1:(132.963,854.182), cal1:(165.853,659.053)

0.350221 1.41443 1.29173 0.00703607
left heel real0:(496.501,883.929), cal0:(494.83,906.769)
left heel real1:(250.98,882.948), cal1:(282.303,699.153)

0.0972306 1.29266 1.18941 0.00818005
right heel real0:(381.798,891.704), cal0:(381.059,901.851)
right heel real1:(131.082,878.323), cal1:(164.651,681.629)

0.32352 1.39512 1.23471 0.00837585
left foot index real0:(489.896,920.261), cal0:(489.361,927.763)
left foot index real1:(229.894,922.987), cal1:(266.082,712.473)

0.145158 1.34642 1.17671 0.0124395
right foot index real0:(406.508,929.936), cal0:(406.057,936.359)
right foot index real1:(147.887,915.871), cal1:(183.655,708.995)

