camera0:
0.680882 0.371945 0.999674 0.9875
0.687393 0.337824 0.998471 0.98425
0.697632 0.336927 0.998524 0.98525
0.707804 0.336796 0.999207 0.99875
0.65496 0.343333 0.999034 0.97675
0.641539 0.347308 0.999147 0.9815
0.627864 0.351754 0.999615 0.98125
0.717205 0.361909 0.999434 1.0205
0.594005 0.381317 0.99984 1.005
0.701335 0.413239 0.999384 1.01225
0.661466 0.421074 0.999795 0.968
0.794023 0.520478 0.999664 1.035
0.519176 0.569943 0.999838 0.984
0.874 0.275083 0.99609 0.94975
0.469222 0.280827 0.998466 0.87675
0.794761 -0.01663 0.895019 -111
0.554504 -0.0648111 0.889388 -111
0.794908 -0.0760754 0.594554 -111
0.564852 -0.113206 0.601572 -111
0.755357 -0.0778832 0.554188 -111
0.577985 -0.103964 0.562686 -111
0.759394 -0.0597794 0.575449 -111
0.575422 -0.0740165 0.598059 -111
0.815258 1.07692 0.758474 -111
0.625892 1.09784 0.771406 -111
0.827089 1.51604 0.0851442 -111
0.643905 1.53505 0.0517551 -111
0.81984 1.92989 0.0159111 -111
0.641139 1.96581 0.0249088 -111
0.820872 1.9805 0.0265938 -111
0.632558 2.02407 0.0250003 -111
0.81363 2.06639 0.0230099 -111
0.672273 2.09386 0.0138733 -111
camera1:
0.327539 0.331226 0.999839 0.95925
0.351057 0.291517 0.999359 0.957
0.366403 0.291362 0.999452 0.9635
0.380691 0.291811 0.999648 0.96625
0.312689 0.296213 0.999454 0.962
0.301794 0.299437 0.99946 0.96475
0.291799 0.302164 0.999672 0
0.403487 0.308624 0.999805 0.994
0.281372 0.32081 0.999823 3.79425
0.358809 0.378261 0.999807 0.96725
0.309465 0.381831 0.999828 0.9535
0.484088 0.481916 0.999578 0.96725
0.205558 0.477141 0.999794 1.01075
0.552086 0.228626 0.998079 0.8645
0.12867 0.210036 0.995693 0.917
0.456236 -0.0513446 0.931514 -111
0.19778 -0.0997446 0.894633 -111
0.436035 -0.0889814 0.574019 -111
0.214605 -0.190013 0.581317 -111
0.416109 -0.110819 0.521065 -111
0.225882 -0.181999 0.549461 -111
0.412119 -0.0715134 0.564302 -111
0.230197 -0.14825 0.580692 -111
0.426462 0.988623 0.567506 0
0.214033 0.965403 0.565844 0
0.410336 1.46048 0.0168041 -111
0.217816 1.44473 0.0136874 -111
0.367785 1.85531 0.00164863 -111
0.197018 1.84397 0.00394844 -111
0.375571 1.91444 0.00661378 -111
0.184349 1.89786 0.00922106 -111
0.332103 1.99593 0.00175316 -111
0.220552 1.99341 0.00306985 -111
fused:
0.217792 -0.0254394 1.35899 0.999839
nose real0:(435.765,178.534), cal0:(428.226,237.447)
nose real1:(209.625,158.989), cal1:(216.233,102.257)

0.236581 -0.067801 1.41405 0.999359
left eye (inner) real0:(439.932,162.155), cal0:(432.46,219.881)
left eye (inner) real1:(224.677,139.928), cal1:(230.973,85.0501)

0.254994 -0.0693364 1.43112 0.999452
left eye real0:(446.485,161.725), cal0:(438.991,219.58)
left eye real1:(234.498,139.854), cal1:(240.789,84.97)

0.273088 -0.0699588 1.44499 0.999648
left eye (outer) real0:(452.995,161.662), cal0:(445.487,219.6)
left eye (outer) real1:(243.642,140.069), cal1:(249.932,85.1526)

0.185139 -0.0617157 1.39317 0.999454
right eye (inner) real0:(419.174,164.8), cal0:(411.784,222.074)
right eye (inner) real1:(200.121,142.182), cal1:(206.441,87.3229)

0.166173 -0.0586563 1.39977 0.99946
right eye real0:(410.585,166.708), cal0:(403.267,223.513)
right eye real1:(193.148,143.73), cal1:(199.448,89.1602)

0.147073 -0.0558166 1.40975 0.999672
right eye (outer) real0:(401.833,168.842), cal0:(394.623,224.902)
right eye (outer) real1:(186.751,145.039), cal1:(193.001,91.0147)

0.296825 -0.0490133 1.48658 0.999805
left ear real0:(459.012,173.716), cal0:(451.902,228.882)
left ear real1:(258.232,148.14), cal1:(264.28,95.7005)

0.102479 -0.0337201 1.48038 0.99984
right ear real0:(380.163,183.032), cal0:(373.535,235.008)
right ear real1:(180.078,153.989), cal1:(185.987,103.429)

0.253235 0.021049 1.39072 0.999807
mouth (left) real0:(448.854,198.355), cal0:(441.341,257.793)
mouth (left) real1:(229.638,181.565), cal1:(236.451,123.953)

0.189891 0.0265603 1.3574 0.999828
mouth (right) real0:(423.338,202.116), cal0:(415.991,260.457)
mouth (right) real1:(198.058,183.279), cal1:(204.837,126.225)

0.42076 0.143519 1.4934 0.999664
left shoulder real0:(508.175,249.829), cal0:(501.212,306.453)
left shoulder real1:(309.816,231.32), cal1:(316.589,175.847)

-0.0115421 0.161459 1.42989 0.999838
right shoulder real0:(332.273,273.572), cal0:(327.099,316.559)
right shoulder real1:(131.557,229.028), cal1:(137.074,184.881)

0.529616 -0.133859 1.45104 0.998079
left elbow real0:(559.36,132.04), cal0:(551.222,193.256)
left elbow real1:(353.335,109.741), cal1:(359.477,54.2025)

-0.087947 -0.145515 1.38099 0.998466
right elbow real0:(300.302,134.797), cal0:(293.689,185.371)
right elbow real1:(82.3489,100.818), cal1:(87.9165,51.6129)

0.395631 -0.430629 1.43323 0.931514
left wrist real0:(508.647,-7.98242), cal0:(497.784,68.1243)
left wrist real1:(291.991,-24.6454), cal1:(297.952,-85.1796)

0.0300264 -0.489382 1.40482 0.894633
right wrist real0:(354.883,-31.1093), cal0:(344.789,39.3377)
right wrist real1:(126.579,-47.8774), cal1:(132.585,-109.318)

0.380197 -0.472694 1.38216 0.594554
left pinky real0:(508.741,-36.5162), cal0:(497.203,43.1615)
left pinky real1:(279.062,-42.7111), cal1:(286.028,-115.406)

0.0490945 -0.574802 1.42556 0.601572
right pinky real0:(361.505,-54.339), cal0:(352.638,6.37332)
right pinky real1:(137.347,-91.2061), cal1:(142.637,-147.403)

0.33896 -0.514281 1.44401 0.554188
left index real0:(483.429,-37.3839), cal0:(472.968,34.6578)
left index real1:(266.31,-53.1929), cal1:(272.916,-122.524)

0.0685793 -0.560324 1.41726 0.562686
right index real0:(369.91,-49.9027), cal0:(361.018,11.0933)
right index real1:(144.564,-87.3593), cal1:(149.793,-142.684)

0.337714 -0.46947 1.42176 0.575449
left thumb real0:(486.012,-28.6941), cal0:(474.649,50.249)
left thumb real1:(263.756,-34.3264), cal1:(270.586,-104.785)

0.0660042 -0.535227 1.43498 0.598059
right thumb real0:(368.27,-35.5279), cal0:(359.581,24.538)
right thumb real1:(147.326,-71.1602), cal1:(152.654,-126.682)

0.38158 0.621313 1.23108 0.758474
left hip real0:(521.765,516.922), cal0:(518.158,552.008)
left hip real1:(272.936,474.539), cal1:(282.935,404.849)

0.123047 0.577281 1.12663 0.771406
right hip real0:(400.571,526.962), cal0:(397.561,556.638)
right hip real1:(136.981,463.393), cal1:(146.146,400.134)

0.388482 0.953258 1.18476 0.0851442
left knee real0:(529.337,727.701), cal0:(528.937,732.248)
left knee real1:(262.615,701.03), cal1:(284.922,559.504)

0.145964 0.909781 1.10302 0.0517551
right knee real0:(412.099,736.823), cal0:(411.448,744.393)
right knee real1:(139.402,693.472), cal1:(160.978,558.025)

0.356683 1.25689 1.11231 0.0159111
left ankle real0:(524.698,926.349), cal0:(524.594,927.8)
left ankle real1:(235.382,890.55), cal1:(266.277,710.644)

0.137519 1.22774 1.057 0.0249088
right ankle real0:(410.329,943.589), cal0:(410.109,946.761)
right ankle real1:(126.092,885.104), cal1:(156.205,711.627)

0.363367 1.33814 1.13208 0.0265938
left heel real0:(525.358,950.642), cal0:(524.777,959.071)
left heel real1:(240.366,918.93), cal1:(272.345,735.015)

0.124313 1.2798 1.0402 0.0250003
right heel real0:(404.837,971.553), cal0:(403.744,988.113)
right heel real1:(117.983,910.971), cal1:(148.085,740.309)

0.331266 1.30554 1.05455 0.0230099
left foot index real0:(520.723,991.867), cal0:(520.667,992.722)
left foot index real1:(212.546,958.049), cal1:(248.185,755.706)

0.172767 1.34669 1.06051 0.0138733
right foot index real0:(430.255,1005.05), cal0:(429.818,1011.86)
right foot index real1:(141.153,956.836), cal1:(175.99,760.94)

