camera0:
0.680826 0.386865 0.999358 0.9705
0.693819 0.342872 0.99908 0
0.704659 0.343203 0.999021 0.991
0.715013 0.343796 0.99909 1.0065
0.658554 0.345417 0.999359 0.967
0.642668 0.348652 0.99937 0.98375
0.626772 0.352689 0.99952 0.9805
0.722209 0.359187 0.999058 0
0.593511 0.373818 0.999706 1.0125
0.695643 0.433333 0.999546 0.815
0.652171 0.434286 0.999783 0.967
0.802806 0.522882 0.999444 0
0.509396 0.584807 0.999815 0.96675
1.01128 0.631556 0.970042 -111
0.283106 0.697469 0.98674 0.80075
0.885009 0.452689 0.869598 1.005
0.430142 0.421053 0.912823 0.8535
0.837299 0.401644 0.70548 1.0335
0.459475 0.352769 0.835128 0.86625
0.821938 0.397149 0.677693 1.038
0.476547 0.344047 0.817948 0.89075
0.830981 0.426888 0.686294 1.02575
0.47676 0.370009 0.821237 0.91725
0.780041 1.00905 0.552339 -111
0.579562 1.00377 0.593727 -111
0.780784 1.41151 0.024276 -111
0.591197 1.41869 0.0134194 -111
0.77517 1.7607 0.00117946 -111
0.597003 1.79354 0.00157151 -111
0.77109 1.80783 0.00157089 -111
0.59118 1.84772 0.00168474 -111
0.781586 1.88703 0.00224875 -111
0.634185 1.92053 0.00227758 -111
camera1:
0.320902 0.343291 0.999532 0.936
0.349126 0.300968 0.998996 0.95925
0.365083 0.303005 0.999174 0.95975
0.378747 0.305683 0.99915 0.96125
0.306499 0.298349 0.999252 0.9615
0.295452 0.297825 0.999292 0.96425
0.285959 0.297631 0.999279 0.964
0.400973 0.33112 0.999357 0.97875
0.280109 0.31924 0.999397 0.98325
0.351871 0.395073 0.999685 0.9545
0.300059 0.388874 0.999719 0.95525
0.492956 0.556258 0.999296 0.96675
0.176251 0.556174 0.999561 0.997
0.723152 0.642982 0.988786 0.84625
-0.0390503 0.616496 0.958857 -111
0.557979 0.406775 0.94733 0.9075
0.0583506 0.379766 0.868552 0.92875
0.533469 0.350736 0.893572 0.92525
0.0827303 0.316901 0.813929 0.92925
0.497819 0.353748 0.885306 0.965
0.111838 0.313076 0.802006 0.9555
0.491884 0.377537 0.88807 0.98525
0.110835 0.338641 0.818416 0.947
0.429596 1.03878 0.583026 -111
0.230107 1.02658 0.596801 -111
0.419704 1.44614 0.0134427 -111
0.231025 1.42457 0.00618578 -111
0.409344 1.80938 0.000666968 -111
0.221806 1.82353 0.000479577 -111
0.413323 1.85639 0.00135237 -111
0.213822 1.88224 0.000950528 -111
0.402278 1.94306 0.000906215 -111
0.244959 1.95503 0.00113875 -111
fused:
0.214526 -0.0105866 1.33749 0.999532
nose real0:(435.729,185.695), cal0:(428.307,243.94)
nose real1:(205.377,164.78), cal1:(211.97,108.476)

0.241448 -0.0581246 1.38834 0.99908
left eye (inner) real0:(444.044,164.579), cal0:(436.428,223.536)
left eye (inner) real1:(223.44,144.465), cal1:(229.91,88.2247)

0.260459 -0.0576426 1.40498 0.999174
left eye real0:(450.981,164.738), cal0:(443.319,224.04)
left eye real1:(233.653,145.442), cal1:(240.145,88.9966)

0.277997 -0.0563262 1.4161 0.99915
left eye (outer) real0:(457.608,165.022), cal0:(449.885,224.792)
left eye (outer) real1:(242.398,146.728), cal1:(248.932,89.9057)

0.18626 -0.0573848 1.36297 0.999359
right eye (inner) real0:(421.474,165.8), cal0:(414.047,223.394)
right eye (inner) real1:(196.159,143.207), cal1:(202.532,87.9441)

0.165093 -0.0572275 1.37559 0.99937
right eye real0:(411.307,167.353), cal0:(404.049,223.695)
right eye real1:(189.089,142.956), cal1:(195.345,88.7705)

0.144048 -0.0567834 1.39306 0.99952
right eye (outer) real0:(401.134,169.291), cal0:(394.069,224.2)
right eye (outer) real1:(183.014,142.863), cal1:(189.136,89.9131)

0.298936 -0.0363747 1.46752 0.999357
left ear real0:(462.214,172.41), cal0:(454.325,233.801)
left ear real1:(256.623,158.938), cal1:(263.397,100.436)

0.10119 -0.0389126 1.48009 0.999706
right ear real0:(379.847,179.433), cal0:(373.021,232.897)
right ear real1:(179.27,153.235), cal1:(185.336,101.248)

0.244033 0.0407273 1.38403 0.999685
mouth (left) real0:(445.211,208), cal0:(437.875,266.382)
mouth (left) real1:(225.198,189.635), cal1:(231.979,132.701)

0.176485 0.0370284 1.35359 0.999783
mouth (right) real0:(417.39,208.457), cal0:(410.277,265.137)
mouth (right) real1:(192.038,186.66), cal1:(198.679,131.002)

0.436487 0.190843 1.51634 0.999444
left shoulder real0:(513.796,250.983), cal0:(504.881,324.336)
left shoulder real1:(315.492,267.004), cal1:(324.457,194.542)

-0.029482 0.20741 1.37451 0.999815
right shoulder real0:(326.013,280.707), cal0:(319.062,339.384)
right shoulder real1:(112.8,266.963), cal1:(120.576,205.799)

0.802965 0.320608 1.57054 0.988786
left elbow real0:(647.217,303.147), cal0:(639.099,371.382)
left elbow real1:(462.817,308.632), cal1:(470.957,244.299)

-0.338183 0.286524 1.3023 0.98674
right elbow real0:(181.188,334.785), cal0:(175.94,380.922)
right elbow real1:(-24.9922,295.918), cal1:(-17.8873,242.183)

0.539236 0.0721598 1.4291 0.94733
left wrist real0:(566.406,217.291), cal0:(558.632,279.043)
left wrist real1:(357.107,195.252), cal1:(363,145.666)

-0.133335 0.0161725 1.26286 0.912823
right wrist real0:(275.291,202.106), cal0:(268.518,256.393)
right wrist real1:(37.3444,182.288), cal1:(44.6394,121.583)

0.491857 0.029611 1.51281 0.893572
left pinky real0:(535.871,192.789), cal0:(527.273,260.46)
left pinky real1:(341.42,168.353), cal1:(346.122,128.305)

-0.095394 -0.0457017 1.26706 0.835128
right pinky real0:(294.064,169.329), cal0:(286.718,227.02)
right pinky real1:(52.9474,152.112), cal1:(60.015,91.817)

0.445267 0.0339136 1.44639 0.885306
left index real0:(526.041,190.632), cal0:(516.892,262.788)
left index real1:(318.604,169.799), cal1:(323.356,129.458)

-0.0749871 -0.0534355 1.30627 0.817948
right index real0:(304.99,165.143), cal0:(297.461,224.112)
right index real1:(71.576,150.276), cal1:(78.6545,89.6784)

0.443625 0.0611562 1.39497 0.88807
left thumb real0:(531.828,204.906), cal0:(523.001,275.044)
left thumb real1:(314.806,181.218), cal1:(319.586,141.014)

-0.0742825 -0.0247711 1.29837 0.821237
right thumb real0:(305.127,177.604), cal0:(297.577,237.231)
right thumb real1:(70.9343,162.548), cal1:(77.9849,102.818)

0.360933 0.714367 1.36206 0.583026
left hip real0:(499.226,484.344), cal0:(491.145,563.899)
left hip real1:(274.942,498.615), cal1:(286.533,418.484)

0.0682962 0.674347 1.31111 0.596801
right hip real0:(370.919,481.808), cal0:(363.242,557.805)
right hip real1:(147.268,492.759), cal1:(159.845,406.159)

0.369114 1.04533 1.34843 0.024276
left knee real0:(499.702,677.525), cal0:(496.398,714.594)
left knee real1:(268.611,694.147), cal1:(291.432,548.31)

0.0939637 0.976366 1.28011 0.0134194
right knee real0:(378.366,680.969), cal0:(376.046,707.082)
right knee real1:(147.856,683.792), cal1:(171.62,532.171)

0.362992 1.44493 1.35561 0.00117946
left ankle real0:(496.109,845.137), cal0:(492.815,889.281)
left ankle real1:(261.98,868.505), cal1:(292.571,687.715)

0.102321 1.30797 1.2538 0.00157151
right ankle real0:(382.082,860.901), cal0:(380.976,875.647)
right ankle real1:(141.956,875.295), cal1:(177.585,664.293)

0.354559 1.60403 1.36862 0.00157089
left heel real0:(493.497,867.757), cal0:(487.584,953.055)
left heel real1:(264.527,891.065), cal1:(291.484,735.79)

0.0886778 1.40468 1.23392 0.00168474
right heel real0:(378.355,886.907), cal0:(375.123,932.854)
right heel real1:(136.846,903.474), cal1:(171,705.834)

0.369683 1.51659 1.33449 0.00224875
left foot index real0:(500.215,905.773), cal0:(498.372,931.69)
left foot index real1:(257.458,932.671), cal1:(294.104,719.753)

0.145609 1.45154 1.22643 0.00227758
right foot index real0:(405.878,921.855), cal0:(403.274,959.994)
right foot index real1:(156.774,938.414), cal1:(193.479,728.071)

