camera0:
0.681819 0.389732 0.999119 0.95325
0.688869 0.345624 0.99866 0.98
0.697162 0.343914 0.998429 0.98525
0.705681 0.342432 0.998823 0.99025
0.658397 0.353977 0.998947 0.974
0.643178 0.359481 0.998784 0.97875
0.627965 0.364976 0.999286 0.98
0.711814 0.355339 0.998899 1.0005
0.59012 0.384304 0.999683 9.10175
0.696043 0.429825 0.999025 0.9755
0.658335 0.440165 0.999616 0.96575
0.795691 0.502245 0.999277 1.0865
0.501021 0.571588 0.999698 0.98
0.968085 0.484124 0.984237 1.04625
0.254467 0.534154 0.993295 0.86875
0.786548 0.431584 0.893717 1.097
0.451178 0.366669 0.943263 0.98875
0.744493 0.420316 0.639618 1.15225
0.491432 0.329425 0.788518 1.042
0.734672 0.425527 0.58558 1.165
0.510243 0.332658 0.732124 1.06125
0.74033 0.442817 0.584324 1.129
0.501176 0.348959 0.747909 1.05775
0.781164 0.987373 0.749275 0.94875
0.597376 1.01422 0.777455 -111
0.784855 1.37536 0.11637 -111
0.61409 1.38586 0.0554399 -111
0.802202 1.70349 0.00425134 -111
0.62585 1.75344 0.00532018 -111
0.807085 1.75243 0.00655626 -111
0.622214 1.81239 0.00427758 -111
0.809553 1.82841 0.00549139 -111
0.670747 1.88744 0.0030821 -111
camera1:
0.316214 0.350412 0.999447 0.94
0.342771 0.311851 0.99858 0.95975
0.356168 0.314649 0.998667 0.9575
0.369275 0.317659 0.999003 0.95975
0.306623 0.305752 0.998652 0.957
0.296427 0.30451 0.998502 0.9705
0.287068 0.30408 0.99894 0.983
0.396539 0.334949 0.999408 0.982
0.28197 0.320283 0.999387 0.97975
0.346732 0.405693 0.999604 0.9525
0.301642 0.396341 0.999577 0.9565
0.496682 0.519701 0.999536 0.97625
0.191743 0.495614 0.999473 1.02675
0.75295 0.504716 0.994525 0.91475
-0.0206742 0.457996 0.979776 -111
0.541584 0.368715 0.966781 0.97525
0.165349 0.336384 0.895623 1.05825
0.492126 0.336436 0.816536 1.1385
0.21782 0.306431 0.691354 1.10375
0.469561 0.346712 0.77445 1.13125
0.221889 0.322529 0.651403 1.11275
0.480447 0.364467 0.792458 1.128
0.212948 0.339345 0.696435 1.07825
0.430467 1.01412 0.71837 -111
0.219609 0.990834 0.699616 0
0.395721 1.42942 0.0278642 -111
0.216902 1.38699 0.0136594 -111
0.374116 1.76467 0.000890715 -111
0.177711 1.76228 0.000729113 -111
0.383482 1.81096 0.00198108 -111
0.165404 1.81773 0.00175476 -111
0.343748 1.89715 0.000749076 -111
0.207495 1.90472 0.00100491 -111
fused:
0.213112 -0.00487931 1.32183 0.999447
nose real0:(436.364,187.071), cal0:(428.806,246.479)
nose real1:(202.377,168.198), cal1:(209.124,110.7)

0.233143 -0.0507266 1.3855 0.99866
left eye (inner) real0:(440.876,165.899), cal0:(433.041,226.693)
left eye (inner) real1:(219.373,149.688), cal1:(226.082,91.5482)

0.248166 -0.0509218 1.40296 0.998667
left eye real0:(446.184,165.079), cal0:(438.216,226.884)
left eye real1:(227.948,151.032), cal1:(234.751,92.049)

0.26358 -0.0508156 1.41905 0.999003
left eye (outer) real0:(451.636,164.368), cal0:(443.537,227.176)
left eye (outer) real1:(236.336,152.476), cal1:(243.238,92.6148)

0.186156 -0.0490363 1.36266 0.998947
right eye (inner) real0:(421.374,169.909), cal0:(414.02,227.07)
right eye (inner) real1:(196.239,146.761), cal1:(202.598,91.7841)

0.166145 -0.0479587 1.37494 0.998784
right eye real0:(411.634,172.551), cal0:(404.543,227.734)
right eye real1:(189.713,146.165), cal1:(195.876,92.9629)

0.146012 -0.0465763 1.39014 0.999286
right eye (outer) real0:(401.897,175.188), cal0:(395.049,228.561)
right eye (outer) real1:(183.724,145.958), cal1:(189.71,94.3694)

0.286709 -0.0376742 1.49094 0.999408
left ear real0:(455.561,170.563), cal0:(447.476,233.511)
left ear real1:(253.785,160.776), cal1:(260.739,100.747)

0.0976454 -0.0331218 1.49495 0.999683
right ear real0:(377.677,184.466), cal0:(371.188,235.382)
right ear real1:(180.461,153.736), cal1:(186.259,104.152)

0.241247 0.0446074 1.37058 0.999604
mouth (left) real0:(445.468,206.316), cal0:(437.693,268.257)
mouth (left) real1:(221.908,194.733), cal1:(229.117,134.304)

0.18343 0.0440931 1.34024 0.999616
mouth (right) real0:(421.335,211.279), cal0:(414.171,268.469)
mouth (right) real1:(193.051,190.244), cal1:(199.774,134.027)

0.436257 0.159929 1.55291 0.999536
left shoulder real0:(509.242,241.078), cal0:(500.719,310.59)
left shoulder real1:(317.876,249.456), cal1:(326.222,181.308)

-0.0406258 0.174006 1.4445 0.999698
right shoulder real0:(320.653,274.362), cal0:(315.052,321.093)
right shoulder real1:(122.715,237.895), cal1:(128.77,189.653)

0.888289 0.169073 1.91275 0.994525
left elbow real0:(619.574,232.38), cal0:(610.945,301.82)
left elbow real1:(481.888,242.263), cal1:(489.61,177.903)

-0.432561 0.129512 1.48982 0.993295
right elbow real0:(162.859,256.394), cal0:(157.519,300.942)
right elbow real1:(-13.2315,219.838), cal1:(-7.15943,171.405)

0.482411 0.0352267 1.76001 0.966781
left wrist real0:(503.391,207.16), cal0:(496.615,260.726)
left wrist real1:(346.614,176.983), cal1:(351.744,133.337)

-0.130879 -0.0482263 1.57023 0.943263
right wrist real0:(288.754,176.001), cal0:(281.874,230.239)
right wrist real1:(105.824,161.464), cal1:(112.824,101.885)

0.393866 0.0235077 1.72029 0.816536
left pinky real0:(476.476,201.752), cal0:(469.495,256.909)
left pinky real1:(314.961,161.489), cal1:(318.77,129.056)

-0.0658646 -0.106269 1.6429 0.788518
right pinky real0:(314.517,158.124), cal0:(307.863,209.823)
right pinky real1:(139.405,147.087), cal1:(146.944,81.6649)

0.362511 0.0387221 1.66405 0.77445
left index real0:(470.19,204.253), cal0:(462.824,262.682)
left index real1:(300.519,166.422), cal1:(304.322,134.235)

-0.0331365 -0.0877922 1.58576 0.732124
right index real0:(326.555,159.676), cal0:(319.394,215.425)
right index real1:(142.009,154.814), cal1:(149.94,86.2409)

0.377377 0.0643946 1.68617 0.792458
left thumb real0:(473.811,212.552), cal0:(466.403,271.649)
left thumb real1:(307.486,174.944), cal1:(311.18,143.874)

-0.0490288 -0.0602431 1.58096 0.747909
right thumb real0:(320.753,167.5), cal0:(313.317,225.796)
right thumb real1:(136.287,162.886), cal1:(143.981,96.9609)

0.364557 0.671158 1.36288 0.749275
left hip real0:(499.945,473.939), cal0:(492.647,544.657)
left hip real1:(275.499,486.779), cal1:(287.731,401.287)

0.0906961 0.605712 1.22726 0.777455
right hip real0:(382.321,486.824), cal0:(376.345,545.312)
right hip real1:(140.549,475.6), cal1:(152.448,393.038)

0.36045 0.892811 1.27714 0.11637
left knee real0:(502.307,660.171), cal0:(501.503,668.828)
left knee real1:(253.261,686.123), cal1:(280.524,507.881)

0.11957 0.841582 1.1909 0.0554399
right knee real0:(393.018,665.214), cal0:(392.267,673.4)
right knee real1:(138.817,665.755), cal1:(164.011,502.251)

0.359216 1.14422 1.19313 0.00425134
left ankle real0:(513.41,817.675), cal0:(512.819,825.047)
left ankle real1:(239.434,847.041), cal1:(274.542,633.703)

0.12247 1.06728 1.07627 0.00532018
right ankle real0:(400.544,841.65), cal0:(400.31,844.664)
right ankle real1:(113.735,845.896), cal1:(148.878,634.95)

0.36832 1.21917 1.20631 0.00655626
left heel real0:(516.534,841.165), cal0:(515.378,856.087)
left heel real1:(245.428,869.261), cal1:(280.526,658.807)

0.112429 1.12763 1.04847 0.00427758
right heel real0:(398.217,869.946), cal0:(396.369,895.057)
right heel real1:(105.859,872.512), cal1:(140.047,671.566)

0.344639 1.17173 1.11368 0.00549139
left foot index real0:(518.114,877.638), cal0:(517.86,881.007)
left foot index real1:(219.999,910.63), cal1:(259.807,674.412)

0.169391 1.18825 1.05889 0.0030821
right foot index real0:(429.278,905.97), cal0:(428.053,923.108)
right foot index real1:(132.797,914.267), cal1:(170.35,695.812)

