camera0:
0.697595 0.397372 0.998085 0.95525
0.705819 0.35303 0.997427 0.97975
0.7161 0.35415 0.99728 0.95825
0.725393 0.35533 0.997308 0.98975
0.674096 0.349928 0.998391 0.96325
0.661447 0.349894 0.998437 0.967
0.647614 0.350768 0.998739 0.9665
0.726859 0.374786 0.996918 0.98475
0.610564 0.376385 0.999076 0.985
0.70609 0.441516 0.999121 0.97525
0.672236 0.442497 0.999518 0.95975
0.795654 0.587828 0.998447 1.03625
0.521512 0.615587 0.999434 0.96725
0.884672 0.861905 0.851097 0.8405
0.512857 0.925164 0.941822 0.8065
0.670917 0.878833 0.493538 0.84575
0.727373 0.879109 0.581095 0.836
0.616385 0.885769 0.24436 0.87325
0.796905 0.888603 0.363741 0.8275
0.608557 0.861359 0.240255 0.92875
0.788611 0.83119 0.359606 0.95375
0.631878 0.857421 0.249391 0.89225
0.76318 0.832618 0.354922 0.925
0.79274 1.08438 0.6017 -111
0.595852 1.09934 0.620488 -111
0.785492 1.47365 0.047283 -111
0.595642 1.49085 0.0296567 -111
0.783935 1.81962 0.00379862 -111
0.608726 1.83778 0.00408618 -111
0.784342 1.87111 0.00503254 -111
0.603874 1.88731 0.00560879 -111
0.783297 1.94354 0.00591202 -111
0.648196 1.96919 0.0081471 -111
camera1:
0.333748 0.360493 0.998301 0.93425
0.35758 0.313135 0.996635 0.946
0.372145 0.314673 0.997267 0.946
0.384596 0.316731 0.997231 0.946
0.318191 0.310833 0.997723 0
0.307809 0.311198 0.997919 0.963
0.299675 0.312074 0.997859 0.963
0.40674 0.337729 0.997764 0.96825
0.298083 0.332337 0.99786 0.95625
0.363314 0.406751 0.999258 0.952
0.314818 0.403027 0.999272 0.9345
0.495723 0.5801 0.997931 0.952
0.209248 0.576431 0.999025 0.998
0.504466 0.898066 0.95331 0.8625
0.114299 0.827413 0.821658 0.876
0.304221 0.954775 0.71153 0.9275
0.174111 0.881004 0.409484 0.949
0.238915 0.97915 0.526805 0
0.181559 0.907691 0.328258 0.94975
0.240179 0.933614 0.514867 0
0.181474 0.864161 0.323654 0.84725
0.23219 0.864626 0.52559 0.83525
0.187312 0.856695 0.347438 0.84975
0.442371 1.0183 0.75023 -111
0.254155 1.05343 0.760917 -111
0.411747 1.45612 0.0175809 -111
0.221753 1.43605 0.00905401 -111
0.390975 1.80924 0.00249233 -111
0.212354 1.79589 0.00175969 -111
0.392998 1.85736 0.0041982 -111
0.209628 1.84658 0.00336461 -111
0.365714 1.93402 0.00353976 -111
0.232979 1.92328 0.00480849 -111
fused:
0.236224 0.00435728 1.32751 0.998301
nose real0:(446.461,190.738), cal0:(438.851,250.67)
nose real1:(213.599,173.037), cal1:(220.42,115.037)

0.257024 -0.0453646 1.37722 0.997427
left eye (inner) real0:(451.724,169.454), cal0:(444.066,228.901)
left eye (inner) real1:(228.851,150.305), cal1:(235.416,93.4487)

0.27472 -0.0443736 1.39057 0.99728
left eye real0:(458.304,169.992), cal0:(450.634,229.519)
left eye real1:(238.173,151.043), cal1:(244.725,94.2845)

0.290517 -0.0429819 1.40061 0.997308
left eye (outer) real0:(464.252,170.559), cal0:(456.56,230.254)
left eye (outer) real1:(246.141,152.031), cal1:(252.704,95.175)

0.20682 -0.0475233 1.35352 0.998391
right eye (inner) real0:(431.422,167.965), cal0:(423.746,227.596)
right eye (inner) real1:(203.642,149.2), cal1:(210.264,91.9141)

0.189488 -0.0480127 1.35974 0.998437
right eye real0:(423.326,167.949), cal0:(415.668,227.476)
right eye real1:(196.998,149.375), cal1:(203.623,92.1044)

0.171622 -0.0484731 1.37618 0.998739
right eye (outer) real0:(414.473,168.368), cal0:(406.869,227.529)
right eye (outer) real1:(191.792,149.795), cal1:(198.4,92.7311)

0.307013 -0.0238036 1.4676 0.997764
left ear real0:(465.19,179.897), cal0:(457.625,238.949)
left ear real1:(260.313,162.11), cal1:(266.86,105.789)

0.127968 -0.0299121 1.48758 0.999076
right ear real0:(390.761,180.665), cal0:(383.628,236.612)
right ear real1:(190.773,159.522), cal1:(197.141,105.059)

0.259976 0.0516373 1.38784 0.999258
mouth (left) real0:(451.898,211.928), cal0:(444.486,271.058)
mouth (left) real1:(232.521,195.24), cal1:(239.416,137.53)

0.202946 0.0490231 1.33999 0.999518
mouth (right) real0:(430.231,212.399), cal0:(422.935,270.684)
mouth (right) real1:(201.483,193.453), cal1:(208.338,136.189)

0.434631 0.246217 1.53816 0.998447
left shoulder real0:(509.218,282.157), cal0:(501.703,344.899)
left shoulder real1:(317.263,278.448), cal1:(325.142,215.721)

-0.0112945 0.24544 1.44206 0.999434
right shoulder real0:(333.768,295.482), cal0:(327.243,350.986)
right shoulder real1:(133.919,276.687), cal1:(141.352,218.645)

0.483151 0.535296 1.28921 0.95331
left elbow real0:(566.19,413.714), cal0:(557.093,498.233)
left elbow real1:(322.858,431.072), cal1:(332.867,358.877)

-0.0155709 0.45171 1.14473 0.941822
right elbow real0:(328.228,444.079), cal0:(323.776,485.846)
right elbow real1:(73.151,397.158), cal1:(81.777,335.412)

0.183534 0.630697 1.29499 0.71153
left wrist real0:(429.387,421.84), cal0:(417.092,541.395)
left wrist real1:(194.702,458.292), cal1:(204.02,393.331)

0.19636 0.340408 0.920033 0.581095
right wrist real0:(465.519,421.972), cal0:(460.167,471.059)
right wrist real1:(111.431,422.882), cal1:(126.24,314.96)

0.0959868 0.695802 1.23768 0.526805
left pinky real0:(394.486,425.169), cal0:(378.54,586.562)
left pinky real1:(152.906,469.992), cal1:(158.871,429.524)

0.238841 0.351554 0.84271 0.363741
right pinky real0:(510.019,426.529), cal0:(502.217,499.411)
right pinky real1:(116.198,435.692), cal1:(129.914,337.186)

0.0889533 0.661119 1.26063 0.514867
left index real0:(389.476,413.452), cal0:(374.339,563.874)
left index real1:(153.714,448.135), cal1:(159.214,410.364)

0.234506 0.320598 0.855928 0.359606
right index real0:(504.711,398.971), cal0:(496.545,473.803)
right index real1:(116.143,414.798), cal1:(129.918,314.341)

0.116857 0.561896 1.17674 0.52559
left thumb real0:(404.402,411.562), cal0:(391.607,535.668)
left thumb real1:(148.601,415.021), cal1:(153.144,383.298)

0.219664 0.341694 0.892318 0.354922
right thumb real0:(488.435,399.657), cal0:(479.84,478.831)
right thumb real1:(119.88,411.214), cal1:(132.309,320.951)

0.374764 0.75357 1.33476 0.75023
left hip real0:(507.353,520.504), cal0:(500.626,587.998)
left hip real1:(283.117,488.783), cal1:(290.331,439.555)

0.0916721 0.77427 1.31109 0.760917
right hip real0:(381.345,527.684), cal0:(373.954,603.612)
right hip real1:(162.659,505.646), cal1:(171.481,446.351)

0.366295 1.02748 1.29971 0.047283
left knee real0:(502.715,707.352), cal0:(501.261,723.806)
left knee real1:(263.518,698.937), cal1:(286.178,554.75)

0.0986805 0.974875 1.22668 0.0296567
right knee real0:(381.211,715.608), cal0:(380.276,726.315)
right knee real1:(141.922,689.303), cal1:(164.541,546.273)

0.346245 1.40745 1.25215 0.00379862
left ankle real0:(501.718,873.416), cal0:(498.071,924.222)
left ankle real1:(250.224,868.433), cal1:(277.198,711.261)

0.108943 1.28201 1.17139 0.00408618
right ankle real0:(389.585,882.135), cal0:(387.821,906.435)
right ankle real1:(135.907,862.029), cal1:(166.184,684.92)

0.343453 1.50514 1.25041 0.00503254
left heel real0:(501.979,898.133), cal0:(496.962,972.116)
left heel real1:(251.519,891.533), cal1:(276.825,746.826)

0.100064 1.36298 1.16776 0.00560879
right heel real0:(386.479,905.908), cal0:(383.427,950.156)
right heel real1:(134.162,886.357), cal1:(163.666,716.731)

0.330107 1.45098 1.19307 0.00591202
left foot index real0:(501.31,932.897), cal0:(498.172,979.601)
left foot index real1:(234.057,928.327), cal1:(265.292,750.234)

0.151027 1.39771 1.13425 0.0081471
right foot index real0:(414.845,945.209), cal0:(411.94,989.274)
right foot index real1:(149.107,923.177), cal1:(180.287,746.433)

