camera0:
0.681952 0.412044 0.999812 0.97525
0.688185 0.371331 0.999167 0.98725
0.697983 0.370025 0.999189 0.98925
0.708042 0.368959 0.999563 0
0.657349 0.376619 0.999469 0.9705
0.643939 0.380179 0.999527 0.97475
0.630351 0.384175 0.999785 0.97525
0.717033 0.382057 0.999689 0
0.598755 0.405022 0.99991 0.9985
0.700371 0.442758 0.999645 1.01275
0.663011 0.45127 0.999873 0.96825
0.794227 0.527449 0.999659 1.02825
0.528389 0.582427 0.999838 0.97975
0.869179 0.279782 0.996442 0.9465
0.478707 0.291673 0.998881 0.86075
0.690626 0.0974559 0.892665 1.0125
0.583565 0.0990059 0.879726 0.95375
0.650936 0.0656491 0.635171 1.08625
0.598914 0.0447215 0.625284 1.026
0.642395 0.0806065 0.59989 1.051
0.602529 0.0650307 0.594348 1.0185
0.651749 0.0983222 0.625275 1.029
0.601838 0.0885245 0.630478 1.02125
0.829776 1.10608 0.8356 -111
0.62878 1.13281 0.845294 -111
0.856307 1.55609 0.0665053 -111
0.661428 1.58748 0.042256 -111
0.862294 2.00032 0.00942846 -111
0.672833 2.03838 0.014351 -111
0.863139 2.06135 0.0165412 -111
0.667046 2.10385 0.0147786 -111
0.867824 2.14733 0.0135714 -111
0.711323 2.17329 0.00821119 -111
camera1:
0.328457 0.349735 0.999858 0.94925
0.349767 0.306989 0.999519 0.964
0.364262 0.305898 0.999541 0.96375
0.378084 0.304712 0.999734 0.96975
0.312873 0.311299 0.99958 0.9585
0.302163 0.312924 0.999558 0.97275
0.291674 0.314302 0.999765 0
0.398039 0.316913 0.999838 0.98175
0.278429 0.335667 0.999873 0
0.355589 0.38923 0.999776 0.96625
0.309501 0.393142 0.999833 0.9495
0.477843 0.493393 0.999317 0.96175
0.205616 0.498258 0.999796 1.00675
0.535346 0.224082 0.997104 0.83875
0.11375 0.233228 0.997519 0.908
0.411459 0.0501065 0.856296 0.89275
0.281482 0.0379859 0.884359 0.97625
0.387568 4.05276e-05 0.544251 -111
0.326344 -0.0260448 0.615129 -111
0.380608 0.00886224 0.502694 0.95475
0.346629 -0.00690851 0.586677 -111
0.382427 0.0485519 0.55523 0.955
0.326535 0.0334382 0.61607 0.98925
0.435804 0.995867 0.621263 0.9435
0.224642 0.996936 0.645058 0
0.427915 1.51855 0.00987553 -111
0.231989 1.49764 0.00981576 -111
0.398756 1.96229 0.000914867 -111
0.214158 1.95567 0.00226366 -111
0.401487 2.0214 0.00378368 -111
0.203198 2.01867 0.0052079 -111
0.376382 2.10991 0.00101069 -111
0.246022 2.10662 0.00186337 -111
fused:
0.219638 0.00534837 1.35 0.999858
nose real0:(436.45,197.781), cal0:(429.689,251.078)
nose real1:(210.213,167.873), cal1:(216.301,116.173)

0.236929 -0.0406995 1.39985 0.999519
left eye (inner) real0:(440.438,178.239), cal0:(433.629,231.224)
left eye (inner) real1:(223.851,147.355), cal1:(229.726,96.6241)

0.2543 -0.0426134 1.41529 0.999541
left eye real0:(446.709,177.612), cal0:(439.894,230.602)
left eye real1:(233.128,146.831), cal1:(238.984,96.2037)

0.271838 -0.0443206 1.42774 0.999734
left eye (outer) real0:(453.147,177.1), cal0:(446.332,230.041)
left eye (outer) real1:(241.974,146.262), cal1:(247.807,95.7687)

0.188226 -0.0351829 1.37871 0.99958
right eye (inner) real0:(420.704,180.777), cal0:(413.966,233.361)
right eye (inner) real1:(200.239,149.424), cal1:(206.132,98.736)

0.169584 -0.0330782 1.38542 0.999558
right eye real0:(412.121,182.486), cal0:(405.485,234.348)
right eye real1:(193.384,150.203), cal1:(199.222,100.08)

0.150646 -0.0308894 1.39311 0.999785
right eye (outer) real0:(403.425,184.404), cal0:(396.912,235.371)
right eye (outer) real1:(186.671,150.865), cal1:(192.433,101.48)

0.292887 -0.0318924 1.46321 0.999838
left ear real0:(458.901,183.387), cal0:(452.201,235.598)
left ear real1:(254.745,152.118), cal1:(260.526,102.273)

0.108315 -0.0105045 1.44848 0.99991
right ear real0:(383.203,194.411), cal0:(376.872,244.339)
right ear real1:(178.194,161.12), cal1:(183.939,112.324)

0.250715 0.0426101 1.37668 0.999776
mouth (left) real0:(448.237,212.524), cal0:(441.356,267.298)
mouth (left) real1:(227.577,186.831), cal1:(233.94,133.426)

0.191911 0.0482959 1.34587 0.999873
mouth (right) real0:(424.327,216.61), cal0:(417.613,270.263)
mouth (right) real1:(198.081,188.708), cal1:(204.395,135.967)

0.414662 0.152543 1.4717 0.999659
left shoulder real0:(508.305,253.176), cal0:(501.217,310.989)
left shoulder real1:(305.819,236.829), cal1:(312.782,180.005)

0.00183746 0.177727 1.4011 0.999838
right shoulder real0:(338.169,279.565), cal0:(332.736,324.931)
right shoulder real1:(131.594,239.164), cal1:(137.47,192.412)

0.508561 -0.129698 1.41145 0.997104
left elbow real0:(556.275,134.295), cal0:(548.41,193.472)
left elbow real1:(342.622,107.559), cal1:(348.587,53.6455)

-0.0711315 -0.118513 1.30921 0.998881
right elbow real0:(306.372,140.003), cal0:(299.308,194.295)
right elbow real1:(72.7998,111.949), cal1:(78.8302,59.027)

0.279642 -0.390408 1.6509 0.892665
left wrist real0:(442.001,46.7788), cal0:(433.71,106.575)
left wrist real1:(263.334,24.0511), cal1:(269.324,-33.9068)

0.0872239 -0.37265 1.56099 0.884359
right wrist real0:(373.482,47.5229), cal0:(365.517,105.226)
right wrist real1:(180.149,18.2332), cal1:(185.551,-33.607)

0.222892 -0.480062 1.72441 0.635171
left pinky real0:(416.599,31.5116), cal0:(409.601,81.3871)
left pinky real1:(248.043,0.0194533), cal1:(254.113,-60.0375)

0.122535 -0.48272 1.68994 0.625284
right pinky real0:(383.305,21.4663), cal0:(375.508,77.0297)
right pinky real1:(208.86,-12.5015), cal1:(214.026,-63.6018)

0.208971 -0.469194 1.72858 0.59989
left index real0:(411.133,38.6911), cal0:(404.575,85.5693)
left index real1:(243.589,4.25388), cal1:(249.605,-54.975)

0.135278 -0.47867 1.76342 0.594348
right index real0:(385.618,31.2147), cal0:(378.035,85.5631)
right index real1:(221.843,-3.31609), cal1:(226.915,-53.1155)

0.219533 -0.416581 1.69803 0.625275
left thumb real0:(417.119,47.1946), cal0:(409.619,101.256)
left thumb real1:(244.753,23.3049), cal1:(251.076,-38.0008)

0.12622 -0.414543 1.67508 0.630478
right thumb real0:(385.176,42.4917), cal0:(377.217,99.9672)
right thumb real1:(208.982,16.0503), cal1:(214.594,-38.1949)

0.395989 0.634235 1.21449 0.8356
left hip real0:(531.057,530.916), cal0:(527.83,562.546)
left hip real1:(278.914,478.016), cal1:(288.126,414.167)

0.128036 0.619693 1.14186 0.845294
right hip real0:(402.419,543.749), cal0:(399.311,574.854)
right hip real1:(143.771,478.529), cal1:(152.807,416.769)

0.420284 0.975193 1.16977 0.0665053
left knee real0:(548.036,746.922), cal0:(547.795,749.715)
left knee real1:(273.866,728.905), cal1:(298.362,574.65)

0.16653 0.951503 1.10111 0.042256
right knee real0:(423.314,761.991), cal0:(422.806,768.025)
right knee real1:(148.473,718.866), cal1:(171.196,577.694)

0.407566 1.32124 1.11386 0.00942846
left ankle real0:(551.868,960.154), cal0:(551.771,961.577)
left ankle real1:(255.204,941.901), cal1:(290.548,738.658)

0.172047 1.2813 1.05011 0.014351
right ankle real0:(430.613,978.422), cal0:(430.375,981.997)
right ankle real1:(137.061,938.721), cal1:(172.199,738.911)

0.410307 1.396 1.12073 0.0165412
left heel real0:(552.409,989.449), cal0:(551.891,997.294)
left heel real1:(256.952,970.274), cal1:(293.07,765.447)

0.161513 1.33906 1.03369 0.0147786
right heel real0:(426.91,1009.85), cal0:(425.817,1027.23)
right heel real1:(130.047,968.962), cal1:(165.609,770.13)

0.395854 1.38676 1.06451 0.0135714
left foot index real0:(555.407,1030.72), cal0:(555.351,1031.62)
left foot index real1:(240.884,1012.76), cal1:(281.003,788.066)

0.216417 1.41346 1.05863 0.00821119
right foot index real0:(455.247,1043.18), cal0:(454.763,1051.12)
right foot index real1:(157.454,1011.18), cal1:(197.095,791.302)

