camera0:
0.86788 0.321895 0.995233 0.6825
0.885696 0.26097 0.993096 0.69025
0.895899 0.26347 0.992388 0.7015
0.90445 0.265923 0.987697 0
0.840329 0.248437 0.996793 0.66675
0.819717 0.243845 0.99766 0.678
0.799916 0.240078 0.997844 0.68
0.886219 0.285647 0.988176 0.697
0.744002 0.256608 0.999277 0.687
0.866117 0.382598 0.996726 0
0.815635 0.379832 0.999302 0.67675
0.93114 0.553324 0.977035 0.80175
0.557865 0.546484 0.998979 0.73975
1.06846 0.845082 0.574011 -111
0.385044 0.900294 0.970848 0
1.02966 0.62592 0.511984 -111
0.46451 1.13716 0.780722 -111
0.999703 0.507048 0.392944 0
0.491915 1.2376 0.66762 -111
0.993229 0.46152 0.387082 0
0.527075 1.18525 0.675845 -111
0.983086 0.478059 0.404899 0
0.52107 1.15513 0.662603 -111
0.875882 1.26571 0.452346 -111
0.61766 1.26296 0.486379 -111
0.87312 1.81235 0.115518 -111
0.644139 1.79816 0.131195 -111
0.858285 2.3375 0.0230396 -111
0.618782 2.34216 0.0306523 -111
0.847665 2.41614 0.0238834 -111
0.594396 2.43171 0.0241849 -111
0.862918 2.50976 0.0235144 -111
0.71697 2.50998 0.0160874 -111
camera1:
0.187405 0.242259 0.998459 0.63
0.22355 0.176446 0.998051 0.64475
0.243886 0.177992 0.998415 0.646
0.263936 0.180123 0.998446 0.64425
0.172367 0.17203 0.997679 0.651
0.15917 0.170884 0.997461 0.652
0.147157 0.170464 0.996798 0.65
0.309056 0.200263 0.998894 0.6695
0.157087 0.185373 0.996933 0.6585
0.230154 0.316677 0.998978 0.652
0.172604 0.309296 0.998211 0.6515
0.44273 0.475885 0.997828 0.773
0.0603014 0.443807 0.98903 0.7945
0.577249 0.855055 0.960777 0.525
0.0498313 0.861586 0.50128 0
0.231578 0.945713 0.869206 0
0.0558379 0.880082 0.468005 0
0.116531 0.962404 0.748661 0
0.0497214 0.927682 0.388363 0
0.0887089 0.908712 0.774204 0
0.0539011 0.882727 0.406468 0
0.120214 0.896499 0.747504 0
0.0662659 0.867359 0.425353 0
0.371406 1.2 0.491817 -111
0.123335 1.15766 0.509315 -111
0.290465 1.56835 0.142214 -111
-0.0110863 1.41021 0.204325 -111
0.266345 2.10255 0.0216157 -111
0.0683308 2.03443 0.0283335 -111
0.290912 2.20349 0.0262445 -111
0.10175 2.12373 0.034245 -111
0.171811 2.22821 0.0243686 -111
-0.00324484 2.23907 0.0295097 -111
fused:
0.283706 -0.0396296 0.79236 0.998459
nose real0:(555.443,154.51), cal0:(547.053,218.639)
nose real1:(119.939,116.284), cal1:(126.747,56.1318)

0.306875 -0.0802898 0.814542 0.998051
left eye (inner) real0:(566.845,125.266), cal0:(558.283,189.458)
left eye (inner) real1:(143.072,84.6943), cal1:(149.55,25.8725)

0.319975 -0.0802545 0.825309 0.998415
left eye real0:(573.376,126.466), cal0:(564.867,190.256)
left eye real1:(156.087,85.4361), cal1:(162.499,27.2124)

0.332491 -0.0799917 0.837844 0.998446
left eye (outer) real0:(578.848,127.643), cal0:(570.356,191.319)
left eye (outer) real1:(168.919,86.4589), cal1:(175.251,28.975)

0.26539 -0.0858497 0.808911 0.997679
right eye (inner) real0:(537.81,119.25), cal0:(529.048,184.914)
right eye (inner) real1:(110.315,82.5746), cal1:(117.026,21.5988)

0.25 -0.0892801 0.816842 0.99766
right eye real0:(524.619,117.046), cal0:(515.816,183.01)
right eye real1:(101.869,82.0245), cal1:(108.636,20.5265)

0.235118 -0.0923125 0.825253 0.997844
right eye (outer) real0:(511.946,115.237), cal0:(503.108,181.471)
right eye (outer) real1:(94.1804,81.823), cal1:(101.001,19.8542)

0.345621 -0.077106 0.914082 0.998894
left ear real0:(567.18,137.111), cal0:(559.101,198.002)
left ear real1:(197.796,96.1261), cal1:(203.913,40.9986)

0.204035 -0.094635 0.9018 0.999277
right ear real0:(476.161,123.172), cal0:(467.873,185.629)
right ear real1:(100.535,88.9792), cal1:(107.082,29.9683)

0.298709 -0.000721749 0.838241 0.998978
mouth (left) real0:(554.315,183.647), cal0:(546.031,248.18)
mouth (left) real1:(147.299,152.005), cal1:(154.435,90.522)

0.250894 -0.00460383 0.828294 0.999302
mouth (right) real0:(522.007,182.319), cal0:(513.922,245.357)
mouth (right) real1:(110.467,148.462), cal1:(117.54,87.5878)

0.444342 0.12502 1.038 0.997828
left shoulder real0:(595.93,265.595), cal0:(589.12,321.082)
left shoulder real1:(283.347,228.425), cal1:(289.711,176.47)

0.0319691 0.100205 0.991515 0.998979
right shoulder real0:(357.034,262.312), cal0:(351.318,309.434)
right shoulder real1:(38.5929,213.027), cal1:(44.7275,163.596)

0.589639 0.461711 1.04149 0.960777
left elbow real0:(683.815,405.639), cal0:(672.071,515.126)
left elbow real1:(369.44,410.426), cal1:(375.197,369.012)

-0.190278 0.447988 1.29706 0.970848
right elbow real0:(246.428,432.141), cal0:(243.817,456.269)
right elbow real1:(31.892,413.561), cal1:(45.9335,311.781)

0.349802 0.334336 0.69556 0.869206
left wrist real0:(658.985,300.442), cal0:(634.076,537.574)
left wrist real1:(148.21,453.942), cal1:(160.984,363.529)

-0.0630399 0.542456 1.06401 0.780722
right wrist real0:(297.286,545.838), cal0:(296.354,555.094)
right wrist real1:(35.7362,422.439), cal1:(40.1341,392.227)

0.291465 0.318674 0.634427 0.748661
left pinky real0:(639.81,243.383), cal0:(607.947,550.574)
left pinky real1:(74.5798,461.954), cal1:(88.0675,367.369)

-0.0290208 0.576982 0.989358 0.66762
right pinky real0:(314.826,594.046), cal0:(314.326,599.185)
right pinky real1:(31.8217,445.287), cal1:(34.5264,427.124)

0.279508 0.293477 0.619752 0.774204
left index real0:(635.666,221.529), cal0:(602.893,533.288)
left index real1:(56.7737,436.182), cal1:(68.9956,349.622)

0.00760387 0.515196 0.949875 0.675845
right index real0:(337.328,568.921), cal0:(336.757,574.662)
right index real1:(34.4967,423.709), cal1:(37.2419,405.009)

0.287961 0.289014 0.648739 0.747504
left thumb real0:(629.175,229.468), cal0:(598.614,516.437)
left thumb real1:(76.9368,430.32), cal1:(89.8832,337.721)

0.00131492 0.512693 0.984187 0.662603
right thumb real0:(333.485,554.46), cal0:(332.751,561.769)
right thumb real1:(42.4102,416.332), cal1:(45.4373,395.571)

0.366904 0.707944 0.99229 0.491817
left hip real0:(560.565,607.542), cal0:(554.083,677.467)
left hip real1:(237.7,575.999), cal1:(248.405,506.145)

0.0913668 0.664851 0.952355 0.509315
right hip real0:(395.303,606.223), cal0:(389.584,668.253)
right hip real1:(78.9341,555.677), cal1:(89.5279,486.757)

0.311582 0.954921 0.841332 0.142214
left knee real0:(558.797,869.928), cal0:(554.437,930.823)
left knee real1:(185.897,752.809), cal1:(195.128,699.085)

0.0897236 0.761249 0.697518 0.204325
right knee real0:(412.249,863.119), cal0:(409.226,904.594)
right knee real1:(-7.0952,676.903), cal1:(-3.09956,653.5)

0.29631 1.31067 0.83278 0.0230396
left ankle real0:(549.303,1122), cal0:(545.705,1194.56)
left ankle real1:(170.461,1009.22), cal1:(193.909,885.169)

0.0820398 1.26439 0.809044 0.0306523
right ankle real0:(396.021,1124.23), cal0:(392.868,1187.93)
right ankle real1:(43.7317,976.526), cal1:(65.4785,861.508)

0.302442 1.48131 0.881268 0.0262445
left heel real0:(542.506,1159.75), cal0:(538.124,1258.88)
left heel real1:(186.183,1057.67), cal1:(210.665,930.778)

0.0630185 1.49429 0.867787 0.034245
right heel real0:(380.414,1167.22), cal0:(375.575,1283.57)
right heel real1:(65.1198,1019.39), cal1:(83.2779,926.173)

0.255448 1.2321 0.708413 0.0243686
left foot index real0:(552.267,1204.68), cal0:(548.579,1293.95)
left foot index real1:(109.959,1069.54), cal1:(135.534,938.376)

0.125944 1.1963 0.626895 0.0295097
right foot index real0:(458.861,1204.79), cal0:(452.642,1395.55)
right foot index real1:(-2.0767,1074.75), cal1:(17.0704,979.496)

