camera0:
0.717594 0.322387 0.999255 0.82575
0.728029 0.256297 0.998827 0.8185
0.738616 0.254383 0.998967 0.817
0.748862 0.252693 0.998752 0.744
0.686943 0.26303 0.99913 0.8075
0.668569 0.267576 0.999266 0.80875
0.648918 0.274015 0.999253 0.80475
0.737799 0.265349 0.998903 0.8305
0.610514 0.302008 0.999631 0.82725
0.729627 0.375854 0.999413 0.80375
0.680239 0.385189 0.99976 0.8075
0.804581 0.494403 0.999157 0.953
0.504562 0.51562 0.999755 0
0.954835 0.784195 0.842265 0.81475
0.350483 0.887498 0.977029 0.56375
1.03137 0.76179 0.753148 -111
0.44849 0.654022 0.908059 0
1.06083 0.760237 0.591357 -111
0.477744 0.605804 0.788831 0
1.06314 0.732437 0.581832 -111
0.479662 0.535994 0.772368 0
1.03879 0.742616 0.618131 -111
0.477052 0.559925 0.777476 0
0.779627 1.03694 0.649083 -111
0.560009 1.03842 0.667777 -111
0.811355 1.43598 0.0319821 -111
0.573838 1.48589 0.0226734 -111
0.811779 1.83762 0.00367047 -111
0.598298 1.86895 0.00318652 -111
0.810865 1.89846 0.00593213 -111
0.59604 1.92497 0.00331551 -111
0.812242 1.98154 0.00495185 -111
0.63876 2.01519 0.00251113 -111
camera1:
0.217425 0.279113 0.998482 0.60075
0.24303 0.221809 0.997888 0.786
0.259875 0.221243 0.998398 0.82625
0.281188 0.222052 0.998386 0.79425
0.201381 0.224348 0.997596 0.78625
0.189572 0.225279 0.997385 0.7965
0.179427 0.226383 0.996615 0.8
0.316237 0.238184 0.998972 0.83175
0.178086 0.238008 0.996342 0.8025
0.251604 0.321107 0.999119 0.55825
0.204507 0.329617 0.998361 0.564
0.439989 0.48455 0.998853 0.8465
0.0860185 0.514127 0.996754 0.862
0.510736 0.831683 0.984803 0.65575
-0.0268795 0.76099 0.825592 -111
0.295531 0.512458 0.940648 0.56925
-0.112102 0.686018 0.726749 -111
0.241034 0.432922 0.818351 0.54
-0.144605 0.673313 0.547066 -111
0.253281 0.38929 0.817292 0.537
-0.143315 0.630894 0.546987 -111
0.267525 0.412909 0.825965 0.54025
-0.119441 0.642763 0.607384 -111
0.377464 1.03495 0.755809 -111
0.172629 1.03928 0.770739 -111
0.453088 1.41377 0.0403474 -111
0.187525 1.45622 0.0340905 -111
0.414793 1.78048 0.00171593 -111
0.198305 1.82871 0.00281915 -111
0.408991 1.82829 0.00397125 -111
0.199664 1.88771 0.0034618 -111
0.390495 1.94965 0.00163389 -111
0.227784 1.97179 0.00209155 -111
fused:
0.203908 -0.0504699 1.0299 0.999255
nose real0:(459.26,154.746), cal0:(450.892,219.246)
nose real1:(139.152,133.974), cal1:(146.226,72.1697)

0.221437 -0.102929 1.06369 0.998827
left eye (inner) real0:(465.939,123.023), cal0:(457.014,190.542)
left eye (inner) real1:(155.539,106.468), cal1:(162.631,42.9044)

0.236014 -0.105172 1.07586 0.998967
left eye real0:(472.714,122.104), cal0:(463.739,189.947)
left eye real1:(166.32,106.196), cal1:(173.414,42.5256)

0.252639 -0.108012 1.09756 0.998752
left eye (outer) real0:(479.272,121.293), cal0:(470.234,189.553)
left eye (outer) real1:(179.96,106.585), cal1:(187.07,42.707)

0.174697 -0.0998498 1.05988 0.99913
right eye (inner) real0:(439.643,126.254), cal0:(430.97,192.079)
right eye (inner) real1:(128.884,107.687), cal1:(135.888,45.1884)

0.155799 -0.0994414 1.07018 0.999266
right eye real0:(427.884,128.436), cal0:(419.408,192.853)
right eye real1:(121.326,108.134), cal1:(128.218,46.7506)

0.135831 -0.0988645 1.08576 0.999253
right eye (outer) real0:(415.308,131.527), cal0:(407.105,193.974)
right eye (outer) real1:(114.833,108.664), cal1:(121.562,48.8819)

0.261102 -0.107672 1.19387 0.998972
left ear real0:(472.192,127.368), cal0:(463.337,194.496)
left ear real1:(202.392,114.329), cal1:(209.426,51.4571)

0.0987783 -0.0908461 1.1541 0.999631
right ear real0:(390.729,144.964), cal0:(383.367,201.39)
right ear real1:(113.975,114.244), cal1:(120.166,59.7329)

0.225585 -0.0141122 1.06469 0.999413
mouth (left) real0:(466.962,180.41), cal0:(459.237,240.731)
mouth (left) real1:(161.026,154.131), cal1:(167.805,95.9051)

0.169888 -0.00780626 1.06498 0.99976
mouth (right) real0:(435.353,184.891), cal0:(427.784,244.292)
mouth (right) real1:(130.884,158.216), cal1:(137.68,100.206)

0.386525 0.119888 1.32779 0.999157
left shoulder real0:(514.932,237.314), cal0:(506.833,302.961)
left shoulder real1:(281.593,232.584), cal1:(289.424,168.26)

-0.0330456 0.128074 1.15374 0.999755
right shoulder real0:(322.92,247.497), cal0:(314.741,315.411)
right shoulder real1:(55.0518,246.781), cal1:(63.8948,176.062)

0.509993 0.418638 1.13954 0.984803
left elbow real0:(611.094,376.413), cal0:(600.816,469.484)
left elbow real1:(326.871,399.208), cal1:(336.569,327.776)

-0.211953 0.403172 1.14335 0.977029
right elbow real0:(224.309,425.999), cal0:(220.58,460.618)
right elbow real1:(-17.2029,365.275), cal1:(-9.57011,310.176)

0.387697 0.172092 0.716827 0.940648
left wrist real0:(660.079,365.659), cal0:(656.872,392.979)
left wrist real1:(189.14,245.98), cal1:(191.419,228.227)

-0.0764781 0.187961 0.880709 0.908059
right wrist real0:(287.033,313.931), cal0:(279.779,376.96)
right wrist real1:(-71.7454,329.288), cal1:(-57.7623,222.437)

0.373592 0.135827 0.648968 0.818351
left pinky real0:(678.93,364.914), cal0:(677.79,374.482)
left pinky real1:(154.262,207.802), cal1:(154.896,202.786)

-0.0449638 0.136929 0.816271 0.788831
right pinky real0:(305.756,290.786), cal0:(298.855,349.512)
right pinky real1:(-92.5473,323.19), cal1:(-75.7946,192.575)

0.380016 0.116906 0.656117 0.817292
left index real0:(680.412,351.57), cal0:(679.904,355.78)
left index real1:(162.1,186.859), cal1:(162.364,184.741)

-0.0448465 0.100437 0.823577 0.772368
right index real0:(306.984,257.277), cal0:(299.234,321.988)
right index real1:(-91.7219,302.829), cal1:(-74.6053,166.77)

0.378391 0.129788 0.684433 0.825965
left thumb real0:(664.827,356.456), cal0:(664.082,362.661)
left thumb real1:(171.216,198.196), cal1:(171.651,194.727)

-0.0495923 0.128603 0.851167 0.777476
right thumb real0:(305.314,268.764), cal0:(296.945,339.5)
right thumb real1:(-76.442,308.526), cal1:(-60.7466,185.321)

0.318329 0.664298 1.20464 0.755809
left hip real0:(498.961,497.729), cal0:(490.702,580.111)
left hip real1:(241.577,496.776), cal1:(251.645,427.817)

0.0356263 0.661123 1.18633 0.770739
right hip real0:(358.406,498.443), cal0:(349.989,583.617)
right hip real1:(110.482,498.855), cal1:(121.529,423.914)

0.396513 1.18101 1.32741 0.0403474
left knee real0:(519.268,689.273), cal0:(511.403,783.401)
left knee real1:(289.976,678.612), cal1:(301.848,605.103)

0.0491016 1.11907 1.14606 0.0340905
right knee real0:(367.256,713.228), cal0:(357.687,835.532)
right knee real1:(120.016,698.985), cal1:(131.862,627.706)

0.384315 1.36321 1.24322 0.00367047
left ankle real0:(519.539,882.058), cal0:(517.661,907.687)
left ankle real1:(265.467,854.632), cal1:(291.78,700.196)

0.0861359 1.37533 1.13449 0.00318652
right ankle real0:(382.911,897.095), cal0:(377.561,977.266)
right ankle real1:(126.915,877.779), cal1:(152.098,734.51)

0.37367 1.44159 1.22151 0.00593213
left heel real0:(518.954,911.262), cal0:(515.727,957.963)
left heel real1:(261.754,877.579), cal1:(286.182,737.063)

0.0812003 1.46906 1.13355 0.0034618
right heel real0:(381.466,923.987), cal0:(374.983,1027.56)
right heel real1:(127.785,906.099), cal1:(152.124,770.186)

0.372548 1.43114 1.19798 0.00495185
left foot index real0:(519.835,951.137), cal0:(518.774,966.655)
left foot index real1:(249.917,935.832), cal1:(283.57,742.887)

0.135419 1.49588 1.12865 0.00251113
right foot index real0:(408.806,967.291), cal0:(404.03,1045.23)
right foot index real1:(145.781,946.459), cal1:(174.8,785.338)

