camera0:
0.686836 0.367311 0.999794 0.9615
0.688886 0.316744 0.999298 0.96475
0.69803 0.315787 0.999314 0
0.706908 0.314778 0.999596 0.968
0.658118 0.32021 0.999533 0.96
0.644269 0.323078 0.999576 0.96075
0.629811 0.326767 0.999779 0.95925
0.706508 0.331514 0.999706 0.982
0.594479 0.357175 0.999903 0.99075
0.701987 0.409317 0.999671 0.9665
0.663874 0.420337 0.999871 0.959
0.759793 0.542131 0.999606 1.06075
0.521402 0.556997 0.999826 0.9885
0.938594 0.73334 0.97853 0.64125
0.448394 0.868007 0.993898 0.6925
0.938773 0.630431 0.887642 0.56925
0.717086 0.737915 0.904869 0.5935
0.964681 0.598413 0.668525 0.58425
0.795437 0.707787 0.703715 0.59725
0.94793 0.585287 0.640439 0.59
0.798114 0.649627 0.677502 0.567
0.929593 0.604578 0.665577 0.587
0.77471 0.663321 0.704989 0.56825
0.772072 1.04374 0.784053 -111
0.570348 1.00611 0.794337 -111
0.817954 1.48925 0.0545769 -111
0.602185 1.53074 0.0358621 -111
0.830582 1.93573 0.00706865 -111
0.626367 1.99605 0.010673 -111
0.822294 2.00401 0.0124174 -111
0.620297 2.06862 0.0110131 -111
0.852602 2.08882 0.0101532 -111
0.674583 2.11805 0.00610937 -111
camera1:
0.31028 0.355668 0.999736 0.93775
0.33454 0.316053 0.999376 0.9525
0.34886 0.316537 0.999425 0.95025
0.363553 0.31699 0.999588 0.951
0.302212 0.314491 0.999398 0.952
0.294031 0.314613 0.99937 0.957
0.286133 0.314977 0.999551 0.9635
0.393418 0.327058 0.999764 0
0.288928 0.325338 0.999729 0.9615
0.341776 0.411088 0.999573 0.9405
0.301198 0.411117 0.999518 0.94275
0.491078 0.525676 0.999302 0.96125
0.209145 0.525913 0.999284 1.001
0.551405 0.805779 0.996124 0.702
0.106319 0.729557 0.965347 0.902
0.218711 0.679002 0.887421 0.561
0.0932149 0.647786 0.886186 0.511
0.139167 0.722129 0.636114 0.9075
0.0727423 0.63707 0.660905 0.5355
0.134164 0.667705 0.603215 0.61875
0.0832492 0.621063 0.636333 0.518
0.165337 0.676638 0.641712 0.5945
0.102643 0.636003 0.66364 0.511
0.425108 1.08095 0.636914 -111
0.221139 1.02874 0.671793 -111
0.37027 1.48864 0.0157734 -111
0.101319 1.38688 0.022017 -111
0.305476 1.93747 0.000915445 -111
0.128448 1.88619 0.00202449 -111
0.312817 2.01033 0.00324135 -111
0.146302 1.94978 0.00426107 -111
0.23008 2.05235 0.0010606 -111
0.0898896 2.05079 0.00164026 -111
fused:
0.214393 -0.0125317 1.29926 0.999794
nose real0:(439.575,176.309), cal0:(431.081,242.9)
nose real1:(198.579,170.721), cal1:(206.109,106.349)

0.228085 -0.0623752 1.37059 0.999376
left eye (inner) real0:(440.887,152.037), cal0:(431.923,221.346)
left eye (inner) real1:(214.105,151.706), cal1:(221.701,85.5959)

0.244251 -0.063526 1.38712 0.999425
left eye real0:(446.739,151.578), cal0:(437.733,221.174)
left eye real1:(223.27,151.938), cal1:(230.877,85.6796)

0.260772 -0.0649128 1.40594 0.999596
left eye (outer) real0:(452.421,151.094), cal0:(443.377,220.949)
left eye (outer) real1:(232.674,152.155), cal1:(240.291,85.7559)

0.182643 -0.0617506 1.36309 0.999533
right eye (inner) real0:(421.196,153.701), cal0:(412.446,221.471)
right eye (inner) real1:(193.416,150.956), cal1:(200.899,85.9664)

0.164717 -0.0616754 1.37867 0.999576
right eye real0:(412.332,155.077), cal0:(403.725,221.812)
right eye real1:(188.18,151.014), cal1:(195.574,86.8809)

0.145787 -0.0612043 1.39709 0.999779
right eye (outer) real0:(403.079,156.848), cal0:(394.638,222.369)
right eye (outer) real1:(183.125,151.189), cal1:(190.41,88.0833)

0.27961 -0.056664 1.50547 0.999764
left ear real0:(452.165,159.127), cal0:(443.528,226.077)
left ear real1:(251.788,156.988), cal1:(259.124,93.2927)

0.103574 -0.0467568 1.51737 0.999903
right ear real0:(380.467,171.444), cal0:(372.955,230.178)
right ear real1:(184.914,156.162), cal1:(191.548,99.1806)

0.243487 0.0367396 1.34585 0.999671
mouth (left) real0:(449.272,196.472), cal0:(440.637,265.103)
mouth (left) real1:(218.736,197.322), cal1:(226.697,130.404)

0.187861 0.0416138 1.33257 0.999871
mouth (right) real0:(424.879,201.762), cal0:(416.642,267.465)
mouth (right) real1:(192.767,197.336), cal1:(200.48,132.774)

0.407737 0.197855 1.66582 0.999606
left shoulder real0:(486.268,260.223), cal0:(478.995,320.078)
left shoulder real1:(314.29,252.324), cal1:(321.608,193.068)

-0.0123507 0.183545 1.45221 0.999826
right shoulder real0:(333.698,267.359), cal0:(326.839,324.656)
right shoulder real1:(133.853,252.438), cal1:(141.286,193.31)

0.552772 0.402583 1.28172 0.996124
left elbow real0:(600.7,352.003), cal0:(591.041,437.464)
left elbow real1:(352.899,386.774), cal1:(364.211,301.754)

-0.103156 0.42961 1.26857 0.993898
right elbow real0:(286.972,416.643), cal0:(283.096,452.225)
right elbow real1:(68.0441,350.187), cal1:(73.8083,308.189)

0.322938 0.181745 0.751397 0.887642
left wrist real0:(600.815,302.607), cal0:(590.147,394.061)
left wrist real1:(139.975,325.921), cal1:(152.125,231.877)

0.164949 0.218788 0.8207 0.904869
right wrist real0:(458.935,354.199), cal0:(452.693,408.912)
right wrist real1:(59.6575,310.937), cal1:(67.6694,250.207)

0.304077 0.162401 0.66934 0.668525
left pinky real0:(617.396,287.238), cal0:(604.871,394.513)
left pinky real1:(89.0666,346.622), cal1:(104.825,224.538)

0.206561 0.182925 0.728947 0.703715
right pinky real0:(509.08,339.738), cal0:(502.186,399.511)
right pinky real1:(46.5551,305.794), cal1:(55.8762,234.419)

0.296219 0.145202 0.675895 0.640439
left index real0:(606.675,280.938), cal0:(595.24,377.807)
left index real1:(85.8652,320.498), cal1:(100.13,208.766)

0.210957 0.162571 0.741896 0.677502
right index real0:(510.793,311.821), cal0:(502.775,380.39)
right index real1:(53.2795,298.11), cal1:(63.7179,217.119)

0.29922 0.16216 0.713783 0.665577
left thumb real0:(594.939,290.198), cal0:(583.79,385.231)
left thumb real1:(105.816,324.786), cal1:(119.305,219.779)

0.203087 0.178509 0.782024 0.704989
right thumb real0:(495.814,318.394), cal0:(487.963,385.881)
right thumb real1:(65.6914,305.281), cal1:(76.0096,225.621)

0.35822 0.717253 1.37912 0.784053
left hip real0:(494.126,500.997), cal0:(487.993,561.258)
left hip real1:(272.069,518.855), cal1:(286.862,416.463)

0.0585368 0.647607 1.31426 0.794337
right hip real0:(365.023,482.931), cal0:(358.706,544.835)
right hip real1:(141.529,493.795), cal1:(155.823,394.683)

0.356084 0.89178 1.12266 0.0545769
left knee real0:(523.49,714.842), cal0:(522.497,726.085)
left knee real1:(236.973,714.548), cal1:(262.622,551.378)

0.0787334 0.798084 0.929107 0.0358621
right knee real0:(385.398,734.755), cal0:(382.857,764.932)
right knee real1:(64.8441,665.703), cal1:(81.3071,563.437)

0.327338 1.12106 0.986096 0.00706865
left ankle real0:(531.573,929.153), cal0:(531.374,931.941)
left ankle real1:(195.505,929.984), cal1:(233.722,707.79)

0.108493 1.12934 0.9502 0.010673
right ankle real0:(400.875,958.106), cal0:(400.543,962.986)
right ankle real1:(82.2065,905.37), cal1:(115.174,716.692)

0.327067 1.22379 1.01517 0.0124174
left heel real0:(526.268,961.923), cal0:(525.503,973.193)
left heel real1:(200.203,964.958), cal1:(239.59,739.683)

0.104714 1.25223 0.985792 0.0110131
right heel real0:(396.99,992.935), cal0:(395.763,1012.12)
right heel real1:(93.633,935.893), cal1:(126.049,753.78)

0.297448 1.05207 0.836602 0.0101532
left foot index real0:(545.665,1002.63), cal0:(545.545,1004.47)
left foot index real1:(147.251,985.126), cal1:(188.395,752.48)

0.138068 1.08577 0.837261 0.00610937
right foot index real0:(431.733,1016.66), cal0:(431.017,1028.06)
right foot index real1:(57.5293,984.38), cal1:(97.9586,758.383)

