camera0:
0.716417 0.399985 0.999492 0.88075
0.72502 0.352866 0.999067 0.9015
0.73411 0.352426 0.999216 0.90675
0.742013 0.351976 0.999177 0.908
0.688112 0.352632 0.999339 0.8985
0.673671 0.352948 0.999447 0.897
0.65925 0.354218 0.999462 0.8965
0.738258 0.363421 0.999092 0.91075
0.628075 0.371251 0.999702 0.921
0.726448 0.443756 0.999465 0.894
0.686166 0.447474 0.999798 0.889
0.796567 0.557485 0.999094 0.49975
0.526991 0.580884 0.999737 0.95575
0.904214 0.804395 0.7847 0.88175
0.447701 0.894637 0.971195 0.6795
1.0576 0.812276 0.657921 -111
0.676578 0.746447 0.865006 0.5215
1.11152 0.816694 0.48524 -111
0.741445 0.724089 0.701711 0.49375
1.11505 0.80312 0.479191 -111
0.736514 0.662313 0.681039 0.49875
1.08349 0.806962 0.517648 -111
0.714345 0.660034 0.688438 0.49925
0.756889 1.09069 0.585226 -111
0.565919 1.04811 0.603451 -111
0.769757 1.46633 0.0320441 -111
0.583671 1.48403 0.0255253 -111
0.764589 1.83259 0.00483218 -111
0.583738 1.84397 0.00460995 -111
0.760271 1.88799 0.00769821 -111
0.574607 1.89917 0.00475136 -111
0.771256 1.94451 0.00686565 -111
0.623127 1.9508 0.00344343 -111
camera1:
0.307098 0.343214 0.998755 0.85375
0.333881 0.296943 0.997868 0.864
0.350342 0.298255 0.998492 0.88525
0.365331 0.300431 0.998428 0.87775
0.298073 0.295482 0.997828 0.874
0.288712 0.29498 0.997887 0.87725
0.278861 0.294722 0.997118 0.884
0.393549 0.320946 0.999044 0.91325
0.279344 0.31102 0.996617 0.8845
0.33492 0.393713 0.99917 0.87475
0.292783 0.389155 0.998219 0.86325
0.493138 0.554705 0.999458 0.92375
0.204142 0.536394 0.998731 0.9715
0.554069 0.87455 0.988896 0.699
0.0531003 0.734304 0.846483 0.851
0.345075 0.693471 0.912946 0.54525
-0.104727 0.703291 0.699188 -111
0.294548 0.621383 0.737764 0.5175
-0.158562 0.720035 0.515485 -111
0.307977 0.567231 0.738031 0.531
-0.15585 0.695332 0.508658 -111
0.307576 0.606098 0.748596 0.5225
-0.135184 0.694689 0.553074 -111
0.429138 1.04164 0.705222 -111
0.226 1.03113 0.737548 -111
0.408962 1.46955 0.0318881 -111
0.206629 1.4575 0.0406837 -111
0.396418 1.82974 0.00145257 -111
0.219072 1.83736 0.00293179 -111
0.402549 1.885 0.00250609 -111
0.223192 1.89822 0.00354569 -111
0.360953 1.97232 0.00100404 -111
0.210146 1.9771 0.00141488 -111
fused:
0.239476 0.000506857 1.20584 0.999492
nose real0:(458.507,191.993), cal0:(451.258,248.95)
nose real1:(196.543,164.743), cal1:(203.013,109.584)

0.260346 -0.0458349 1.25471 0.999067
left eye (inner) real0:(464.013,169.375), cal0:(456.603,226.743)
left eye (inner) real1:(213.684,142.533), cal1:(219.994,87.7132)

0.276652 -0.0463893 1.27424 0.999216
left eye real0:(469.831,169.165), cal0:(462.381,226.818)
left eye real1:(224.219,143.162), cal1:(230.539,88.2214)

0.291626 -0.0465694 1.29365 0.999177
left eye (outer) real0:(474.888,168.948), cal0:(467.377,227.063)
left eye (outer) real1:(233.812,144.207), cal1:(240.172,88.9075)

0.211449 -0.0476162 1.25603 0.999339
right eye (inner) real0:(440.392,169.263), cal0:(433.085,225.914)
right eye (inner) real1:(190.767,141.831), cal1:(197.046,87.3781)

0.194149 -0.0488519 1.26828 0.999447
right eye real0:(431.149,169.415), cal0:(423.913,225.548)
right eye real1:(184.776,141.59), cal1:(191.014,87.5344)

0.176363 -0.0494961 1.27911 0.999462
right eye (outer) real0:(421.92,170.025), cal0:(414.781,225.441)
right eye (outer) real1:(178.471,141.467), cal1:(184.656,87.9143)

0.306915 -0.0354055 1.3868 0.999092
left ear real0:(472.485,174.442), cal0:(464.904,233.354)
left ear real1:(251.871,154.054), cal1:(258.358,97.955)

0.143534 -0.0384557 1.36527 0.999702
right ear real0:(401.968,178.2), cal0:(395.108,231.769)
right ear real1:(178.78,149.29), cal1:(184.85,97.1147)

0.261226 0.0450541 1.24778 0.999465
mouth (left) real0:(464.927,213.003), cal0:(457.72,270.397)
mouth (left) real1:(214.349,188.982), cal1:(221.031,132.956)

0.206785 0.0437605 1.23874 0.999798
mouth (right) real0:(439.146,214.788), cal0:(432.235,269.928)
mouth (right) real1:(187.381,186.794), cal1:(193.87,132.502)

0.432417 0.211574 1.52743 0.999458
left shoulder real0:(509.803,267.593), cal0:(502.025,331.944)
left shoulder real1:(315.609,266.258), cal1:(323.547,202.466)

-0.0027455 0.198698 1.41002 0.999737
right shoulder real0:(337.274,278.824), cal0:(330.778,333.387)
right shoulder real1:(130.651,257.469), cal1:(137.808,200.869)

0.544377 0.551256 1.38732 0.988896
left elbow real0:(578.697,386.11), cal0:(567.685,487.5)
left elbow real1:(354.604,419.784), cal1:(363.927,352.029)

-0.0912258 0.394087 1.12783 0.971195
right elbow real0:(286.529,429.426), cal0:(283.355,458.693)
right elbow real1:(33.9842,352.466), cal1:(39.9333,309.295)

0.418111 0.260539 0.744933 0.912946
left wrist real0:(676.866,389.893), cal0:(669.141,458.891)
left wrist real1:(220.848,332.866), cal1:(225.867,295.454)

0.105219 0.185334 0.668242 0.865006
right wrist real0:(433.01,358.294), cal0:(426.542,415.378)
right wrist real1:(-67.0252,337.58), cal1:(-54.4471,242.831)

0.408122 0.215234 0.656729 0.737764
left pinky real0:(711.376,392.013), cal0:(705.291,445.662)
left pinky real1:(188.51,298.264), cal1:(191.696,274.249)

0.134246 0.156621 0.594058 0.701711
right pinky real0:(474.525,347.563), cal0:(467.71,407.144)
right pinky real1:(-101.48,345.617), cal1:(-85.8311,226.726)

0.415773 0.194699 0.662383 0.738031
left index real0:(713.633,385.498), cal0:(709.043,425.349)
left index real1:(197.105,272.271), cal1:(199.352,255.092)

0.132112 0.136314 0.602778 0.681039
right index real0:(471.369,317.91), cal0:(463.618,384.606)
right index real1:(-99.7439,333.759), cal1:(-83.237,206.457)

0.407021 0.213314 0.686849 0.748596
left thumb real0:(693.434,387.342), cal0:(687.955,435.344)
left thumb real1:(196.849,290.927), cal1:(199.97,267.263)

0.122378 0.146936 0.629061 0.688438
right thumb real0:(457.181,316.817), cal0:(448.821,389.075)
right thumb real1:(-86.5177,333.451), cal1:(-70.9443,213.854)

0.340541 0.806018 1.40559 0.705222
left hip real0:(484.409,523.531), cal0:(477.498,593.324)
left hip real1:(274.648,499.988), cal1:(282.717,445.14)

0.0483904 0.73833 1.3164 0.737548
right hip real0:(362.188,503.094), cal0:(354.032,585.772)
right hip real1:(144.64,494.942), cal1:(154.187,430.23)

0.338766 1.17798 1.32164 0.0320441
left knee real0:(492.644,703.839), cal0:(485.938,784.357)
left knee real1:(261.735,705.384), cal1:(278.174,603.748)

0.0616863 1.15427 1.17209 0.0406837
right knee real0:(373.549,712.335), cal0:(363.566,840.548)
right knee real1:(132.242,699.601), cal1:(143.32,633.07)

0.348668 1.43482 1.3391 0.00483218
left ankle real0:(489.337,879.642), cal0:(488.372,892.642)
left ankle real1:(253.707,878.278), cal1:(285.721,689.369)

0.0791595 1.42935 1.2494 0.00460995
right ankle real0:(373.593,885.104), cal0:(370.011,936.242)
right ankle real1:(140.206,881.934), cal1:(170.231,708.435)

0.35189 1.5417 1.37699 0.00769821
left heel real0:(486.574,906.235), cal0:(485.473,921.572)
left heel real1:(257.631,904.8), cal1:(290.647,712.257)

0.0667019 1.55745 1.28077 0.00475136
right heel real0:(367.748,911.601), cal0:(363.235,979.512)
right heel real1:(142.843,911.143), cal1:(172.879,740.453)

0.332303 1.41657 1.23689 0.00686565
left foot index real0:(493.604,933.367), cal0:(493.349,936.985)
left foot index real1:(231.01,946.712), cal1:(270.146,719.849)

0.125474 1.37883 1.15941 0.00344343
right foot index real0:(398.801,936.386), cal0:(396.964,963.42)
right foot index real1:(134.493,949.009), cal1:(173.235,727.327)

