camera0:
0.656762 0.413583 0.997354 0.9625
0.669101 0.371367 0.995853 0.98475
0.67882 0.371881 0.996092 0.988
0.688422 0.372656 0.994416 0.9985
0.632823 0.374675 0.997573 0.981
0.618308 0.378161 0.998253 0.98075
0.603912 0.381879 0.998236 0.9915
0.694955 0.386455 0.99495 1.0085
0.574234 0.399707 0.999187 1.0465
0.675973 0.457731 0.997369 0.99225
0.631147 0.457492 0.999003 0.984
0.782774 0.559051 0.991076 1.04275
0.496403 0.585921 0.998865 0.953
0.967148 0.480331 0.755082 0.9455
0.292371 0.526159 0.954262 0.80575
0.754233 0.35234 0.706735 1.094
0.4835 0.342912 0.865834 0.99425
0.700665 0.310359 0.580399 1.009
0.513929 0.292389 0.755446 1.10375
0.689009 0.338779 0.574779 0.97875
0.526679 0.310518 0.746771 1.11275
0.700634 0.364139 0.587546 1.00875
0.516912 0.336042 0.744564 0
0.782596 1.09501 0.347131 -111
0.585098 1.11506 0.37665 -111
0.789011 1.53592 0.0668014 -111
0.607068 1.54222 0.0705239 -111
0.810343 1.90313 0.010644 -111
0.610761 1.95079 0.0140479 -111
0.822847 1.95203 0.0105745 -111
0.600158 2.00616 0.0123012 -111
0.814256 2.02541 0.0125144 -111
0.655231 2.08592 0.00925499 -111
camera1:
0.321913 0.370249 0.997581 0.95575
0.345669 0.334397 0.995721 0.97725
0.358089 0.336078 0.99679 0.9705
0.369463 0.337857 0.996814 0.9715
0.308981 0.330127 0.996087 0.9665
0.29689 0.329316 0.996244 0.96925
0.285656 0.32864 0.995683 0.97825
0.38783 0.349172 0.99786 1.0015
0.278053 0.338976 0.995571 0.98275
0.348474 0.423033 0.998526 0.98575
0.301373 0.415991 0.997636 0.965
0.46594 0.528172 0.998627 0.98075
0.171303 0.510354 0.99605 1.02325
0.662554 0.437374 0.971713 0.831
-0.0434758 0.424008 0.714223 -111
0.481751 0.320487 0.895626 0.96225
0.164232 0.289052 0.636801 1.03425
0.435214 0.279603 0.697263 0
0.217094 0.244189 0.453698 1.08275
0.421174 0.308462 0.685959 4.055
0.223115 0.260424 0.440488 1.10475
0.428815 0.32868 0.68544 0
0.210984 0.281095 0.473738 1.06125
0.398441 1.02728 0.486539 -111
0.197367 0.99873 0.48648 0
0.363637 1.46633 0.0824474 -111
0.196937 1.42914 0.0963524 -111
0.336207 1.84817 0.0101961 -111
0.157366 1.84178 0.0127978 -111
0.347805 1.89002 0.0122757 -111
0.140394 1.90093 0.0134331 -111
0.31833 1.97312 0.00945381 -111
0.18022 1.97112 0.0104303 -111
fused:
0.190657 0.0156719 1.41061 0.997581
nose real0:(420.328,198.52), cal0:(413.147,255.374)
nose real1:(206.024,177.719), cal1:(212.583,122.306)

0.215076 -0.0285911 1.45543 0.995853
left eye (inner) real0:(428.225,178.256), cal0:(420.726,236.891)
left eye (inner) real1:(221.228,160.511), cal1:(227.809,104.025)

0.231623 -0.0274352 1.4654 0.99679
left eye real0:(434.445,178.503), cal0:(426.906,237.445)
left eye real1:(229.177,161.317), cal1:(235.771,104.707)

0.247625 -0.0258007 1.47206 0.996814
left eye (outer) real0:(440.59,178.875), cal0:(433.006,238.164)
left eye (outer) real1:(236.456,162.171), cal1:(243.058,105.49)

0.158888 -0.029963 1.44951 0.997573
right eye (inner) real0:(405.007,179.844), cal0:(397.801,236.274)
right eye (inner) real1:(197.748,158.461), cal1:(204.144,103.661)

0.137423 -0.0291465 1.45516 0.998253
right eye real0:(395.717,181.517), cal0:(388.683,236.659)
right eye real1:(190.01,158.072), cal1:(196.289,104.343)

0.116179 -0.028207 1.46324 0.998236
right eye (outer) real0:(386.504,183.302), cal0:(379.647,237.112)
right eye (outer) real1:(182.82,157.747), cal1:(188.975,105.14)

0.265425 -0.0126829 1.51275 0.99786
left ear real0:(444.771,185.498), cal0:(437.357,243.658)
left ear real1:(248.211,167.603), cal1:(254.714,111.99)

0.0745222 -0.0154642 1.5371 0.999187
right ear real0:(367.51,191.859), cal0:(361.074,242.651)
right ear real1:(177.954,162.709), cal1:(183.849,112.637)

0.223026 0.0698682 1.43426 0.998526
mouth (left) real0:(432.623,219.711), cal0:(425.366,277.973)
mouth (left) real1:(223.024,203.056), cal1:(229.903,145.887)

0.153666 0.0644168 1.42082 0.999003
mouth (right) real0:(403.934,219.596), cal0:(396.922,275.944)
mouth (right) real1:(192.879,199.676), cal1:(199.614,143.774)

0.396131 0.191476 1.46975 0.998627
left shoulder real0:(500.975,268.344), cal0:(493.867,326.992)
left shoulder real1:(298.202,253.522), cal1:(305.314,196.204)

-0.0459292 0.18432 1.38701 0.998865
right shoulder real0:(317.698,281.242), cal0:(312.054,328.562)
right shoulder real1:(109.634,244.97), cal1:(115.867,195.595)

0.691803 0.129467 1.49352 0.971713
left elbow real0:(618.975,230.559), cal0:(610.224,300.794)
left elbow real1:(424.034,209.94), cal1:(428.885,169.607)

-0.321186 0.0719901 1.30013 0.954262
right elbow real0:(187.117,252.556), cal0:(183.535,281.974)
right elbow real1:(-27.8245,203.524), cal1:(-21.0487,148.643)

0.389518 -0.0209908 1.65317 0.895626
left wrist real0:(482.709,169.123), cal0:(473.499,241.066)
left wrist real1:(308.321,153.834), cal1:(313.262,111.27)

-0.0662696 -0.111705 1.45248 0.865834
right wrist real0:(309.44,164.598), cal0:(304.538,202.477)
right wrist real1:(105.108,138.745), cal1:(112.917,70.6409)

0.302673 -0.0851045 1.69179 0.697263
left pinky real0:(448.426,148.972), cal0:(439.429,218.465)
left pinky real1:(278.537,134.209), cal1:(283.744,88.6558)

-0.01808 -0.202637 1.5535 0.755446
right pinky real0:(328.914,140.347), cal0:(324.956,170.305)
right pinky real1:(138.94,117.211), cal1:(147.721,38.3137)

0.280006 -0.0487499 1.67866 0.685959
left index real0:(440.966,162.614), cal0:(432.157,231.244)
left index real1:(269.551,148.062), cal1:(274.869,102.072)

0.00333545 -0.179415 1.52559 0.746771
right index real0:(337.075,149.049), cal0:(333.261,178.019)
right index real1:(142.793,125.003), cal1:(151.669,45.7122)

0.297944 -0.0222077 1.65658 0.68544
left thumb real0:(448.406,174.787), cal0:(439.999,240.64)
left thumb real1:(274.441,157.767), cal1:(279.838,111.428)

-0.0130456 -0.141098 1.50908 0.744564
right thumb real0:(330.824,161.3), cal0:(326.755,192.505)
right thumb real1:(135.03,134.926), cal1:(143.435,60.8185)

0.331295 0.725452 1.23335 0.486539
left hip real0:(500.861,525.605), cal0:(493.321,602.194)
left hip real1:(255.002,493.093), cal1:(261.603,448.416)

0.0706391 0.675359 1.16443 0.48648
right hip real0:(374.463,535.228), cal0:(368.393,597.265)
right hip real1:(126.315,479.391), cal1:(132.801,435.664)

0.31146 1.08178 1.12739 0.0824474
left knee real0:(504.967,737.242), cal0:(497.918,825.364)
left knee real1:(232.728,703.838), cal1:(244.886,630.007)

0.0898221 1.05481 1.09031 0.0963524
right knee real0:(388.524,740.267), cal0:(381.44,830.115)
right knee real1:(126.04,685.986), cal1:(136.487,622.93)

0.313672 1.29912 1.04076 0.010644
left ankle real0:(518.62,913.502), cal0:(513.011,998.877)
left ankle real1:(215.172,887.121), cal1:(237.85,758.719)

0.0903095 1.27442 1.00306 0.0140479
right ankle real0:(390.887,936.38), cal0:(386.037,1012.27)
right ankle real1:(100.714,884.053), cal1:(123.881,753.936)

0.323764 1.37326 1.03499 0.0122757
left heel real0:(526.622,936.972), cal0:(519.877,1046.1)
left heel real1:(222.595,907.208), cal1:(243.08,793.217)

0.0750619 1.32735 0.97798 0.0134331
right heel real0:(384.101,962.957), cal0:(378.058,1064.38)
right heel real1:(89.8524,912.444), cal1:(112.364,788.376)

0.311077 1.3259 1.00977 0.0125144
left foot index real0:(521.124,972.198), cal0:(517.023,1037.83)
left foot index real1:(203.731,947.099), cal1:(232.669,785.593)

0.130929 1.38223 0.966415 0.0104303
right foot index real0:(419.348,1001.24), cal0:(413.339,1108.27)
right foot index real1:(115.341,946.136), cal1:(138.264,821.613)

