camera0:
0.806468 0.334473 0.994793 0.7785
0.817848 0.277025 0.992616 0.7825
0.8265 0.27863 0.992208 0.7865
0.834069 0.280465 0.987585 0.78975
0.781887 0.270297 0.996397 0.7675
0.764093 0.268026 0.997402 0.7745
0.745193 0.266815 0.997547 0.77575
0.816155 0.299398 0.988219 0.78825
0.691453 0.284406 0.999231 0.7775
0.80576 0.391906 0.995921 0.7795
0.769279 0.392611 0.999119 0.7705
0.876146 0.558235 0.974548 0.8835
0.548258 0.551217 0.99814 0.8055
0.978369 0.797626 0.537353 0.8075
0.399056 0.891795 0.949349 0
1.05352 0.693718 0.531106 -111
0.549283 1.07903 0.741332 -111
1.08002 0.659692 0.422887 -111
0.593926 1.15683 0.629757 -111
1.0663 0.636819 0.421126 -111
0.621936 1.104 0.647857 -111
1.04191 0.658477 0.433973 -111
0.607287 1.08009 0.628143 -111
0.832743 1.21785 0.368089 -111
0.583704 1.22783 0.395672 -111
0.837605 1.74126 0.0945582 -111
0.603487 1.74104 0.106952 -111
0.823951 2.28473 0.0187117 -111
0.581209 2.30135 0.0248543 -111
0.814255 2.35684 0.0194017 -111
0.558768 2.39183 0.0196667 -111
0.820072 2.45597 0.0192251 -111
0.645756 2.44253 0.013195 -111
camera1:
0.241022 0.273207 0.99864 0.733
0.274126 0.220258 0.998268 0.75375
0.289577 0.221358 0.99862 0.75625
0.305484 0.222829 0.998641 0.7605
0.232726 0.21729 0.997946 0.759
0.220307 0.216136 0.997802 0.769
0.208797 0.215483 0.997238 0.77875
0.34756 0.242713 0.999055 0.763
0.212419 0.228258 0.997365 0.776
0.273473 0.332885 0.999074 0.749
0.226282 0.332621 0.998337 0.77425
0.451395 0.491434 0.997945 0.8825
0.109556 0.480366 0.98979 0.8535
0.566314 0.844815 0.962994 0.5855
0.00740258 0.790757 0.500366 0
0.254646 0.903576 0.878149 0
0.015625 0.760336 0.491594 0
0.140497 0.954238 0.765858 0.82675
0.00668779 0.794173 0.424586 0
0.112244 0.875634 0.792084 0
0.0201416 0.759993 0.44574 0
0.126608 0.868174 0.761316 0
0.0373421 0.762989 0.456413 0
0.37059 1.20535 0.45038 -111
0.12869 1.16788 0.489704 -111
0.316359 1.36677 0.192089 -111
-0.00119408 1.28925 0.287423 -111
0.274941 1.98131 0.0264604 -111
0.096756 1.96825 0.0336018 -111
0.27403 2.07288 0.0303614 -111
0.129293 2.04827 0.0372921 -111
0.217774 2.14189 0.0276367 -111
0.0718412 2.18229 0.0326678 -111
fused:
0.272008 -0.0379744 0.928854 0.99864
nose real0:(516.14,160.547), cal0:(507.877,224.127)
nose real1:(154.254,131.139), cal1:(161.096,71.2278)

0.293493 -0.0807068 0.96441 0.998268
left eye (inner) real0:(523.422,132.972), cal0:(514.775,198.403)
left eye (inner) real1:(175.441,105.724), cal1:(182.18,45.3283)

0.305606 -0.0806536 0.974548 0.99862
left eye real0:(528.96,133.743), cal0:(520.34,198.959)
left eye real1:(185.33,106.252), cal1:(192.026,46.2344)

0.317542 -0.0802932 0.987206 0.998641
left eye (outer) real0:(533.804,134.623), cal0:(525.188,199.817)
left eye (outer) real1:(195.51,106.958), cal1:(202.135,47.5947)

0.254365 -0.0844485 0.956567 0.997946
right eye (inner) real0:(500.407,129.742), cal0:(491.7,195.64)
right eye (inner) real1:(148.945,104.299), cal1:(155.821,42.6922)

0.238203 -0.0871756 0.964382 0.997802
right eye real0:(489.02,128.653), cal0:(480.337,194.371)
right eye real1:(140.997,103.745), cal1:(147.884,42.0532)

0.221324 -0.0897224 0.975183 0.997547
right eye (outer) real0:(476.923,128.071), cal0:(468.295,193.403)
right eye (outer) real1:(133.63,103.432), cal1:(140.504,41.8912)

0.330192 -0.0766366 1.08905 0.999055
left ear real0:(522.339,143.711), cal0:(514.096,206.405)
left ear real1:(222.438,116.502), cal1:(228.876,59.2244)

0.182333 -0.0906855 1.06816 0.999231
right ear real0:(442.53,136.515), cal0:(434.497,197.674)
right ear real1:(135.948,109.564), cal1:(142.501,51.3469)

0.28517 0.00207386 0.974336 0.999074
mouth (left) real0:(515.687,188.115), cal0:(507.78,249.976)
mouth (left) real1:(175.023,159.785), cal1:(181.918,100.702)

0.242884 0.00187591 0.956482 0.999119
mouth (right) real0:(492.338,188.453), cal0:(484.503,249.876)
mouth (right) real1:(144.82,159.658), cal1:(151.781,100.159)

0.429958 0.14464 1.16348 0.997945
left shoulder real0:(560.733,267.953), cal0:(553.958,323.41)
left shoulder real1:(288.893,235.888), cal1:(295.29,183.928)

0.0231975 0.125413 1.10421 0.99814
right shoulder real0:(350.885,264.584), cal0:(344.569,316.955)
right shoulder real1:(70.1159,230.576), cal1:(76.9664,175.71)

0.565946 0.516899 1.20986 0.962994
left elbow real0:(626.156,382.861), cal0:(612.972,505.461)
left elbow real1:(362.441,405.511), cal1:(368.076,364.898)

-0.149092 0.377217 1.13782 0.949349
right elbow real0:(255.396,428.062), cal0:(253.228,447.939)
right elbow real1:(4.73765,379.563), cal1:(15.7481,299.301)

0.369121 0.32159 0.68965 0.878149
left wrist real0:(674.254,332.984), cal0:(653.495,528.942)
left wrist real1:(162.974,433.717), cal1:(173.94,355.594)

0.0277449 0.394962 0.868891 0.741332
right wrist real0:(351.541,517.936), cal0:(351.131,521.88)
right wrist real1:(9.99999,364.961), cal1:(11.4676,354.658)

0.329963 0.309885 0.593691 0.765858
left pinky real0:(691.21,316.652), cal0:(665.842,562.39)
left pinky real1:(89.9181,458.034), cal1:(101.862,374.56)

0.0640317 0.408223 0.799284 0.629757
right pinky real0:(380.113,555.277), cal0:(380.076,555.642)
right pinky real1:(4.28018,381.203), cal1:(4.41564,380.268)

0.316517 0.278565 0.582901 0.792084
left index real0:(682.43,305.673), cal0:(658.165,535.905)
left index real1:(71.8359,420.304), cal1:(81.947,348.557)

0.0868548 0.373497 0.792153 0.647857
right index real0:(398.039,529.922), cal0:(397.818,532.059)
right index real1:(12.8906,364.797), cal1:(13.6307,359.617)

0.314758 0.2788 0.604865 0.761316
left thumb real0:(666.821,316.069), cal0:(644.572,525.709)
left thumb real1:(81.0289,416.723), cal1:(91.5123,341.94)

0.0777739 0.380618 0.831828 0.628143
right thumb real0:(388.664,518.443), cal0:(388.118,523.689)
right thumb real1:(23.899,366.235), cal1:(25.5145,354.879)

0.343549 0.760922 1.07165 0.45038
left hip real0:(532.956,584.569), cal0:(524.54,675.424)
left hip real1:(237.178,578.569), cal1:(248.195,506.7)

0.0574689 0.719476 1.01791 0.489704
right hip real0:(373.571,589.358), cal0:(365.866,673.486)
right hip real1:(82.3615,560.581), cal1:(92.7382,493.319)

0.304988 0.922434 0.906118 0.192089
left knee real0:(536.067,835.804), cal0:(534.158,860.505)
left knee real1:(202.47,656.05), cal1:(203.766,648.29)

0.0653691 0.741815 0.739834 0.287423
right knee real0:(386.232,835.699), cal0:(385.029,851.292)
right knee real1:(-0.764213,618.838), cal1:(-0.280885,615.946)

0.274317 1.35184 0.863897 0.0264604
left ankle real0:(527.328,1096.67), cal0:(522.711,1189.13)
left ankle real1:(175.962,951.028), cal1:(189.102,881.414)

0.0521128 1.38254 0.878524 0.0336018
right ankle real0:(371.974,1104.65), cal0:(367.584,1194.47)
right ankle real1:(61.9239,944.761), cal1:(76.3589,868.603)

0.267205 1.45262 0.872937 0.0303614
left heel real0:(521.123,1131.28), cal0:(515.841,1248.78)
left heel real1:(175.379,994.983), cal1:(189.645,920.832)

0.0318512 1.62061 0.946422 0.0372921
right heel real0:(357.612,1148.08), cal0:(352.166,1277.8)
right heel real1:(82.7476,983.17), cal1:(94.008,925.279)

0.246364 1.3649 0.786345 0.0276367
left foot index real0:(524.846,1178.86), cal0:(520.169,1291.86)
left foot index real1:(139.375,1028.11), cal1:(156.195,941.82)

0.0923205 1.42452 0.748207 0.0326678
right foot index real0:(413.284,1172.42), cal0:(406.076,1392.92)
right foot index real1:(45.9784,1047.5), cal1:(58.1186,987.083)

