camera0:
0.665911 0.402921 0.995221 0.9875
0.669368 0.35454 0.99277 1.00375
0.677663 0.35378 0.993174 1.0045
0.685324 0.353618 0.990012 1.00875
0.639487 0.361427 0.995841 0.99975
0.62744 0.365569 0.997037 1.00175
0.615464 0.369714 0.996947 1.0005
0.686895 0.3743 0.990954 1.01875
0.588183 0.39008 0.998626 1.01
0.683538 0.449289 0.995432 1.015
0.643399 0.453353 0.998296 0.98925
0.774599 0.592738 0.983561 1.053
0.499974 0.612306 0.998014 0.973
0.901542 0.787753 0.568299 0.87875
0.401424 0.89924 0.91872 0.6
1.05096 0.860311 0.55671 -111
0.507232 0.950708 0.761574 0
1.10857 0.858487 0.493559 -111
0.574498 0.981677 0.678134 0
1.10681 0.842916 0.530013 -111
0.581842 0.949755 0.708505 0
1.07536 0.854039 0.543348 -111
0.577749 0.929273 0.690657 0
0.745819 1.14948 0.252337 -111
0.552387 1.15772 0.277419 -111
0.717337 1.6302 0.0934694 -111
0.542587 1.63822 0.108034 -111
0.716149 2.11576 0.0150096 -111
0.532652 2.14163 0.0209093 -111
0.709153 2.18346 0.0153852 -111
0.516261 2.21618 0.018593 -111
0.722929 2.24106 0.0182304 -111
0.582513 2.26407 0.0143912 -111
camera1:
0.314598 0.375675 0.995884 0.971
0.337042 0.328484 0.993041 0.98325
0.350563 0.329528 0.994899 0.98525
0.364353 0.330947 0.994786 0.986
0.304064 0.328253 0.993639 0.98575
0.295603 0.329126 0.993963 0.99325
0.287229 0.330052 0.99284 1
0.388885 0.344422 0.996528 1.00275
0.290408 0.341649 0.992327 0.996
0.344946 0.423466 0.997593 0.97925
0.304915 0.418925 0.995921 0.982
0.484243 0.576467 0.99786 0.96025
0.198605 0.581039 0.993189 1.01375
0.547864 0.889193 0.950977 0.70975
0.155231 0.86464 0.549368 0.84
0.331671 0.843834 0.837254 0.5355
0.188743 0.853279 0.494781 0.84225
0.271028 0.831247 0.691234 0.86375
0.194369 0.880863 0.425647 0.92825
0.279966 0.774605 0.706485 0.5215
0.199859 0.834823 0.436738 0.86725
0.292844 0.789523 0.692607 0.522
0.203784 0.828116 0.454615 0.87
0.415371 1.09504 0.508722 -111
0.213168 1.06967 0.52821 -111
0.377124 1.52194 0.131024 -111
0.168952 1.48487 0.16888 -111
0.355887 1.91636 0.0170059 -111
0.165208 1.89344 0.0217972 -111
0.360092 1.96592 0.0186711 -111
0.163319 1.94297 0.0218282 -111
0.319105 2.05584 0.0159055 -111
0.191741 2.04539 0.0182267 -111
fused:
0.196368 0.0138972 1.36429 0.995884
nose real0:(426.183,193.402), cal0:(418.419,254.819)
nose real1:(201.342,180.324), cal1:(208.41,120.559)

0.210694 -0.039818 1.42992 0.993041
left eye (inner) real0:(428.396,170.179), cal0:(420.468,231.962)
left eye (inner) real1:(215.707,157.672), cal1:(222.593,98.3283)

0.226064 -0.0401916 1.4483 0.994899
left eye real0:(433.705,169.814), cal0:(425.721,232.019)
left eye real1:(224.36,158.173), cal1:(231.259,98.6912)

0.241318 -0.0399612 1.47003 0.994786
left eye (outer) real0:(438.608,169.737), cal0:(430.569,232.36)
left eye (outer) real1:(233.186,158.855), cal1:(240.077,99.4199)

0.164186 -0.0365565 1.41552 0.995841
right eye (inner) real0:(409.272,173.485), cal0:(401.631,233.176)
right eye (inner) real1:(194.601,157.561), cal1:(201.344,99.6255)

0.147371 -0.0347126 1.42515 0.997037
right eye real0:(401.562,175.473), cal0:(394.071,234.059)
right eye real1:(189.186,157.98), cal1:(195.84,100.897)

0.13043 -0.032817 1.4349 0.996947
right eye (outer) real0:(393.897,177.463), cal0:(386.556,234.952)
right eye (outer) real1:(183.827,158.425), cal1:(190.393,102.175)

0.25812 -0.023693 1.55039 0.996528
left ear real0:(439.613,179.664), cal0:(431.967,239.513)
left ear real1:(248.887,165.323), cal1:(255.513,108.485)

0.0963837 -0.019629 1.53748 0.998626
right ear real0:(376.437,187.239), cal0:(369.609,241.024)
right ear real1:(185.861,163.992), cal1:(192.106,110.835)

0.228395 0.0650365 1.40131 0.997593
mouth (left) real0:(437.465,215.659), cal0:(429.864,276.589)
mouth (left) real1:(220.765,203.264), cal1:(227.926,143.67)

0.168583 0.0633419 1.39579 0.998296
mouth (right) real0:(411.775,217.609), cal0:(404.508,275.97)
mouth (right) real1:(195.145,201.084), cal1:(202.121,143.147)

0.409524 0.253789 1.57226 0.99786
left shoulder real0:(495.743,284.514), cal0:(488.428,345.706)
left shoulder real1:(309.916,276.704), cal1:(317.409,217.146)

-0.0458246 0.250633 1.47855 0.998014
right shoulder real0:(319.983,293.907), cal0:(313.329,350.572)
right shoulder real1:(127.107,278.899), cal1:(134.787,218.973)

0.530469 0.606441 1.38125 0.950977
left elbow real0:(576.987,378.121), cal0:(562.671,512.561)
left elbow real1:(350.633,426.813), cal1:(357.854,375.141)

-0.213684 0.579504 1.64235 0.91872
right elbow real0:(256.911,431.635), cal0:(253.783,460.755)
right elbow real1:(99.3477,415.027), cal1:(111.929,323.933)

0.407332 0.336456 0.743418 0.837254
left wrist real0:(672.613,412.949), cal0:(661.117,520.691)
left wrist real1:(212.269,405.04), cal1:(219.449,353.611)

-0.0231037 0.533254 1.36937 0.761574
right wrist real0:(324.629,456.34), cal0:(321.812,482.73)
right wrist real1:(120.795,409.574), cal1:(130.548,339.63)

0.395681 0.289918 0.649029 0.691234
left pinky real0:(709.483,412.074), cal0:(698.204,517.155)
left pinky real1:(173.458,398.998), cal1:(181.468,341.358)

0.0662345 0.49885 1.20658 0.678134
right pinky real0:(367.679,471.205), cal0:(364.927,497.169)
right pinky real1:(124.396,422.814), cal1:(134.748,349.018)

0.400109 0.266122 0.655377 0.706485
left index real0:(708.357,404.6), cal0:(698.716,492.733)
left index real1:(179.178,371.81), cal1:(186.386,319.136)

0.0759568 0.461415 1.20318 0.708505
right index real0:(372.379,455.882), cal0:(369.874,479.173)
right index real1:(127.91,400.715), cal1:(137.338,332.754)

0.397543 0.281111 0.688091 0.692607
left thumb real0:(688.232,409.939), cal0:(679.038,494.222)
left thumb real1:(187.42,378.971), cal1:(194.996,323.738)

0.0712185 0.458418 1.22687 0.690657
right thumb real0:(369.759,446.051), cal0:(366.822,473.254)
right thumb real1:(130.421,397.496), cal1:(140.02,328.076)

0.311906 0.929637 1.3798 0.508722
left hip real0:(477.324,551.748), cal0:(467.752,653.611)
left hip real1:(265.838,525.621), cal1:(270.322,496.096)

0.0273143 0.85041 1.27641 0.52821
right hip real0:(353.528,555.705), cal0:(344.804,649.105)
right hip real1:(136.427,513.44), cal1:(141.175,482.309)

0.265178 1.37464 1.32407 0.131024
left knee real0:(459.096,782.498), cal0:(452.266,872.637)
left knee real1:(241.36,730.532), cal1:(251.475,670.403)

0.0155847 1.1932 1.1339 0.16888
right knee real0:(347.255,786.346), cal0:(340.205,881.113)
right knee real1:(108.129,712.738), cal1:(116.999,660.392)

0.253811 1.76222 1.25157 0.0170059
left ankle real0:(458.335,1015.56), cal0:(453.779,1094.89)
left ankle real1:(227.768,919.852), cal1:(244.153,830.339)

0.00939003 1.58525 1.1228 0.0217972
right ankle real0:(340.897,1027.98), cal0:(336.972,1097.21)
right ankle real1:(105.733,908.852), cal1:(123.103,814.27)

0.24913 1.88023 1.27644 0.0186711
left heel real0:(453.858,1048.06), cal0:(449.203,1133.97)
left heel real1:(230.459,943.644), cal1:(246.407,857.676)

-0.0108953 1.69438 1.13815 0.0218282
right heel real0:(330.407,1063.77), cal0:(326.197,1143.39)
right heel real1:(104.524,932.627), cal1:(120.866,845.022)

0.244041 1.71221 1.1526 0.0182304
left foot index real0:(462.675,1075.71), cal0:(459.149,1141.48)
left foot index real1:(204.227,986.802), cal1:(228.001,858.977)

0.0644612 1.706 1.08593 0.0182267
right foot index real0:(372.808,1086.75), cal0:(367.61,1192.85)
right foot index real1:(122.714,981.786), cal1:(141.998,879.987)

