camera0:
0.701329 0.399761 0.999466 0.9215
0.706343 0.353553 0.999002 0.95075
0.715302 0.353327 0.999167 0.9525
0.723337 0.353122 0.999132 0.96325
0.674977 0.353292 0.999293 0.944
0.661996 0.353768 0.99941 0.94925
0.648322 0.355204 0.999424 0.94475
0.718918 0.368083 0.99903 0.96125
0.611135 0.374013 0.999678 0.96325
0.709452 0.445178 0.999426 0.94175
0.674856 0.448474 0.999782 0.93425
0.767674 0.550332 0.999019 1.0645
0.522737 0.589712 0.999712 0.968
0.854804 0.728953 0.768448 0.50225
0.486596 0.89503 0.968528 0.695
0.8937 0.763516 0.646345 0.49175
0.705386 0.889711 0.851613 0.5515
0.92279 0.784458 0.476256 0.87575
0.785229 0.877223 0.674759 0.5035
0.908153 0.767237 0.469536 0
0.795619 0.823876 0.653051 0.49375
0.891003 0.762897 0.50458 0.49175
0.765791 0.829036 0.661574 0.50925
0.755432 1.04545 0.56167 -111
0.589723 1.06531 0.581365 -111
0.81655 1.39472 0.0334809 -111
0.632352 1.46277 0.0248253 -111
0.808105 1.76198 0.00529978 -111
0.629359 1.84536 0.00507214 -111
0.794692 1.82195 0.00847833 -111
0.616123 1.91404 0.0052226 -111
0.844525 1.86913 0.00754388 -111
0.690031 1.94065 0.00379083 -111
camera1:
0.310321 0.359523 0.998875 0.90475
0.335443 0.317157 0.997975 0.9275
0.350855 0.318776 0.998601 0.9295
0.365503 0.321304 0.998523 0.92875
0.301107 0.314486 0.998047 0.931
0.292225 0.314147 0.998206 0.93225
0.283738 0.314264 0.997507 0.934
0.393492 0.337384 0.999163 0.957
0.288258 0.330428 0.996876 0.932
0.339442 0.41336 0.999196 0.9275
0.300598 0.407856 0.998233 0
0.487627 0.555327 0.9995 0.949
0.221242 0.549621 0.998753 0.997
0.526723 0.841991 0.989525 0.72125
0.132503 0.729289 0.847579 0.8955
0.288734 0.837337 0.907503 0.5075
0.10967 0.69489 0.731836 0
0.223797 0.859548 0.726226 0.8815
0.09386 0.702468 0.54578 0
0.206228 0.794137 0.726009 0.515
0.109495 0.678513 0.532741 0
0.229163 0.793206 0.737348 0
0.123011 0.681124 0.569908 0
0.422289 1.04912 0.748064 -111
0.245307 1.0324 0.778055 -111
0.408799 1.43477 0.0348023 -111
0.217897 1.40895 0.0449228 -111
0.379929 1.79256 0.0015709 -111
0.219811 1.79108 0.00323631 -111
0.38944 1.83968 0.0026535 -111
0.22477 1.84794 0.00387032 -111
0.331578 1.92582 0.00107537 -111
0.206978 1.91993 0.00153469 -111
fused:
0.227965 0.0067456 1.25322 0.999466
nose real0:(448.851,191.885), cal0:(441.229,251.932)
nose real1:(198.605,172.571), cal1:(205.468,114.268)

0.245137 -0.0392374 1.31187 0.999002
left eye (inner) real0:(452.06,169.705), cal0:(444.207,230.722)
left eye (inner) real1:(214.683,152.235), cal1:(221.45,93.7207)

0.261255 -0.0393063 1.3307 0.999167
left eye real0:(457.793,169.597), cal0:(449.895,230.945)
left eye real1:(224.547,153.013), cal1:(231.33,94.3307)

0.276579 -0.0390036 1.3506 0.999132
left eye (outer) real0:(462.936,169.499), cal0:(454.973,231.341)
left eye (outer) real1:(233.922,154.226), cal1:(240.75,95.1496)

0.200001 -0.0409094 1.30186 0.999293
right eye (inner) real0:(431.985,169.58), cal0:(424.242,229.812)
right eye (inner) real1:(192.709,150.953), cal1:(199.431,92.9017)

0.183599 -0.0417513 1.3123 0.99941
right eye real0:(423.678,169.809), cal0:(415.998,229.576)
right eye real1:(187.024,150.791), cal1:(193.71,93.0958)

0.166369 -0.04216 1.32572 0.999424
right eye (outer) real0:(414.926,170.498), cal0:(407.34,229.585)
right eye (outer) real1:(181.592,150.847), cal1:(188.23,93.6232)

0.290892 -0.0272995 1.45176 0.999163
left ear real0:(460.108,176.68), cal0:(452.325,237.396)
left ear real1:(251.835,161.944), cal1:(258.577,103.912)

0.125586 -0.0309169 1.45128 0.999678
right ear real0:(391.126,179.526), cal0:(383.935,235.894)
right ear real1:(184.485,158.605), cal1:(190.919,103.551)

0.249258 0.0559821 1.30779 0.999426
mouth (left) real0:(454.049,213.686), cal0:(446.45,274.423)
mouth (left) real1:(217.243,198.413), cal1:(224.369,138.92)

0.199183 0.0538626 1.29152 0.999782
mouth (right) real0:(431.908,215.268), cal0:(424.6,273.761)
mouth (right) real1:(192.383,195.771), cal1:(199.31,138.026)

0.409524 0.218154 1.62417 0.9995
left shoulder real0:(491.312,264.159), cal0:(483.427,329.42)
left shoulder real1:(312.081,266.557), cal1:(320.138,201.766)

-0.00963029 0.220333 1.4852 0.999712
right shoulder real0:(334.552,283.062), cal0:(328.053,337.855)
right shoulder real1:(141.595,263.818), cal1:(148.817,206.889)

0.495959 0.528011 1.47131 0.989525
left elbow real0:(547.075,349.898), cal0:(534.457,464.373)
left elbow real1:(337.103,404.156), cal1:(347.004,331.296)

-0.0483465 0.428193 1.24013 0.968528
right elbow real0:(311.422,429.615), cal0:(308.527,456.205)
right elbow real1:(84.8019,350.059), cal1:(90.0962,311.513)

0.327686 0.351191 0.86919 0.907503
left wrist real0:(571.968,366.488), cal0:(558.437,491.522)
left wrist real1:(184.79,401.922), cal1:(194.259,333.331)

0.162288 0.285982 0.836766 0.851613
right wrist real0:(451.447,427.061), cal0:(448.464,454.097)
right wrist real1:(70.1886,333.547), cal1:(75.6076,293.668)

0.309486 0.337746 0.762294 0.726226
left pinky real0:(590.585,376.54), cal0:(575.854,514.973)
left pinky real1:(143.23,412.583), cal1:(152.358,347.331)

0.206942 0.25193 0.743829 0.674759
right pinky real0:(502.546,421.067), cal0:(499.087,452.247)
right pinky real1:(60.0704,337.185), cal1:(67.0411,285.643)

0.296813 0.305743 0.755901 0.726009
left index real0:(581.218,368.274), cal0:(567.845,491.781)
left index real1:(131.986,381.186), cal1:(139.725,325.103)

0.217461 0.229821 0.754475 0.653051
right index real0:(509.196,395.461), cal0:(505.105,431.764)
right index real1:(70.0769,325.686), cal1:(77.851,267.412)

0.299239 0.3122 0.797322 0.737348
left thumb real0:(570.242,366.191), cal0:(557.418,484.019)
left thumb real1:(146.665,380.739), cal1:(154.865,321.069)

0.204057 0.246692 0.79602 0.661574
right thumb real0:(490.106,397.937), cal0:(485.952,434.946)
right thumb real1:(78.7272,326.939), cal1:(85.8848,273.473)

0.332115 0.802744 1.40036 0.748064
left hip real0:(483.476,501.816), cal0:(474.427,593.207)
left hip real1:(270.265,503.58), cal1:(278.921,444.745)

0.0805564 0.754325 1.30326 0.778055
right hip real0:(377.423,511.348), cal0:(369.082,596.548)
right hip real1:(156.996,495.552), cal1:(165.261,439.81)

0.367464 1.03093 1.20784 0.0348023
left knee real0:(522.592,669.464), cal0:(514.719,761.657)
left knee real1:(261.631,688.69), cal1:(278.445,583.545)

0.113815 1.05872 1.09248 0.0449228
right knee real0:(404.705,702.129), cal0:(394.536,831.111)
right knee real1:(139.454,676.296), cal1:(147.984,624.807)

0.363753 1.20555 1.18645 0.00529978
left ankle real0:(517.187,845.752), cal0:(516.136,859.359)
left ankle real1:(243.154,860.427), cal1:(276.521,660.631)

0.127483 1.28951 1.13364 0.00507214
right ankle real0:(402.79,885.771), cal0:(399.506,932.314)
right ankle real1:(140.679,859.718), cal1:(167.635,703.602)

0.363295 1.32531 1.24327 0.00847833
left heel real0:(508.603,874.536), cal0:(507.497,889.342)
left heel real1:(249.242,883.046), cal1:(282.699,685.252)

0.113448 1.41471 1.16633 0.0052226
right heel real0:(394.318,918.737), cal0:(390.384,977.668)
right heel real1:(143.853,887.013), cal1:(170.153,737.359)

0.354525 1.10968 1.02261 0.00754388
left foot index real0:(540.496,897.181), cal0:(540.224,900.851)
left foot index real1:(212.21,924.394), cal1:(252.51,687.056)

0.182226 1.19245 1.01361 0.00379083
right foot index real0:(441.62,931.512), cal0:(439.953,955.721)
right foot index real1:(132.466,921.565), cal1:(167.783,718.66)

