camera0:
0.65889 0.408162 0.998068 0.96075
0.669149 0.371792 0.996822 0.985
0.678844 0.371334 0.997047 0.98225
0.687945 0.371086 0.995904 0.9825
0.634946 0.378079 0.998158 0.9765
0.621673 0.382253 0.998686 0.9725
0.608633 0.386219 0.998704 0.98325
0.694762 0.385845 0.996307 0.996
0.577223 0.403607 0.999402 1.00275
0.678103 0.450922 0.998068 0.99025
0.635187 0.457154 0.999267 0.983
0.785369 0.550017 0.993488 1.056
0.500349 0.580718 0.999168 0.94975
0.941894 0.390687 0.821382 0.98475
0.348678 0.382477 0.966614 0.843
0.725686 0.338216 0.660863 1.11925
0.554324 0.290366 0.751582 0
0.681702 0.313237 0.429434 0.96825
0.613194 0.261888 0.554795 0
0.675627 0.337049 0.422719 0.9645
0.611136 0.289901 0.546714 0
0.68657 0.355966 0.431528 0.9785
0.588656 0.314017 0.545276 0
0.806293 1.08738 0.264372 -111
0.607112 1.11194 0.28735 -111
0.816768 1.53941 0.0707231 -111
0.633543 1.53863 0.0674568 -111
0.837793 1.92574 0.0236222 -111
0.643523 1.95137 0.0348585 -111
0.850851 1.97473 0.0300714 -111
0.632649 2.00771 0.0470181 -111
0.827553 2.05048 0.0215454 -111
0.683536 2.08129 0.0177164 -111
camera1:
0.327274 0.373576 0.998212 0.9655
0.348809 0.334653 0.996423 0.96825
0.360946 0.335702 0.997359 0.968
0.372057 0.336551 0.997538 0.967
0.311668 0.334136 0.996894 0.95825
0.299328 0.335102 0.997102 0.96725
0.288338 0.335781 0.996788 0.97675
0.388237 0.344184 0.998385 0.99675
0.278997 0.34395 0.996747 0.98775
0.355417 0.41917 0.998852 0.9795
0.311016 0.417426 0.998245 0.96375
0.475038 0.514429 0.99897 0.99825
0.185373 0.498941 0.997088 1.02475
0.649839 0.352789 0.979282 0.861
0.00295683 0.326095 0.791596 0.93925
0.44423 0.277228 0.876131 0
0.234044 0.238199 0.651152 1.069
0.39395 0.229822 0.543291 1.0055
0.28572 0.199498 0.354414 7.77775
0.389151 0.262208 0.52366 0
0.288467 0.221745 0.336481 0
0.398902 0.286582 0.524584 0.976
0.27521 0.24548 0.361582 0
0.401499 1.00477 0.431013 -111
0.212431 0.983555 0.417143 0
0.367621 1.42231 0.0784967 -111
0.202611 1.39034 0.0848657 -111
0.342246 1.78559 0.0105789 -111
0.174601 1.77354 0.0168276 -111
0.341789 1.83586 0.0146857 -111
0.164498 1.82658 0.0190197 -111
0.316 1.90606 0.0107756 -111
0.197758 1.89857 0.0123606 -111
fused:
0.195099 0.0144113 1.42409 0.998212
nose real0:(421.69,195.918), cal0:(414.252,254.779)
nose real1:(209.455,179.317), cal1:(216.237,121.984)

0.216773 -0.02871 1.46604 0.996822
left eye (inner) real0:(428.256,178.46), cal0:(420.779,236.928)
left eye (inner) real1:(223.238,160.634), cal1:(229.802,104.288)

0.233263 -0.02844 1.47541 0.997359
left eye real0:(434.46,178.24), cal0:(426.929,237.112)
left eye real1:(231.005,161.137), cal1:(237.592,104.569)

0.248741 -0.0280159 1.4831 0.997538
left eye (outer) real0:(440.285,178.121), cal0:(432.706,237.344)
left eye (outer) real1:(238.117,161.544), cal1:(244.713,104.87)

0.16236 -0.025808 1.45137 0.998158
right eye (inner) real0:(406.365,181.478), cal0:(399.154,238.01)
right eye (inner) real1:(199.468,160.385), cal1:(205.885,105.48)

0.142241 -0.0233231 1.45219 0.998686
right eye real0:(397.871,183.481), cal0:(390.792,239.045)
right eye real1:(191.57,160.849), cal1:(197.907,106.712)

0.122787 -0.0212435 1.45675 0.998704
right eye (outer) real0:(389.525,185.385), cal0:(382.585,239.933)
right eye (outer) real1:(184.536,161.175), cal1:(190.787,107.867)

0.265619 -0.0161479 1.51375 0.998385
left ear real0:(444.648,185.206), cal0:(437.365,242.286)
left ear real1:(248.472,165.208), cal1:(254.852,110.577)

0.0789217 -0.00973889 1.52931 0.999402
right ear real0:(369.423,193.731), cal0:(362.951,244.87)
right ear real1:(178.558,165.096), cal1:(184.496,114.737)

0.228902 0.0642574 1.45221 0.998852
mouth (left) real0:(433.986,216.442), cal0:(426.642,275.289)
mouth (left) real1:(227.467,201.201), cal1:(234.391,143.532)

0.161934 0.0655464 1.44067 0.999267
mouth (right) real0:(406.519,219.434), cal0:(399.475,276.04)
mouth (right) real1:(199.05,200.364), cal1:(205.804,144.296)

0.406534 0.180189 1.49178 0.99897
left shoulder real0:(502.636,264.008), cal0:(495.666,321.289)
left shoulder real1:(304.024,246.926), cal1:(310.942,190.921)

-0.0406278 0.178747 1.42159 0.999168
right shoulder real0:(320.224,278.745), cal0:(314.779,324.263)
right shoulder real1:(118.639,239.492), cal1:(124.585,192.228)

0.672959 0.0205172 1.54306 0.979282
left elbow real0:(602.812,187.53), cal0:(593.953,256.688)
left elbow real1:(415.897,169.339), cal1:(421.165,124.013)

-0.251523 -0.0506664 1.32399 0.966614
right elbow real0:(223.154,183.589), cal0:(217.819,225.698)
right elbow real1:(1.89237,156.526), cal1:(9.34805,93.2955)

0.331802 -0.0543047 1.60783 0.876131
left wrist real0:(464.439,162.344), cal0:(455.925,228.399)
left wrist real1:(284.308,133.069), cal1:(288.41,97.4277)

0.0404025 -0.150251 1.46565 0.751582
right wrist real0:(354.767,139.376), cal0:(348.509,187.087)
right wrist real1:(149.788,114.335), cal1:(156.619,53.6769)

0.254444 -0.106301 1.57913 0.543291
left pinky real0:(436.289,150.354), cal0:(428.749,208.241)
left pinky real1:(252.128,110.315), cal1:(256.007,76.145)

0.135371 -0.217914 1.44893 0.554795
right pinky real0:(392.444,125.706), cal0:(388.076,158.311)
right pinky real1:(182.861,95.7592), cal1:(190.99,21.385)

0.24489 -0.0741152 1.58439 0.52366
left index real0:(432.401,161.784), cal0:(424.804,220.584)
left index real1:(249.056,125.86), cal1:(253.242,89.3864)

0.134253 -0.194006 1.46044 0.546714
right index real0:(391.127,139.152), cal0:(387.174,168.862)
right index real1:(184.619,106.438), cal1:(192.722,33.0077)

0.262482 -0.0487215 1.57946 0.524584
left thumb real0:(439.405,170.864), cal0:(431.786,230.158)
left thumb real1:(255.297,137.559), cal1:(259.728,99.2318)

0.100483 -0.163212 1.48795 0.545276
right thumb real0:(376.74,150.728), cal0:(372.518,182.775)
right thumb real1:(176.134,117.83), cal1:(183.851,48.8708)

0.34612 0.695212 1.18058 0.431013
left hip real0:(516.027,521.94), cal0:(508.079,602.602)
left hip real1:(256.959,482.288), cal1:(262.085,447.574)

0.0963367 0.668461 1.15025 0.417143
right hip real0:(388.551,533.733), cal0:(382.264,597.957)
right hip real1:(135.956,472.106), cal1:(141.258,436.352)

0.331719 0.997564 1.07552 0.0784967
left knee real0:(522.732,738.918), cal0:(517.24,806.122)
left knee real1:(235.278,682.707), cal1:(246.508,613.878)

0.118451 0.984442 1.05167 0.0848657
right knee real0:(405.468,738.541), cal0:(399.613,811.267)
right knee real1:(129.671,667.365), cal1:(139.447,607.838)

0.338875 1.16312 1.00392 0.0236222
left ankle real0:(536.187,924.356), cal0:(534.737,944.988)
left ankle real1:(219.037,857.085), cal1:(242.921,718.936)

0.128664 1.16626 0.986413 0.0348585
right ankle real0:(411.855,936.659), cal0:(410.309,959.259)
right ankle real1:(111.745,851.301), cal1:(135.168,717.017)

0.345168 1.18465 0.983229 0.0300714
left heel real0:(544.545,947.87), cal0:(542.849,972.796)
left heel real1:(218.745,881.213), cal1:(243.557,739.219)

0.117831 1.20042 0.985649 0.0470181
right heel real0:(404.895,963.7), cal0:(403.768,980.635)
right heel real1:(105.279,876.758), cal1:(130.754,731.917)

0.317441 1.2349 0.973301 0.0215454
left foot index real0:(529.634,984.232), cal0:(527.887,1011.22)
left foot index real1:(202.24,914.909), cal1:(228.772,765.331)

0.164445 1.27255 0.961551 0.0177164
right foot index real0:(437.463,999.021), cal0:(434.691,1044.06)
right foot index real1:(126.565,911.315), cal1:(150.403,778.819)

