camera0:
0.542132 0.380435 0.99998 0.84275
0.558798 0.335823 0.999969 0.84875
0.571114 0.336586 0.999962 0.85325
0.583868 0.337788 0.999969 0.86775
0.520175 0.334938 0.999974 0.8515
0.505226 0.336164 0.999966 0.85
0.491512 0.338245 0.999974 0.85425
0.597656 0.364744 0.999961 0.8755
0.46489 0.367168 0.999983 0
0.566274 0.438049 0.999984 0.84
0.518317 0.439144 0.999991 0.848
0.714089 0.645232 0.999812 0.92675
0.374989 0.664833 0.999863 0.8275
0.816469 0.940853 0.758016 0.88325
0.317845 0.993161 0.665919 0.7515
0.89692 1.21573 0.532104 -111
0.311433 1.30275 0.292191 -111
0.936586 1.28674 0.441447 -111
0.292229 1.3888 0.288776 -111
0.898054 1.29147 0.499615 -111
0.323107 1.38489 0.36944 -111
0.877184 1.26599 0.508004 -111
0.338095 1.35359 0.404054 -111
0.69644 1.29245 0.00901494 -111
0.464947 1.31898 0.00842213 -111
0.706867 1.80492 0.000834523 -111
0.486904 1.83808 0.000400269 -111
0.718361 2.26069 2.65247e-05 -111
0.509681 2.28982 7.31374e-06 -111
0.723036 2.33639 2.86121e-05 -111
0.506086 2.36535 1.11578e-05 -111
0.711004 2.40116 8.48551e-05 -111
0.557475 2.42802 3.17551e-05 -111
camera1:
0.600183 0.325488 0.999897 0.787
0.619866 0.281916 0.999777 0.80925
0.63714 0.282563 0.999681 0.8055
0.654291 0.284345 0.999815 0.8075
0.582508 0.283433 0.999741 0.8205
0.572697 0.285223 0.999599 0.82575
0.563699 0.287653 0.999727 0.83025
0.692457 0.309296 0.999764 0.8205
0.563469 0.320353 0.999639 0.83225
0.637677 0.389912 0.999961 0.8005
0.587728 0.388289 0.999942 0.80325
0.818856 0.64287 0.99971 0.7785
0.474558 0.60674 0.999614 0.89625
0.89949 0.96896 0.905659 0.699
0.37149 0.904095 0.796821 0.866
0.924937 1.24922 0.179517 -111
0.336107 1.19423 0.250185 -111
0.951197 1.33712 0.124467 -111
0.308303 1.26982 0.193247 -111
0.912653 1.3369 0.185799 -111
0.33419 1.27162 0.258278 -111
0.89737 1.30449 0.248065 -111
0.351607 1.24778 0.311892 -111
0.736175 1.23754 0.011211 -111
0.513466 1.22909 0.0130451 -111
0.724664 1.70982 0.000344089 -111
0.516563 1.70162 0.000304497 -111
0.707166 2.11762 7.38914e-06 -111
0.507298 2.10786 4.61869e-06 -111
0.712113 2.19039 8.98395e-06 -111
0.501566 2.18157 1.31377e-05 -111
0.6656 2.26182 8.24118e-06 -111
0.537146 2.25833 2.44718e-05 -111
fused:
0.026724 -0.193102 1.2484 0.99998
nose real0:(346.964,182.609), cal0:(344.808,155.737)
nose real1:(384.117,156.234), cal1:(386.606,182.902)

0.0475942 -0.232171 1.22598 0.999969
left eye (inner) real0:(357.631,161.195), cal0:(355.27,134.885)
left eye (inner) real1:(396.714,135.32), cal1:(399.111,161.754)

0.0627864 -0.227559 1.20753 0.999962
left eye real0:(365.513,161.561), cal0:(363.185,135.441)
left eye real1:(407.769,135.63), cal1:(410.165,162.006)

0.0782008 -0.2226 1.19088 0.999969
left eye (outer) real0:(373.675,162.138), cal0:(371.398,136.36)
left eye (outer) real1:(418.746,136.486), cal1:(421.127,162.638)

-0.00284191 -0.23339 1.23241 0.999974
right eye (inner) real0:(332.912,160.77), cal0:(330.563,134.884)
right eye (inner) real1:(372.805,136.048), cal1:(375.122,161.688)

-0.0222126 -0.229489 1.22048 0.999966
right eye real0:(323.345,161.359), cal0:(321.014,135.692)
right eye real1:(366.526,136.907), cal1:(368.811,162.199)

-0.0396496 -0.225126 1.20958 0.999974
right eye (outer) real0:(314.568,162.357), cal0:(312.255,136.842)
right eye (outer) real1:(360.767,138.073), cal1:(363.028,163.083)

0.0906953 -0.185107 1.12391 0.999961
left ear real0:(382.5,175.077), cal0:(380.427,149.715)
left ear real1:(443.173,148.462), cal1:(445.573,174.289)

-0.0696343 -0.184582 1.14769 0.999983
right ear real0:(297.53,176.241), cal0:(295.498,152.041)
right ear real1:(360.62,153.77), cal1:(362.784,177.211)

0.0583291 -0.12772 1.21488 0.999984
mouth (left) real0:(362.415,210.264), cal0:(360.792,185.515)
mouth (left) real1:(408.113,187.158), cal1:(410.514,211.771)

-0.0040517 -0.131274 1.23168 0.999991
mouth (right) real0:(331.723,210.789), cal0:(329.972,184.643)
mouth (right) real1:(376.146,186.379), cal1:(378.627,211.917)

0.231367 0.0964862 1.11221 0.999812
left shoulder real0:(457.017,309.712), cal0:(456.922,300.834)
left shoulder real1:(524.068,308.578), cal1:(525.098,317.656)

-0.182947 0.0714772 1.18648 0.999863
right shoulder real0:(239.993,319.12), cal0:(239.314,284.902)
right shoulder real1:(303.717,291.235), cal1:(307.132,322.054)

0.37385 0.406911 1.17996 0.905659
left elbow real0:(522.54,451.61), cal0:(522.29,455.949)
left elbow real1:(575.673,465.101), cal1:(575.259,462.008)

-0.28315 0.363104 1.3541 0.796821
right elbow real0:(203.421,476.717), cal0:(206.325,409.852)
right elbow real1:(237.754,433.966), cal1:(242.877,473.447)

0.559337 0.778288 1.38926 0.532104
left wrist real0:(574.029,583.551), cal0:(573.824,585.38)
left wrist real1:(591.96,599.628), cal1:(589.511,583.415)

-0.311215 0.765541 1.50333 0.292191
right wrist real0:(199.317,625.318), cal0:(207.579,554.738)
right wrist real1:(215.108,573.233), cal1:(226.979,650.941)

0.640547 0.889723 1.44031 0.441447
left pinky real0:(599.415,617.637), cal0:(599.125,619.945)
left pinky real1:(608.766,641.817), cal1:(604.196,612.386)

-0.342833 0.897451 1.5135 0.288776
right pinky real0:(187.027,666.623), cal0:(195.865,605.061)
right pinky real1:(197.314,609.512), cal1:(214.787,717.851)

0.596789 0.920156 1.47875 0.499615
left index real0:(574.755,619.906), cal0:(574.402,622.662)
left index real1:(584.098,641.714), cal1:(580.993,621.813)

-0.303224 0.923382 1.56329 0.36944
right index real0:(206.788,664.749), cal0:(215.421,603.679)
right index real1:(213.882,610.376), cal1:(229.905,710.165)

0.556581 0.879613 1.45977 0.508004
left thumb real0:(561.398,607.674), cal0:(561.008,610.834)
left thumb real1:(574.316,626.154), cal1:(572.279,612.98)

-0.28003 0.881121 1.56962 0.404054
right thumb real0:(216.381,649.722), cal0:(224.768,586.065)
right thumb real1:(225.028,598.934), cal1:(238.624,685.268)

0.294 0.838618 1.49793 0.011211
left hip real0:(445.721,620.378), cal0:(449.86,585.159)
left hip real1:(471.152,594.018), cal1:(474.414,615.341)

-0.0645446 0.768568 1.51959 0.0130451
right hip real0:(297.566,633.11), cal0:(306.431,552.659)
right hip real1:(328.618,589.961), cal1:(332.978,618.906)

0.349885 1.6906 1.69033 0.000834523
left knee real0:(452.395,866.363), cal0:(456.301,849.779)
left knee real1:(463.785,820.715), cal1:(480.133,905.786)

-0.0100178 1.60147 1.7161 0.000400269
right knee real0:(311.619,882.28), cal0:(328.441,809.537)
right knee real1:(330.6,816.778), cal1:(350.011,918.58)

0.421722 2.61875 1.91334 2.65247e-05
left ankle real0:(459.751,1085.13), cal0:(464.363,1071.26)
left ankle real1:(452.586,1016.46), cal1:(485.884,1163.33)

0.0706523 2.60431 2.03708 7.31374e-06
right ankle real0:(326.196,1099.12), cal0:(352.784,1017.03)
right ankle real1:(324.671,1011.77), cal1:(360.15,1170.2)

0.444135 2.77032 1.94766 2.86121e-05
left heel real0:(462.743,1121.47), cal0:(468.943,1103.53)
left heel real1:(455.752,1051.39), cal1:(490.142,1199.82)

0.154522 3.1186 2.53934 1.31377e-05
right heel real0:(323.895,1135.37), cal0:(368.505,986.779)
right heel real1:(321.002,1047.16), cal1:(339.265,1129.48)

0.433325 3.15273 2.10149 8.48551e-05
left foot index real0:(455.042,1152.56), cal0:(455.825,1150.32)
left foot index real1:(425.984,1085.68), cal1:(469.891,1268.46)

0.237461 3.33182 2.45174 3.17551e-05
right foot index real0:(356.784,1165.45), cal0:(390.134,1065.41)
right foot index real1:(343.774,1084), cal1:(373.603,1213.35)

