camera0:
0.560557 0.379701 0.999923 0.835
0.576717 0.337354 0.999867 0.828
0.589507 0.33946 0.999867 0.82325
0.601888 0.342039 0.999864 0.85925
0.539013 0.334773 0.999907 0.8405
0.52496 0.335837 0.999907 9.41425
0.509773 0.338035 0.99992 0.845
0.610742 0.373746 0.999844 0.85525
0.48171 0.370221 0.99995 0.87
0.5796 0.438479 0.99991 0.82675
0.535276 0.437565 0.999965 0.83925
0.697501 0.628968 0.999553 0.94525
0.38405 0.650709 0.999746 0.801
0.880219 0.844709 0.626259 0
0.310092 0.973892 0.60029 0.53025
0.858821 0.82856 0.310675 0
0.547247 1.012 0.244487 -111
0.874902 0.825396 0.275449 0
0.629602 1.00251 0.240458 -111
0.846041 0.795767 0.331632 0
0.646695 0.965521 0.30169 0
0.830438 0.806126 0.330579 0
0.612522 0.968441 0.315743 0
0.69027 1.23157 0.00541074 -111
0.460142 1.26628 0.00529912 -111
0.719041 1.74289 0.0007276 -111
0.507634 1.78425 0.000423722 -111
0.728332 2.21684 5.21924e-05 -111
0.519658 2.26546 1.50376e-05 -111
0.726992 2.28671 4.51883e-05 -111
0.509659 2.34478 1.90123e-05 -111
0.730664 2.36311 0.000137001 -111
0.570928 2.39225 4.79915e-05 -111
camera1:
0.61485 0.319556 0.99992 0.774
0.63805 0.27195 0.999838 0.79475
0.654604 0.273891 0.999789 0.79025
0.670894 0.276327 0.999862 0.79075
0.597612 0.270094 0.999814 0.80475
0.587257 0.271084 0.999731 0.80825
0.578003 0.272743 0.999796 0.81075
0.703728 0.302337 0.999846 0.801
0.573794 0.300606 0.999756 0.814
0.650011 0.383881 0.999966 0.78425
0.596711 0.379834 0.999949 0.78675
0.810675 0.58274 0.999722 0.584
0.466753 0.60248 0.999626 0.863
0.942834 0.959741 0.82656 0.603
0.281413 0.87444 0.696268 0.69925
1.0182 1.15514 0.165626 -111
0.0515219 0.948745 0.287481 0
1.05798 1.23374 0.133586 -111
-0.0101689 0.991406 0.241408 -111
1.02794 1.2345 0.202392 -111
0.000175132 0.94901 0.311989 -111
1.00721 1.20794 0.244167 -111
0.0357361 0.949356 0.354075 0
0.745739 1.27295 0.0075049 -111
0.506708 1.26115 0.00880898 -111
0.723139 1.79114 0.000304158 -111
0.489266 1.78957 0.000198583 -111
0.720967 2.26017 1.34203e-05 -111
0.485628 2.24405 4.53791e-06 -111
0.736194 2.33877 1.30304e-05 -111
0.478699 2.31402 1.21499e-05 -111
0.656948 2.39679 1.2124e-05 -111
0.500568 2.40143 1.75551e-05 -111
fused:
0.0512208 -0.197089 1.25349 0.999923
nose real0:(358.756,182.257), cal0:(356.497,154.203)
nose real1:(393.504,153.387), cal1:(396.119,181.418)

0.0699468 -0.234201 1.21651 0.999867
left eye (inner) real0:(369.099,161.93), cal0:(366.491,132.996)
left eye (inner) real1:(408.352,130.536), cal1:(411.002,159.804)

0.0855209 -0.228944 1.20132 0.999867
left eye real0:(377.284,162.941), cal0:(374.716,134.163)
left eye real1:(418.947,131.468), cal1:(421.603,160.721)

0.100147 -0.223222 1.18586 0.999864
left eye (outer) real0:(385.208,164.179), cal0:(382.683,135.569)
left eye (outer) real1:(429.372,132.637), cal1:(432.032,161.847)

0.0212928 -0.240605 1.23543 0.999907
right eye (inner) real0:(344.969,160.691), cal0:(342.302,131.652)
right eye (inner) real1:(382.472,129.645), cal1:(385.081,158.616)

0.00277654 -0.238019 1.22778 0.999907
right eye real0:(335.974,161.202), cal0:(333.307,132.189)
right eye real1:(375.844,130.12), cal1:(378.438,158.923)

-0.0168932 -0.233219 1.21369 0.99992
right eye (outer) real0:(326.255,162.257), cal0:(323.586,133.213)
right eye (outer) real1:(369.922,130.917), cal1:(372.504,159.589)

0.105601 -0.183552 1.1215 0.999846
left ear real0:(390.875,179.398), cal0:(388.517,150.335)
left ear real1:(450.386,145.122), cal1:(453.153,174.838)

-0.0504584 -0.193927 1.15719 0.99995
right ear real0:(308.295,177.706), cal0:(305.752,147.982)
right ear real1:(367.228,144.291), cal1:(369.89,173.272)

0.0752049 -0.12978 1.21208 0.999966
mouth (left) real0:(370.944,210.47), cal0:(369.223,184.348)
mouth (left) real1:(416.007,184.263), cal1:(418.551,210.374)

0.0181981 -0.138237 1.25019 0.999965
mouth (right) real0:(342.577,210.031), cal0:(340.693,182.245)
mouth (right) real1:(381.895,182.32), cal1:(384.542,209.632)

0.206282 0.0606728 1.08635 0.999722
left shoulder real0:(446.4,301.904), cal0:(446.024,282.262)
left shoulder real1:(518.832,279.715), cal1:(521.059,299.781)

-0.178196 0.0652998 1.23256 0.999746
right shoulder real0:(245.792,312.34), cal0:(245.093,280.537)
right shoulder real1:(298.722,289.19), cal1:(301.888,317.926)

0.455048 0.377392 1.19004 0.82656
left elbow real0:(563.34,405.46), cal0:(561.668,439.284)
left elbow real1:(603.414,460.676), cal1:(600.746,440.407)

-0.361219 0.406034 1.65801 0.696268
right elbow real0:(198.459,467.468), cal0:(201.064,395.874)
right elbow real1:(180.104,419.731), cal1:(185.812,464.457)

0.35976 0.304637 1.00007 0.310675
left wrist real0:(549.645,397.709), cal0:(548.063,431.766)
left wrist real1:(651.65,554.468), cal1:(635.292,429.302)

-4179.26 17910.2 64444.9 0.287481
right wrist real0:(350.238,485.758), cal0:(292.988,415.72)
right wrist real1:(32.974,455.398), cal1:(74.1816,497.776)

0.359899 0.293104 0.955584 0.275449
left pinky real0:(559.937,396.19), cal0:(558.212,433.036)
left pinky real1:(677.106,592.194), cal1:(655.553,427.413)

-4348.18 25511.9 83681.3 0.241408
right pinky real0:(402.945,481.203), cal0:(300.732,431.919)
right pinky real1:(-6.50811,475.875), cal1:(84.3127,514.778)

0.33474 0.306762 0.972741 0.331632
left index real0:(541.466,381.968), cal0:(538.683,438.223)
left index real1:(657.88,592.558), cal1:(637.233,435.678)

-3638.72 23448.1 85405.9 0.311989
right index real0:(413.885,463.45), cal0:(306.352,413.697)
right index real1:(0.112085,455.525), cal1:(90.2665,492.679)

0.320569 0.336538 0.984014 0.330579
left thumb real0:(531.48,386.941), cal0:(527.663,454.238)
left thumb real1:(644.611,579.81), cal1:(627.642,453.017)

-3588.5 20700.6 76523.9 0.354075
right thumb real0:(392.014,464.852), cal0:(303.776,411.271)
right thumb real1:(22.8711,455.691), cal1:(87.0611,490.434)

0.263665 0.798548 1.43131 0.0075049
left hip real0:(441.773,591.152), cal0:(442.616,583.995)
left hip real1:(477.273,611.016), cal1:(477.805,614.491)

-0.0796049 0.772211 1.5203 0.00880898
right hip real0:(294.491,607.816), cal0:(300.491,553.957)
right hip real1:(324.293,605.351), cal1:(326.822,622.105)

0.395515 1.78009 1.83594 0.0007276
left knee real0:(460.186,836.587), cal0:(461.37,831.401)
left knee real1:(462.809,859.748), cal1:(467.748,885.808)

-0.00348495 1.87905 1.93667 0.000423722
right knee real0:(324.885,856.442), cal0:(330.867,831.802)
right knee real1:(313.13,858.992), cal1:(330.671,949.176)

0.464647 2.76951 2.05428 5.21924e-05
left ankle real0:(466.132,1064.08), cal0:(467.832,1058.93)
left ankle real1:(461.419,1084.88), cal1:(475.925,1149.22)

0.0264716 2.78258 2.04307 1.50376e-05
right ankle real0:(332.581,1087.42), cal0:(339.732,1067.22)
right ankle real1:(310.802,1077.14), cal1:(349.947,1244.21)

0.444018 2.75851 1.96785 4.51883e-05
left heel real0:(465.275,1097.62), cal0:(467.502,1091.15)
left heel real1:(471.164,1122.61), cal1:(485.86,1186.29)

0.0679878 3.19564 2.36867 1.90123e-05
right heel real0:(326.182,1125.49), cal0:(349.192,1059.5)
right heel real1:(306.367,1110.73), cal1:(334.809,1233.13)

0.612707 3.98339 2.70613 0.000137001
left foot index real0:(467.625,1134.29), cal0:(467.97,1133.34)
left foot index real1:(420.447,1150.46), cal1:(443.633,1247.97)

0.184714 3.74112 2.57336 4.79915e-05
right foot index real0:(365.394,1148.28), cal0:(375.071,1122.4)
right foot index real1:(320.363,1152.69), cal1:(355.723,1298.93)

