camera0:
0.541158 0.380218 0.999977 0.8435
0.558374 0.335398 0.999963 0.85
0.570941 0.336441 0.999956 0.853
0.583908 0.337908 0.999965 0.866
0.519318 0.334772 0.999969 0.85225
0.504433 0.336189 0.99996 0.853
0.490757 0.338423 0.999969 0.85625
0.599653 0.366493 0.999955 0.875
0.465442 0.368251 0.999977 0.87925
0.567147 0.438052 0.999983 0.84
0.517476 0.439437 0.999989 0.849
0.714361 0.646427 0.999818 0.9225
0.375369 0.661911 0.999867 0.828
0.806293 0.947715 0.70443 0.89
0.317075 0.991484 0.634847 0.75025
0.898304 1.24843 0.401839 -111
0.303238 1.29828 0.239212 -111
0.94034 1.32662 0.338718 -111
0.283275 1.38374 0.237986 -111
0.901337 1.33518 0.392411 -111
0.31654 1.38416 0.308161 -111
0.879263 1.30671 0.397874 -111
0.330645 1.35327 0.335874 -111
0.694399 1.2961 0.00760777 -111
0.46304 1.32214 0.00728095 -111
0.703835 1.80833 0.000762369 -111
0.486132 1.8394 0.000396485 -111
0.717653 2.26376 3.96149e-05 -111
0.509194 2.28874 1.10083e-05 -111
0.721779 2.33703 3.5613e-05 -111
0.506228 2.36176 1.48706e-05 -111
0.711318 2.4022 0.000102893 -111
0.554901 2.4246 3.63474e-05 -111
camera1:
0.604746 0.329681 0.999906 0.794
0.626573 0.282532 0.9998 0.8085
0.644311 0.28324 0.99972 0.80525
0.661965 0.28472 0.999832 0.80425
0.587904 0.283572 0.999769 0.81675
0.577874 0.285048 0.999647 0.82375
0.567878 0.287607 0.999755 0.83025
0.695596 0.308129 0.999793 0.81975
0.566128 0.319949 0.999681 0.829
0.641884 0.391899 0.999963 0.80275
0.590333 0.390479 0.999943 0.80425
0.82143 0.638842 0.999689 0.7815
0.476914 0.607819 0.999601 0.89675
0.902521 0.968113 0.864817 0.70225
0.358857 0.906273 0.758862 0.89475
0.933715 1.2498 0.18054 -111
0.377712 0.731487 0.313583 0.8715
0.953495 1.34407 0.137194 -111
0.369417 0.746916 0.260099 0.8945
0.912905 1.33017 0.203093 -111
0.405079 0.612225 0.323035 2.115
0.89813 1.29854 0.259582 -111
0.422591 0.626157 0.368667 0.901
0.743451 1.26466 0.00975202 -111
0.508446 1.25574 0.0114016 -111
0.723162 1.76552 0.000321493 -111
0.502425 1.75632 0.000258905 -111
0.701535 2.19408 9.55775e-06 -111
0.492484 2.18121 4.31236e-06 -111
0.707622 2.26489 1.07642e-05 -111
0.487752 2.2493 1.19069e-05 -111
0.658189 2.33396 8.98569e-06 -111
0.518427 2.33983 2.18903e-05 -111
fused:
0.025339 -0.188445 1.23294 0.999977
nose real0:(346.341,182.505), cal0:(344.295,156.841)
nose real1:(387.037,158.247), cal1:(389.418,183.711)

0.0463281 -0.227717 1.20514 0.999963
left eye (inner) real0:(357.359,160.991), cal0:(355.043,135.138)
left eye (inner) real1:(401.007,135.615), cal1:(403.363,161.6)

0.0615545 -0.222918 1.18649 0.999956
left eye real0:(365.402,161.492), cal0:(363.115,135.784)
left eye real1:(412.359,135.955), cal1:(414.719,161.926)

0.0768913 -0.217893 1.1693 0.999965
left eye (outer) real0:(373.701,162.196), cal0:(371.453,136.706)
left eye (outer) real1:(423.657,136.666), cal1:(426.014,162.539)

-0.00385909 -0.229583 1.21416 0.999969
right eye (inner) real0:(332.364,160.691), cal0:(330.039,135.058)
right eye (inner) real1:(376.259,136.114), cal1:(378.554,161.506)

-0.0228922 -0.225996 1.20336 0.99996
right eye real0:(322.837,161.371), cal0:(320.519,135.829)
right eye real1:(369.84,136.823), cal1:(372.114,161.994)

-0.0401387 -0.222204 1.19574 0.999969
right eye (outer) real0:(314.084,162.443), cal0:(311.781,137.015)
right eye (outer) real1:(363.442,138.051), cal1:(365.696,162.975)

0.0926578 -0.184057 1.11984 0.999955
left ear real0:(383.778,175.917), cal0:(381.656,149.919)
left ear real1:(445.181,147.902), cal1:(447.644,174.395)

-0.0686664 -0.18326 1.1421 0.999977
right ear real0:(297.883,176.761), cal0:(295.828,152.264)
right ear real1:(362.322,153.575), cal1:(364.514,177.31)

0.0590849 -0.125533 1.20536 0.999983
mouth (left) real0:(362.974,210.265), cal0:(361.397,186.107)
mouth (left) real1:(410.806,188.111), cal1:(413.152,212.149)

-0.00502478 -0.128871 1.22223 0.999989
mouth (right) real0:(331.185,210.93), cal0:(329.478,185.33)
mouth (right) real1:(377.813,187.43), cal1:(380.244,212.429)

0.23019 0.0948242 1.10514 0.999818
left shoulder real0:(457.191,310.285), cal0:(457.081,300.263)
left shoulder real1:(525.715,306.644), cal1:(526.878,316.898)

-0.181723 0.0706287 1.18186 0.999867
right shoulder real0:(240.236,317.717), cal0:(239.575,284.612)
right shoulder real1:(305.225,291.753), cal1:(308.529,321.583)

0.351483 0.398056 1.1479 0.864817
left elbow real0:(516.027,454.903), cal0:(515.899,457.1)
left elbow real1:(577.613,464.694), cal1:(577.415,463.216)

-0.292424 0.37281 1.39264 0.758862
right elbow real0:(202.928,475.912), cal0:(205.8,409.582)
right elbow real1:(229.669,435.011), cal1:(234.754,474.208)

0.547424 0.79128 1.35401 0.401839
left wrist real0:(574.915,599.244), cal0:(574.836,599.912)
left wrist real1:(597.578,599.903), cal1:(597.068,596.574)

-0.273441 0.321102 1.27098 0.313583
right wrist real0:(194.072,623.175), cal0:(202.698,400.531)
right wrist real1:(241.736,351.114), cal1:(255.83,460.942)

0.645891 0.935264 1.43953 0.338718
left pinky real0:(601.817,636.778), cal0:(601.5,639.158)
left pinky real1:(610.237,645.154), cal1:(607.922,630.492)

-0.283112 0.401902 1.23951 0.260099
right pinky real0:(181.296,664.193), cal0:(194.73,443.562)
right pinky real1:(236.427,358.52), cal1:(257.223,512.432)

0.60365 0.965824 1.48064 0.392411
left index real0:(576.856,640.885), cal0:(576.877,640.721)
left index real1:(584.259,638.482), cal1:(584.354,639.082)

-0.23728 0.349618 1.21403 0.323035
right index real0:(202.586,664.397), cal0:(214.529,421.771)
right index real1:(259.25,293.868), cal1:(283.955,481.687)

0.560632 0.914388 1.4581 0.397874
left thumb real0:(562.728,627.221), cal0:(562.939,625.582)
left thumb real1:(574.803,623.298), cal1:(575.4,627.108)

-0.221302 0.329911 1.21063 0.368667
right thumb real0:(211.613,649.569), cal0:(222.129,412.473)
right thumb real1:(270.458,300.555), cal1:(292.4,469.278)

0.282611 0.838974 1.46385 0.00975202
left hip real0:(444.415,622.127), cal0:(447.932,593.139)
left hip real1:(475.809,607.038), cal1:(478.349,623.514)

-0.0694409 0.797236 1.53668 0.0114016
right hip real0:(296.346,634.627), cal0:(304.8,560.49)
right hip real1:(325.406,602.753), cal1:(329.354,628.754)

0.34735 1.72878 1.71478 0.000762369
left knee real0:(450.454,867.998), cal0:(453.64,854.592)
left knee real1:(462.824,847.448), cal1:(475.463,912.94)

-0.0227852 1.70303 1.76483 0.000396485
right knee real0:(311.125,882.913), cal0:(324.192,828.638)
right knee real1:(321.552,843.033), cal1:(341.361,945.173)

0.434476 2.76541 2.00422 3.96149e-05
left ankle real0:(459.298,1086.6), cal0:(462.182,1077.93)
left ankle real1:(448.983,1053.16), cal1:(476.613,1174.49)

0.023143 2.61655 1.93674 1.10083e-05
right ankle real0:(325.884,1098.6), cal0:(339.127,1060.63)
right ankle real1:(315.19,1046.98), cal1:(358.612,1233.74)

0.456476 2.91088 2.03564 3.5613e-05
left heel real0:(461.939,1121.77), cal0:(466.665,1108.08)
left heel real1:(452.878,1087.15), cal1:(481.077,1208.5)

0.096895 3.13148 2.39405 1.48706e-05
right heel real0:(323.986,1133.64), cal0:(356.263,1034.8)
right heel real1:(312.162,1079.67), cal1:(338.779,1196.64)

0.467466 3.40732 2.26868 0.000102893
left foot index real0:(455.243,1153.06), cal0:(455.737,1151.32)
left foot index real1:(421.241,1120.3), cal1:(457.954,1272.64)

0.189258 3.45119 2.44454 3.63474e-05
right foot index real0:(355.137,1163.81), cal0:(378.46,1097.17)
right foot index real1:(331.793,1123.12), cal1:(364.578,1261.98)

