camera0:
0.577341 0.377441 0.999816 0
0.590362 0.333385 0.999723 0.832
0.602311 0.337248 0.999734 0.849
0.614483 0.340989 0.999731 0.85475
0.554255 0.327865 0.999761 0.84925
0.540024 0.328248 0.99978 0.839
0.524532 0.329677 0.999782 0.841
0.623069 0.37147 0.999671 0.85925
0.495161 0.36442 0.999861 0.85
0.598182 0.436247 0.999717 0.58075
0.55248 0.434054 0.99983 0.574
0.725332 0.656068 0.999095 0.9205
0.379399 0.656288 0.999175 0.8065
0.900303 0.949026 0.778967 0.822
0.27102 0.954361 0.705441 0.57325
0.851446 0.68983 0.591224 0.75875
0.230723 1.1609 0.451975 -111
0.835068 0.611227 0.558215 0.735
0.206661 1.23436 0.419202 -111
0.809191 0.58155 0.589254 2.33925
0.231965 1.2026 0.467153 -111
0.80799 0.608766 0.586888 2.3225
0.24659 1.18269 0.467954 -111
0.676234 1.28919 0.0675313 -111
0.431417 1.2935 0.0592684 -111
0.667491 1.8191 0.00157504 -111
0.43496 1.8259 0.000889056 -111
0.662536 2.29151 0.000105459 -111
0.436686 2.28792 4.09808e-05 -111
0.665864 2.35978 0.000125133 -111
0.428792 2.35838 9.65604e-05 -111
0.635142 2.44138 0.000271957 -111
0.483111 2.4315 0.000184507 -111
camera1:
0.606681 0.340515 0.99934 0.775
0.630546 0.285495 0.998907 0.7815
0.647582 0.286896 0.998725 0.78575
0.665104 0.289032 0.998728 0.7795
0.592526 0.285977 0.998792 0.797
0.58289 0.286257 0.998287 0.80825
0.574027 0.286142 0.998563 0.8115
0.705928 0.312495 0.998569 0.79325
0.574451 0.309242 0.998902 0.80725
0.644719 0.397343 0.999403 0.54625
0.591078 0.396503 0.999498 0.78875
0.813073 0.595727 0.994472 0.78975
0.462209 0.590136 0.997446 0.8855
0.919762 0.957222 0.789666 0.52725
0.254817 0.886727 0.76159 0.7265
0.773581 0.656272 0.658914 0.52925
0.373285 0.592345 0.732227 0
0.739889 0.547695 0.648487 0.511
0.380123 0.525087 0.662032 0.63375
0.742456 0.50093 0.695877 0.513
0.414113 0.493323 0.720384 0
0.735611 0.550396 0.709375 0.5125
0.422145 0.526602 0.742097 2.00575
0.775046 1.30663 0.00678255 -111
0.515553 1.30547 0.00737922 -111
0.77254 1.89085 0.000890292 -111
0.529908 1.88152 0.000407038 -111
0.778437 2.39264 5.329e-05 -111
0.544556 2.37996 8.83516e-06 -111
0.789601 2.46449 3.80785e-05 -111
0.539412 2.4508 2.62953e-05 -111
0.737043 2.55313 6.66611e-05 -111
0.574594 2.54634 0.000139248 -111
fused:
0.0796752 -0.202047 1.33932 0.999816
nose real0:(369.498,181.172), cal0:(367.687,158.033)
nose real1:(388.276,163.447), cal1:(390.456,186.663)

0.093206 -0.243409 1.28333 0.999723
left eye (inner) real0:(377.832,160.025), cal0:(375.58,134.708)
left eye (inner) real1:(403.549,137.038), cal1:(405.888,162.762)

0.107717 -0.236207 1.26206 0.999734
left eye real0:(385.479,161.879), cal0:(383.223,136.216)
left eye real1:(414.452,137.71), cal1:(416.842,163.912)

0.121975 -0.228689 1.24028 0.999731
left eye (outer) real0:(393.269,163.675), cal0:(391.03,137.885)
left eye (outer) real1:(425.667,138.735), cal1:(428.087,165.187)

0.0446329 -0.250184 1.30233 0.999761
right eye (inner) real0:(354.723,157.375), cal0:(352.537,133.244)
right eye (inner) real1:(379.217,137.269), cal1:(381.406,161.475)

0.0246668 -0.247439 1.29079 0.99978
right eye real0:(345.615,157.559), cal0:(343.429,133.49)
right eye real1:(373.05,137.403), cal1:(375.222,161.452)

0.00325729 -0.243021 1.27262 0.999782
right eye (outer) real0:(335.7,158.245), cal0:(333.486,133.932)
right eye (outer) real1:(367.377,137.348), cal1:(369.558,161.498)

0.123484 -0.184404 1.14638 0.999671
left ear real0:(398.764,178.306), cal0:(396.66,152.024)
left ear real1:(451.794,149.998), cal1:(454.318,177.019)

-0.0343357 -0.199023 1.19241 0.999861
right ear real0:(316.903,174.922), cal0:(314.649,148.388)
right ear real1:(367.649,148.436), cal1:(370.042,174.45)

0.105699 -0.132929 1.28507 0.999717
mouth (left) real0:(382.837,209.399), cal0:(381.362,186.53)
mouth (left) real1:(412.62,190.725), cal1:(414.869,213.701)

0.0443516 -0.140823 1.32642 0.99983
mouth (right) real0:(353.587,208.346), cal0:(352.036,184.892)
mouth (right) real1:(378.29,190.322), cal1:(380.545,213.48)

0.250667 0.082579 1.14143 0.999095
left shoulder real0:(464.213,314.912), cal0:(463.881,292.177)
left shoulder real1:(520.367,285.949), cal1:(523.016,309.532)

-0.183971 0.0613904 1.22853 0.999175
right shoulder real0:(242.815,315.018), cal0:(241.985,278.729)
right shoulder real1:(295.814,283.265), cal1:(299.424,316.117)

0.539264 0.459545 1.32682 0.789666
left elbow real0:(576.194,455.532), cal0:(576.119,456.849)
left elbow real1:(588.648,459.467), cal1:(588.469,458.128)

-0.407601 0.386658 1.56765 0.76159
right elbow real0:(173.453,458.093), cal0:(175.744,396.93)
right elbow real1:(163.083,425.629), cal1:(168.637,469.039)

0.629835 0.185521 1.77773 0.658914
left wrist real0:(544.926,331.119), cal0:(544.793,311.415)
left wrist real1:(495.092,315.011), cal1:(497.017,331.74)

-0.32339 0.115916 1.04744 0.732227
right wrist real0:(147.662,557.231), cal0:(146.467,315.206)
right wrist real1:(238.902,284.326), cal1:(247.872,362.184)

0.626651 0.0419463 1.86723 0.648487
left pinky real0:(534.444,293.389), cal0:(533.567,262.198)
left pinky real1:(473.529,262.894), cal1:(476.197,287.393)

-0.328572 0.0909235 0.973797 0.662032
right pinky real0:(132.263,592.491), cal0:(129.242,304.811)
right pinky real1:(243.278,252.042), cal1:(254.283,348.95)

0.516776 -0.0170762 1.68172 0.695877
left index real0:(517.882,279.144), cal0:(516.557,242.595)
left index real1:(475.172,240.446), cal1:(478.116,268.186)

-0.299826 0.0768455 0.960205 0.720384
right index real0:(148.457,577.246), cal0:(144.358,296.794)
right index real1:(265.032,236.795), cal1:(276.312,337.206)

0.535112 0.0366427 1.74437 0.709375
left thumb real0:(517.113,292.207), cal0:(516.241,261.321)
left thumb real1:(470.791,264.19), cal1:(473.207,286.438)

-0.28926 0.0870532 0.980354 0.742097
right thumb real0:(157.818,567.692), cal0:(154.689,302.063)
right thumb real1:(270.172,252.769), cal1:(280.394,343.081)

0.214062 0.784594 1.27485 0.0675313
left hip real0:(432.79,618.812), cal0:(432.823,618.567)
left hip real1:(496.029,627.183), cal1:(499.585,649.655)

-0.12227 0.81453 1.32016 0.0592684
right hip real0:(276.107,620.88), cal0:(276.307,619.501)
right hip real1:(329.954,626.626), cal1:(341.952,700.814)

0.225316 1.43045 1.39366 0.00157504
left knee real0:(427.194,873.169), cal0:(429.075,865.552)
left knee real1:(494.426,907.609), cal1:(498.436,928.072)

-0.1106 1.40156 1.39173 0.000889056
right knee real0:(278.374,876.432), cal0:(284.206,853.927)
right knee real1:(339.141,903.131), cal1:(355.911,986.908)

0.236473 2.04465 1.46715 0.000105459
left ankle real0:(424.023,1099.93), cal0:(428.778,1086.24)
left ankle real1:(498.2,1148.47), cal1:(508.204,1191.59)

-0.109454 1.8806 1.34568 4.09808e-05
right ankle real0:(279.479,1098.2), cal0:(283.083,1088.58)
right ankle real1:(348.516,1142.38), cal1:(384.889,1292.67)

0.229287 2.08209 1.42604 0.000125133
left heel real0:(426.153,1132.7), cal0:(428.543,1126.17)
left heel real1:(505.344,1182.96), cal1:(518.75,1239.08)

-0.115301 1.94938 1.35088 9.65604e-05
right heel real0:(274.427,1132.02), cal0:(280.671,1115.94)
right heel real1:(345.224,1176.39), cal1:(383.727,1332.1)

0.193158 2.30106 1.50812 0.000271957
left foot index real0:(406.491,1171.86), cal0:(408.893,1165.67)
left foot index real1:(471.707,1225.5), cal1:(491.445,1305.44)

-0.00351198 2.3762 1.6585 0.000184507
right foot index real0:(309.191,1167.12), cal0:(330.676,1109.75)
right foot index real1:(367.74,1222.25), cal1:(385.837,1296.96)

