camera0:
0.916126 0.207568 0.999833 0
0.92265 0.122371 0.99967 0
0.934859 0.121011 0.999667 0
0.946492 0.119094 0.999538 0.50475
0.869266 0.125801 0.999774 0.4995
0.843091 0.129952 0.999814 0.499
0.817197 0.134832 0.999803 0.499
0.922745 0.15304 0.999547 0
0.741627 0.184212 0.99989 0.532
0.923122 0.28623 0.99977 0
0.86992 0.29245 0.999898 0.4905
0.896935 0.556596 0.997132 0.69975
0.503836 0.572622 0.999385 0.5635
0.904354 0.918211 0.684098 0.788
0.325539 0.954351 0.876152 0.576
0.940389 1.20132 0.647247 -111
0.285624 1.30939 0.685132 -111
0.962139 1.27354 0.607558 -111
0.266282 1.40665 0.627848 -111
0.952305 1.26693 0.63693 -111
0.299592 1.3856 0.656455 -111
0.926724 1.24993 0.638505 -111
0.311355 1.35346 0.65566 -111
0.801048 1.25884 0.0433871 -111
0.577991 1.29314 0.0382776 -111
0.818403 1.63812 0.00343269 -111
0.60782 1.70806 0.00400738 -111
0.797149 2.021 0.000428889 -111
0.624197 2.05095 0.000334372 -111
0.777261 2.1004 0.000624496 -111
0.580749 2.12129 0.000585734 -111
0.876884 2.1623 0.000693919 -111
0.776657 2.17025 0.000882856 -111
camera1:
0.49881 0.185767 0.999304 0
0.52388 0.0757291 0.998979 0
0.539203 0.0805782 0.998872 0
0.565714 0.0874699 0.998898 0
0.481734 0.0710205 0.998964 0
0.463476 0.0748838 0.998728 0
0.465155 0.110781 0.998899 0
0.640751 0.134482 0.999034 0
0.467041 0.124038 0.998967 0
0.518226 0.22849 0.999471 0
0.486941 0.263331 0.99932 0
0.840829 0.548853 0.993107 0.5285
0.334447 0.519661 0.997292 0.6095
0.954529 0.927503 0.801325 0.51925
0.250386 0.895682 0.766199 0.7075
1.02295 1.32888 0.608639 -111
0.193674 1.28945 0.690652 -111
1.05825 1.43127 0.577433 -111
0.163032 1.39929 0.644337 -111
1.02072 1.44125 0.613472 -111
0.192389 1.38803 0.683138 -111
0.996887 1.4039 0.613041 -111
0.21737 1.35184 0.688564 -111
0.727793 1.33443 0.00755351 -111
0.415373 1.33436 0.0110443 -111
0.721031 1.95877 0.00297732 -111
0.448705 1.95602 0.00174731 -111
0.705281 2.51149 0.000167877 -111
0.442088 2.50006 7.82329e-05 -111
0.710421 2.60302 6.80563e-05 -111
0.433458 2.59209 0.000103454 -111
0.661091 2.69128 0.000163612 -111
0.478539 2.68974 0.000332432 -111
fused:
29927.6 -22758.5 75485.6 0.999833
nose real0:(586.321,99.6328), cal0:(570.131,67.5032)
nose real1:(319.239,89.1683), cal1:(337.123,123.795)

20176.8 -18580.2 48590.7 0.99967
left eye (inner) real0:(590.496,58.738), cal0:(581.409,18.8911)
left eye (inner) real1:(335.283,36.3499), cal1:(343.499,81.0831)

17795.2 -15736.4 41284.8 0.999667
left eye real0:(598.31,58.0852), cal0:(590.898,19.62)
left eye real1:(345.09,38.6775), cal1:(351.488,82.1838)

23.5833 -19.95 52.6408 0.999538
left eye (outer) real0:(605.755,57.1649), cal0:(601.093,20.9328)
left eye (outer) real1:(362.057,41.9856), cal1:(365.361,83.3899)

15851.2 -16819.9 44044.3 0.999774
right eye (inner) real0:(556.331,60.3844), cal0:(548.158,19.1893)
right eye (inner) real1:(308.31,34.0898), cal1:(315.059,79.6927)

11814 -13359.4 35334.9 0.999814
right eye real0:(539.578,62.3771), cal0:(532.81,21.4763)
right eye real1:(296.625,35.9442), cal1:(301.725,80.9749)

8.63458 -10.0108 27.7617 0.999803
right eye (outer) real0:(523.006,64.7194), cal0:(518.801,31.9836)
right eye (outer) real1:(297.699,53.1748), cal1:(300.559,88.9841)

1.9039 -1.52815 4.48423 0.999547
left ear real0:(590.557,73.459), cal0:(587.019,43.891)
left ear real1:(410.081,64.5514), cal1:(412.847,98.1709)

1.24418 -1.78751 5.41601 0.99989
right ear real0:(474.642,88.4218), cal0:(469.957,50.3461)
right ear real1:(298.906,59.5383), cal1:(302.212,100.18)

27986.5 -17054.9 68294.6 0.99977
mouth (left) real0:(590.798,137.391), cal0:(578.136,98.6152)
mouth (left) real1:(331.664,109.675), cal1:(345.992,151.838)

21483.1 -13905.5 59642.3 0.999898
mouth (right) real0:(556.749,140.376), cal0:(548.343,108.578)
mouth (right) real1:(311.642,126.399), cal1:(320.944,160.568)

0.617922 0.0185189 1.53551 0.997132
left shoulder real0:(574.038,267.166), cal0:(573.708,255.945)
left shoulder real1:(538.13,263.449), cal1:(539.462,275.784)

-0.0535963 -0.0502168 2.92593 0.999385
right shoulder real0:(322.455,274.859), cal0:(320.943,238.382)
right shoulder real1:(214.046,249.437), cal1:(217.636,283.789)

0.494548 0.391298 1.20444 0.801325
left elbow real0:(578.787,440.741), cal0:(578.623,443.944)
left elbow real1:(610.898,445.201), cal1:(610.574,442.746)

-0.388232 0.514396 1.91945 0.876152
right elbow real0:(208.345,458.089), cal0:(210.436,409.756)
right elbow real1:(160.247,429.927), cal1:(167.124,482.949)

0.515521 0.703982 1.16587 0.647247
left wrist real0:(601.849,576.633), cal0:(597.591,611.586)
left wrist real1:(654.689,637.862), cal1:(648.462,597.501)

-0.499138 1.09926 2.13005 0.690652
right wrist real0:(182.799,628.509), cal0:(191.17,558.848)
right wrist real1:(123.951,618.937), cal1:(132.269,673.043)

0.521562 0.765467 1.12899 0.607558
left pinky real0:(615.769,611.301), cal0:(609.485,656.173)
left pinky real1:(677.282,687.01), cal1:(669.187,636.455)

-0.559517 1.29765 2.23088 0.644337
right pinky real0:(170.42,675.191), cal0:(181.273,598.276)
right pinky real1:(104.34,671.657), cal1:(113.403,728.13)

0.55236 0.828679 1.22485 0.63693
left index real0:(609.475,608.126), cal0:(602.869,655.296)
left index real1:(653.263,691.801), cal1:(645.028,640.373)

-0.507053 1.34406 2.33394 0.683138
right index real0:(191.739,665.09), cal0:(201.431,594.79)
right index real1:(123.129,666.252), cal1:(131.251,717.191)

0.525174 0.803959 1.23377 0.638505
left thumb real0:(593.103,599.965), cal0:(587.673,640.316)
left thumb real1:(638.008,673.874), cal1:(631.031,629.823)

-0.459461 1.23645 2.22909 0.688564
right thumb real0:(199.267,649.661), cal0:(208.118,582.059)
right thumb real1:(139.117,648.883), cal1:(146.752,697.451)

0.660674 1.3009 2.19676 0.0433871
left hip real0:(512.671,604.244), cal0:(512.627,604.594)
left hip real1:(465.788,640.527), cal1:(464.073,629.448)

0.228326 2.1685 3.5501 0.0382776
right hip real0:(369.914,620.708), cal0:(370.586,615.796)
right hip real1:(265.839,640.492), cal1:(273.996,691.766)

0.867638 2.81868 2.88504 0.00343269
left knee real0:(523.778,786.297), cal0:(512.62,835.861)
left knee real1:(461.46,940.208), cal1:(450.311,881.042)

0.43183 4.37754 4.5882 0.00400738
right knee real0:(389.005,819.87), cal0:(388.49,822.09)
right knee real1:(287.171,938.89), cal1:(285.33,929.233)

1.16053 5.05737 4.07622 0.000428889
left ankle real0:(510.175,970.081), cal0:(502.991,994.341)
left ankle real1:(451.38,1205.52), cal1:(422.638,1070.74)

1.00911 11.2848 9.16229 0.000334372
right ankle real0:(399.486,984.455), cal0:(398.115,988.907)
right ankle real1:(282.937,1200.03), cal1:(268.978,1135.86)

1.085 5.01222 3.95464 0.000624496
left heel real0:(497.447,1008.19), cal0:(496.775,1010.4)
left heel real1:(454.669,1249.45), cal1:(420.709,1092.3)

0.371311 7.34689 5.72098 0.000585734
right heel real0:(371.68,1018.22), cal0:(370.94,1020.48)
right heel real1:(277.413,1244.2), cal1:(264.887,1188.36)

3632.1 12902.9 9690.41 0.000693919
left foot index real0:(561.206,1037.9), cal0:(557.123,1048.92)
left foot index real1:(423.099,1291.81), cal1:(397.544,1120.71)

5892.56 31466.3 23287 0.000882856
right foot index real0:(497.06,1041.72), cal0:(483.966,1060.77)
right foot index real1:(306.265,1291.08), cal1:(327.007,1178.53)

