camera0:
0.790255 0.213552 0.999321 0.57825
0.808256 0.155544 0.999084 0.60175
0.82286 0.163393 0.999072 0.60575
0.836355 0.17002 0.998617 0.61325
0.760221 0.13665 0.999324 0.59225
0.737738 0.132561 0.999471 0.59375
0.714835 0.129867 0.999396 0.5915
0.823519 0.203128 0.998744 0.6045
0.649296 0.162106 0.999671 0.608
0.801788 0.293631 0.999028 0.58025
0.738215 0.288707 0.999647 0.5815
0.850055 0.543574 0.984669 0
0.46477 0.533474 0.993191 0.61325
0.893774 0.898283 0.473589 0.7285
0.517376 1.00591 0.866674 -111
0.873202 0.881109 0.472611 2.34375
0.888729 0.856991 0.704303 0
0.884439 0.904051 0.460536 0
1.00716 0.854378 0.679971 -111
0.879532 0.84631 0.486785 0
0.988429 0.767274 0.702793 0.60525
0.862503 0.839613 0.490898 0
0.945843 0.772145 0.69357 0
0.752689 1.26706 0.14026 -111
0.511314 1.28049 0.151176 -111
0.818423 1.7935 0.032242 -111
0.573381 1.80486 0.0431767 -111
0.758433 2.31577 0.00387995 -111
0.555444 2.36305 0.00516549 -111
0.730971 2.40047 0.0025964 -111
0.525037 2.46236 0.00452257 -111
0.784677 2.50415 0.0124687 -111
0.631876 2.51796 0.00933678 -111
camera1:
0.51321 0.192015 0.993776 0.5185
0.546151 0.114765 0.991473 0.516
0.571384 0.11802 0.992292 0.524
0.596319 0.12161 0.991731 0.52125
0.489906 0.110269 0.989572 0.52575
0.474826 0.109822 0.989944 0.553
0.459776 0.109444 0.990215 0.564
0.650656 0.150628 0.991405 0.5375
0.456583 0.131056 0.990861 0.565
0.55809 0.25922 0.993943 0.5225
0.495726 0.265555 0.993036 0.5325
0.810551 0.480654 0.978774 0.63775
0.33928 0.495242 0.988382 0
0.935093 0.944838 0.578931 0
0.200339 0.911197 0.636401 0
0.664934 0.685979 0.383916 0
0.207466 0.682654 0.615768 0
0.568498 0.606318 0.3603 0
0.193138 0.61203 0.57761 0
0.566959 0.521383 0.392466 0
0.207523 0.559099 0.602198 0
0.584903 0.557041 0.386893 0
0.212455 0.576197 0.600911 0
0.746024 1.28589 0.0210015 -111
0.42681 1.28863 0.036297 -111
0.751262 1.91792 0.0421913 -111
0.444018 1.9242 0.0363692 -111
0.75964 2.4694 0.0125046 -111
0.455958 2.46576 0.00752553 -111
0.769535 2.55852 0.0124057 -111
0.451951 2.5487 0.0101986 -111
0.721395 2.66012 0.0143252 -111
0.499579 2.67216 0.00974016 -111
fused:
1.59496 -1.63311 5.61514 0.999321
nose real0:(505.763,102.505), cal0:(502.593,73.9063)
nose real1:(328.454,92.1674), cal1:(331.095,123.331)

1.32693 -1.52053 4.40083 0.999084
left eye (inner) real0:(517.284,74.6611), cal0:(513.089,41.0505)
left eye (inner) real1:(349.537,55.0871), cal1:(352.557,92.4383)

1.24413 -1.33604 3.92432 0.999072
left eye real0:(526.631,78.4287), cal0:(522.409,44.0912)
left eye real1:(365.686,56.6496), cal1:(368.802,94.9437)

1.16614 -1.18098 3.51837 0.998617
left eye (outer) real0:(535.267,81.6096), cal0:(531.068,46.9695)
left eye (outer) real1:(381.644,58.373), cal1:(384.823,97.2047)

1.27734 -1.80974 5.09332 0.999324
right eye (inner) real0:(486.542,65.5922), cal0:(482.611,35.1562)
right eye (inner) real1:(313.54,52.929), cal1:(316.203,86.3639)

1.0977 -1.72462 4.83521 0.999471
right eye real0:(472.152,63.6291), cal0:(468.335,34.3373)
right eye real1:(303.889,52.7146), cal1:(306.422,84.6533)

0.927073 -1.63385 4.5721 0.999396
right eye (outer) real0:(457.494,62.336), cal0:(453.763,33.9336)
right eye (outer) real1:(294.257,52.5334), cal1:(296.685,83.2568)

0.754047 -0.725958 2.36762 0.998744
left ear real0:(527.052,97.5016), cal0:(523.281,64.423)
left ear real1:(416.42,72.3016), cal1:(419.523,109.309)

0.39747 -0.990007 2.98497 0.999671
right ear real0:(415.55,77.811), cal0:(411.944,49.3714)
right ear real1:(292.213,62.9068), cal1:(294.629,92.9793)

1.21709 -0.935763 4.09794 0.999028
mouth (left) real0:(513.144,140.943), cal0:(510.375,111.462)
mouth (left) real1:(357.177,124.426), cal1:(360.042,156.443)

0.999206 -0.994165 4.35266 0.999647
mouth (right) real0:(472.457,138.579), cal0:(469.861,111.429)
mouth (right) real1:(317.264,127.466), cal1:(319.838,156.388)

0.519746 -0.0317484 1.479 0.984669
left shoulder real0:(544.035,260.915), cal0:(543.066,235.796)
left shoulder real1:(518.753,230.714), cal1:(521.643,258.151)

-0.13952 -0.0937937 2.32602 0.993191
right shoulder real0:(297.453,256.068), cal0:(295.913,224.463)
right shoulder real1:(217.139,237.716), cal1:(220.18,267.421)

0.497152 0.404931 1.24746 0.578931
left elbow real0:(572.015,431.176), cal0:(571.371,443.779)
left elbow real1:(598.46,453.522), cal1:(597.293,444.696)

0.0659903 7.65526 24.3895 0.866674
right elbow real0:(331.121,482.837), cal0:(333.573,437.332)
right elbow real1:(128.217,437.374), cal1:(138.119,511.844)

1.32061 0.742197 3.48061 0.472611
left wrist real0:(558.85,422.932), cal0:(559.889,376.85)
left wrist real1:(425.557,329.27), cal1:(434.489,401.633)

42683.8 30509.7 179447 0.704303
right wrist real0:(568.786,411.356), cal0:(474.847,350.877)
right wrist real1:(132.778,327.674), cal1:(268.633,397.546)

5.25692 2.68454 13.42 0.460536
left pinky real0:(566.041,433.944), cal0:(567.281,368.919)
left pinky real1:(363.838,291.033), cal1:(377.278,400.852)

61237.1 28859.7 190477 0.679971
right pinky real0:(644.584,410.101), cal0:(525.089,339.754)
right pinky real1:(123.608,293.774), cal1:(315.289,380.368)

4.15096 1.5212 10.7846 0.486785
left index real0:(562.901,406.229), cal0:(563.18,333.468)
left index real1:(362.854,250.264), cal1:(376.584,366.809)

59295.8 17512.7 189599 0.702793
right index real0:(632.595,368.292), cal0:(519.832,304.208)
right index real1:(132.815,268.368), cal1:(308.113,346.249)

2.34468 0.972727 6.38881 0.490898
left thumb real0:(552.002,403.014), cal0:(552.427,340.2)
left thumb real1:(374.338,267.379), cal1:(386.772,372.141)

52579.4 18306.9 186260 0.69357
right thumb real0:(605.339,370.63), cal0:(501.538,307.766)
right thumb real1:(135.971,276.574), cal1:(291.359,351.522)

0.421594 1.01007 1.6905 0.14026
left hip real0:(481.721,608.191), cal0:(481.772,607.785)
left hip real1:(477.455,617.225), cal1:(480.123,634.352)

-0.0152117 1.35679 2.25804 0.151176
right hip real0:(327.241,614.637), cal0:(327.901,609.812)
right hip real1:(273.158,618.542), cal1:(284.513,689.923)

0.775502 2.55975 2.46517 0.0421913
left knee real0:(523.791,860.878), cal0:(520.938,872.74)
left knee real1:(480.807,920.604), cal1:(479.605,914.397)

0.252111 3.59504 3.65533 0.0431767
right knee real0:(366.964,866.335), cal0:(373.383,839.77)
right knee real1:(284.172,923.614), cal1:(290.106,954.183)

0.588141 3.16784 2.23915 0.0125046
left ankle real0:(485.397,1111.57), cal0:(489.746,1098.94)
left ankle real1:(486.169,1185.31), cal1:(486.401,1186.32)

0.389327 6.00893 4.50415 0.00752553
right ankle real0:(355.484,1134.26), cal0:(383.876,1050.47)
right ankle real1:(291.813,1183.57), cal1:(298.778,1214.02)

0.484119 2.96562 2.02202 0.0124057
left heel real0:(467.822,1152.23), cal0:(475.785,1130.14)
left heel real1:(492.502,1228.09), cal1:(492.689,1228.88)

0.32225 5.99176 4.39964 0.0101986
right heel real0:(336.024,1181.93), cal0:(375.951,1067.16)
right heel real1:(289.248,1223.38), cal1:(293.246,1240.6)

0.971776 5.14027 3.30097 0.0143252
left foot index real0:(502.193,1201.99), cal0:(508.808,1184.55)
left foot index real1:(461.693,1276.86), cal1:(464.31,1287.59)

0.971423 9.41432 6.25245 0.00974016
right foot index real0:(404.401,1208.62), cal0:(425.287,1153.6)
right foot index real1:(319.731,1282.64), cal1:(329.205,1321.48)

