camera0:
0.637444 0.244002 0.999695 0.70275
0.652741 0.194344 0.999579 0.703
0.661058 0.195093 0.99954 0.6925
0.675877 0.194734 0.999486 0.686
0.614838 0.195532 0.999677 0.71025
0.600948 0.198004 0.999709 0.71
0.582944 0.199665 0.999712 0.714
0.677475 0.226668 0.999492 0.68775
0.556489 0.228378 0.999859 0.72875
0.648824 0.30258 0.999786 0.69475
0.606362 0.304208 0.999878 0.715
0.736218 0.502821 0.99866 0.53925
0.459375 0.461447 0.999615 0.66075
0.869199 0.789746 0.627135 0.4915
0.608216 0.759156 0.906331 0.5695
0.879596 0.779826 0.566392 0.50075
0.898218 0.64787 0.792531 0.5195
0.896488 0.804813 0.534395 0.53275
0.98234 0.664208 0.773781 0.5575
0.869543 0.758178 0.558503 0.492
0.940445 0.604273 0.789339 0.54675
0.861725 0.755469 0.562729 0.496
0.933309 0.621349 0.788548 0.53125
0.70522 1.19561 0.16036 -111
0.493955 1.18743 0.182431 -111
0.71622 1.73991 0.0155949 -111
0.514975 1.75387 0.0283274 -111
0.716626 2.24982 0.00157185 -111
0.524273 2.29905 0.00262161 -111
0.706835 2.32546 0.00132629 -111
0.499424 2.38318 0.00221238 -111
0.754275 2.38864 0.00354441 -111
0.596235 2.42404 0.00295886 -111
camera1:
0.587365 0.192406 0.995418 0.6255
0.608432 0.13103 0.994719 0.638
0.627073 0.132077 0.994945 0.6365
0.645531 0.134511 0.994964 0.6345
0.575939 0.135811 0.992928 0.62475
0.567464 0.140042 0.992864 0.622
0.558325 0.145173 0.993935 0.61275
0.703522 0.166063 0.993044 0.66975
0.569745 0.168912 0.993828 0.64025
0.618866 0.244796 0.993331 0.63625
0.580074 0.248723 0.99195 0
0.866309 0.524405 0.972082 0
0.611262 0.567933 0.987232 0
0.872011 0.78868 0.568899 1.242
0.49501 0.842656 0.754827 0.51125
0.685757 0.811014 0.407636 0.691
0.522232 0.890727 0.739673 0.65975
0.650418 0.831698 0.375531 0.68675
0.531617 0.937488 0.690385 0.6525
0.64992 0.794408 0.413337 0.69975
0.528049 0.897332 0.712394 0.6565
0.658756 0.788181 0.403319 0.703
0.532592 0.890136 0.707021 0.65325
0.808974 1.27557 0.027813 -111
0.654002 1.25808 0.051019 -111
0.758568 1.04059 0.0606909 -111
0.563232 1.10753 0.0539378 -111
0.6404 1.28863 0.0189037 -111
0.60851 1.24745 0.0113769 -111
0.618795 1.34414 0.0188029 -111
0.618147 1.282 0.0153967 -111
0.592276 1.28801 0.0217087 -111
0.520622 1.24763 0.0146612 -111
fused:
0.196161 -0.432055 1.61758 0.999695
nose real0:(407.964,117.121), cal0:(404.801,88.1743)
nose real1:(375.913,92.355), cal1:(378.491,122.62)

0.211993 -0.48456 1.55435 0.999579
left eye (inner) real0:(417.754,93.2851), cal0:(413.884,61.3428)
left eye (inner) real1:(389.397,62.8943), cal1:(392.17,96.7622)

0.217886 -0.46567 1.49913 0.99954
left eye real0:(423.077,93.6448), cal0:(419.264,62.014)
left eye real1:(401.326,63.3967), cal1:(404.087,97.0416)

0.237687 -0.456444 1.47351 0.999486
left eye (outer) real0:(432.561,93.4723), cal0:(428.855,62.5314)
left eye (outer) real1:(413.14,64.5654), cal1:(415.861,97.6545)

0.149336 -0.479063 1.5518 0.999677
right eye (inner) real0:(393.497,93.8555), cal0:(389.762,63.1633)
right eye (inner) real1:(368.601,65.1891), cal1:(371.235,97.4119)

0.125153 -0.468872 1.53399 0.999709
right eye real0:(384.606,95.042), cal0:(380.962,65.0018)
right eye real1:(363.177,67.2199), cal1:(365.745,98.6056)

0.0941301 -0.454425 1.50251 0.999712
right eye (outer) real0:(373.084,95.8391), cal0:(369.585,66.9325)
right eye (outer) real1:(357.328,69.6831), cal1:(359.781,99.6311)

0.206317 -0.354192 1.25982 0.999492
left ear real0:(433.584,108.801), cal0:(430.333,79.7329)
left ear real1:(450.254,79.7101), cal1:(452.893,110.951)

0.0473073 -0.38039 1.36145 0.999859
right ear real0:(356.153,109.621), cal0:(352.823,80.7806)
right ear real1:(364.637,81.0777), cal1:(367.107,110.671)

0.204319 -0.337165 1.5253 0.999786
mouth (left) real0:(415.247,145.239), cal0:(412.422,115.85)
mouth (left) real1:(396.075,117.502), cal1:(398.813,148.323)

0.135959 -0.335186 1.53152 0.999878
mouth (right) real0:(388.071,146.02), cal0:(385.28,117.166)
mouth (right) real1:(371.247,119.387), cal1:(373.897,149.268)

0.235792 -0.0170421 1.01817 0.99866
left shoulder real0:(471.18,241.354), cal0:(471.075,238.638)
left shoulder real1:(554.438,251.714), cal1:(554.755,254.725)

-0.0664426 -0.025729 1.06762 0.999615
right shoulder real0:(294,221.494), cal0:(294.56,234.214)
right shoulder real1:(391.208,272.608), cal1:(389.924,260.236)

0.513421 0.28798 1.37431 0.627135
left elbow real0:(556.288,379.078), cal0:(556.384,374.63)
left elbow real1:(558.087,378.566), cal1:(558.788,384.257)

0.235002 0.46975 2.46263 0.906331
right elbow real0:(389.258,364.395), cal0:(389.277,363.336)
right elbow real1:(316.806,404.475), cal1:(316.983,405.921)

1.29208 0.684892 3.35952 0.566392
left wrist real0:(562.942,374.317), cal0:(563.004,371.218)
left wrist real1:(438.884,389.287), cal1:(439.648,395.508)

53287.4 22951.8 140187 0.792531
right wrist real0:(574.859,310.978), cal0:(560.309,347.092)
right wrist real1:(334.229,427.549), cal1:(347.434,383.43)

2.13922 1.17804 5.31256 0.534395
left pinky real0:(573.752,386.31), cal0:(573.859,381.964)
left pinky real1:(416.267,399.215), cal1:(417.402,408.358)

78992.1 33299.3 179315 0.773781
right pinky real0:(628.698,318.82), cal0:(596.597,360.302)
right pinky real1:(340.235,449.994), cal1:(379.739,391.797)

1.5524 0.771733 4.15213 0.558503
left index real0:(556.508,363.925), cal0:(556.562,360.399)
left index real1:(415.949,381.316), cal1:(416.759,387.99)

67643.6 23715.3 164449 0.789339
right index real0:(601.885,290.051), cal0:(579.063,335.366)
right index real1:(337.952,430.719), cal1:(362.969,370.169)

1.32945 0.666715 3.6368 0.562729
left thumb real0:(551.504,362.625), cal0:(551.56,358.873)
left thumb real1:(421.604,378.327), cal1:(422.52,385.892)

63962.4 23312.1 156270 0.788548
right thumb real0:(597.318,298.247), cal0:(577.844,338.351)
right thumb real1:(340.859,427.265), cal1:(362.127,373.131)

0.24874 0.67854 1.25218 0.16036
left hip real0:(451.34,573.891), cal0:(451.287,574.363)
left hip real1:(517.743,612.274), cal1:(515.496,597.438)

-0.0294557 0.602368 1.13261 0.182431
right hip real0:(316.131,569.967), cal0:(316.324,568.325)
right hip real1:(418.561,603.88), cal1:(421.367,622.228)

0.395645 0.651999 1.55685 0.0606909
left knee real0:(458.381,835.158), cal0:(484.621,500.386)
left knee real1:(485.483,499.482), cal1:(488.517,521.068)

0.0780875 0.82 1.63547 0.0539378
right knee real0:(329.584,841.858), cal0:(360.632,550.022)
right knee real1:(360.469,531.614), cal1:(371.202,603.476)

1.10826 2.05506 3.6216 0.0189037
left ankle real0:(458.64,1079.91), cal0:(515.79,589.723)
left ankle real1:(409.856,618.541), cal1:(410.351,621.785)

0.191225 0.960391 1.76528 0.0113769
right ankle real0:(335.535,1103.54), cal0:(397.026,575.661)
right ankle real1:(389.447,598.774), cal1:(393.318,624.146)

1.36508 2.69401 4.4529 0.0188029
left heel real0:(452.375,1116.22), cal0:(516.118,612.295)
left heel real1:(396.029,645.187), cal1:(396.4,647.568)

0.148523 0.895738 1.64205 0.0153967
right heel real0:(319.631,1143.93), cal0:(386.287,576.535)
right heel real1:(395.614,615.358), cal1:(397.227,625.908)

4.12564 6.69584 11.4757 0.0217087
left foot index real0:(482.736,1146.55), cal0:(547.929,599.359)
left foot index real1:(379.056,618.244), cal1:(381.217,632.326)

0.783226 2.17791 4.06339 0.0146612
right foot index real0:(381.59,1163.54), cal0:(447.747,570.817)
right foot index real1:(333.198,598.864), cal1:(336.56,621.128)

