camera0:
0.548772 0.394215 0.999889 0.81925
0.568495 0.343846 0.999807 0.8225
0.581812 0.34697 0.999816 0.80425
0.595451 0.351157 0.999815 0.83925
0.52881 0.341176 0.99983 0.8315
0.515531 0.341889 0.999839 0.83125
0.504926 0.342556 0.999844 0.83425
0.617428 0.383375 0.999787 0.84325
0.483435 0.370428 0.999885 0.86025
0.577225 0.44889 0.999843 0.81375
0.521402 0.443916 0.999892 0.84025
0.724026 0.656001 0.999554 0.9355
0.373566 0.650303 0.999449 0.828
0.891749 0.924029 0.824666 0.772
0.271632 0.971592 0.855866 0.575
0.916046 1.04655 0.759771 -111
0.421595 0.77574 0.736912 0.537
0.928506 1.07835 0.715676 -111
0.445084 0.691181 0.67847 0.5355
0.896309 1.04703 0.745734 -111
0.464302 0.641342 0.703152 0.5235
0.885572 1.04262 0.74123 -111
0.464791 0.666108 0.703408 0.52
0.680524 1.29675 0.0503908 -111
0.438744 1.30546 0.0455943 -111
0.677841 1.82549 0.00458456 -111
0.457135 1.83589 0.003078 -111
0.675938 2.30379 0.000594739 -111
0.461328 2.30423 0.000296153 -111
0.682349 2.3667 0.000905585 -111
0.453919 2.36707 0.000582988 -111
0.646733 2.44873 0.00052532 -111
0.486936 2.45737 0.00042305 -111
camera1:
0.594792 0.3445 0.999219 0.76125
0.619282 0.287732 0.999013 0.7705
0.635162 0.288542 0.998836 0.768
0.65162 0.289447 0.998825 0.76375
0.586043 0.289253 0.999044 0.75875
0.578745 0.2906 0.99876 0.7875
0.571626 0.292365 0.998961 0.7895
0.694062 0.316185 0.998859 0.78125
0.579345 0.316296 0.998978 0.75175
0.63048 0.398742 0.999333 0.76375
0.584161 0.399378 0.999199 0.76625
0.83236 0.620189 0.990099 0.78725
0.464174 0.608378 0.99636 0.87725
0.945876 0.985183 0.780864 0.56125
0.283673 0.889484 0.812288 0.741
0.77976 0.821958 0.753544 0.496
0.309653 0.835566 0.856855 0.81425
0.705411 0.772832 0.72522 0
0.301918 0.829393 0.807616 0.8115
0.70347 0.716325 0.753835 0.499
0.327902 0.778761 0.836944 0.815
0.713027 0.726778 0.746478 0.497
0.347664 0.791804 0.833534 0.83375
0.757595 1.32296 0.00985343 -111
0.497619 1.3059 0.0145364 -111
0.726652 1.88579 0.004341 -111
0.479721 1.86331 0.00253515 -111
0.713663 2.38996 0.000246405 -111
0.475491 2.36446 0.000115858 -111
0.722714 2.46176 9.79002e-05 -111
0.469407 2.43305 0.000151384 -111
0.662589 2.53949 0.00023638 -111
0.499742 2.52535 0.00048676 -111
fused:
0.0370924 -0.183366 1.28968 0.999889
nose real0:(351.214,189.223), cal0:(349.227,163.249)
nose real1:(380.667,165.36), cal1:(383.102,191.153)

0.0616816 -0.231383 1.25588 0.999807
left eye (inner) real0:(363.837,165.046), cal0:(361.454,137.972)
left eye (inner) real1:(396.34,138.111), cal1:(398.828,165.397)

0.0786882 -0.226762 1.24338 0.999816
left eye real0:(372.36,166.545), cal0:(369.968,139.092)
left eye real1:(406.504,138.5), cal1:(409.046,166.314)

0.0956394 -0.221354 1.22965 0.999815
left eye (outer) real0:(381.089,168.555), cal0:(378.674,140.511)
left eye (outer) real1:(417.037,138.935), cal1:(419.655,167.487)

0.00863805 -0.230423 1.24713 0.99983
right eye (inner) real0:(338.438,163.764), cal0:(336.109,137.657)
right eye (inner) real1:(375.068,138.841), cal1:(377.423,164.782)

-0.00885063 -0.2264 1.23211 0.999839
right eye real0:(329.94,164.107), cal0:(327.633,138.266)
right eye real1:(370.397,139.488), cal1:(372.719,165.06)

-0.0225682 -0.223673 1.22419 0.999844
right eye (outer) real0:(323.153,164.427), cal0:(320.873,138.89)
right eye (outer) real1:(365.841,140.335), cal1:(368.125,165.498)

0.118342 -0.180667 1.16604 0.999787
left ear real0:(395.154,184.02), cal0:(392.92,155.58)
left ear real1:(444.2,151.769), cal1:(446.932,180.893)

-0.04735 -0.185385 1.15096 0.999885
right ear real0:(309.398,177.805), cal0:(307.233,151.896)
right ear real1:(370.781,151.822), cal1:(373.118,177.119)

0.0757524 -0.124393 1.26945 0.999843
mouth (left) real0:(369.424,215.467), cal0:(367.798,189.807)
mouth (left) real1:(403.507,191.396), cal1:(406.018,216.977)

0.000270905 -0.126131 1.25394 0.999892
mouth (right) real0:(333.697,213.08), cal0:(332.078,188.245)
mouth (right) real1:(373.863,191.702), cal1:(376.234,215.981)

0.238703 0.0909735 1.09268 0.999554
left shoulder real0:(463.377,314.881), cal0:(463.189,298.734)
left shoulder real1:(532.71,297.691), cal1:(534.624,314.595)

-0.188461 0.0668202 1.21075 0.999449
right shoulder real0:(239.082,312.145), cal0:(238.435,281.865)
right shoulder real1:(297.072,292.022), cal1:(300.097,319.437)

0.482114 0.422381 1.21702 0.824666
left elbow real0:(570.719,443.534), cal0:(569.936,457.276)
left elbow real1:(605.361,472.888), cal1:(603.22,456.9)

-0.377277 0.386908 1.45673 0.855866
right elbow real0:(173.844,466.364), cal0:(176.357,408.319)
right elbow real1:(181.551,426.952), cal1:(188.461,480.227)

0.97885 0.743508 2.28567 0.759771
left wrist real0:(586.27,502.342), cal0:(589.228,444.192)
left wrist real1:(499.046,394.54), cal1:(507.177,456.122)

-0.239726 0.409965 2.32798 0.856855
right wrist real0:(269.821,372.355), cal0:(270.084,354.532)
right wrist real1:(198.178,401.072), cal1:(199.587,412.711)

1.70315 1.19821 3.84607 0.72522
left pinky real0:(594.244,517.608), cal0:(597.983,435.93)
left pinky real1:(451.463,370.959), cal1:(462.294,453.68)

-0.213937 0.403782 2.72694 0.807616
right pinky real0:(284.854,331.767), cal0:(284.816,337.686)
right pinky real1:(193.228,398.109), cal1:(192.786,394.378)

1.26495 0.8536 3.10125 0.753835
left index real0:(573.638,502.573), cal0:(576.989,414.115)
left index real1:(450.221,343.836), cal1:(461.728,433.637)

-0.152969 0.296731 2.64378 0.836944
right index real0:(297.153,307.844), cal0:(297.188,316.15)
right index real1:(209.857,373.805), cal1:(209.244,368.493)

1.09911 0.772044 2.77308 0.746478
left thumb real0:(566.766,500.457), cal0:(570.061,416.016)
left thumb real1:(456.337,348.853), cal1:(467.403,435.002)

-0.139061 0.307363 2.42274 0.833534
right thumb real0:(297.466,319.732), cal0:(297.465,324.942)
right thumb real1:(222.505,380.066), cal1:(222.113,376.707)

0.23358 0.839753 1.35324 0.0503908
left hip real0:(435.536,622.442), cal0:(435.644,621.637)
left hip real1:(484.861,635.019), cal1:(487.938,654.415)

-0.11729 0.867532 1.41268 0.0455943
right hip real0:(280.796,626.622), cal0:(282.068,617.766)
right hip real1:(318.476,626.83), cal1:(330.221,699.633)

0.293247 1.68076 1.65762 0.00458456
left knee real0:(433.818,876.235), cal0:(438.229,858.074)
left knee real1:(465.057,905.181), cal1:(468.45,922.621)

-0.0789533 1.72236 1.78421 0.003078
right knee real0:(292.566,881.23), cal0:(305.363,828.853)
right knee real1:(307.021,894.39), cal1:(318.949,955.547)

0.320464 2.57617 1.83306 0.000594739
left ankle real0:(432.6,1105.82), cal0:(436.976,1093.32)
left ankle real1:(456.744,1147.18), cal1:(470.358,1205.63)

-0.0780097 2.48409 1.80315 0.000296153
right ankle real0:(295.25,1106.03), cal0:(305.957,1076.64)
right ankle real1:(304.314,1134.94), cal1:(337.916,1276.03)

0.311352 2.62306 1.77878 0.000905585
left heel real0:(436.703,1136.02), cal0:(437.104,1134.93)
left heel real1:(462.537,1181.65), cal1:(480.227,1255.37)

-0.100288 2.47998 1.71029 0.000582988
right heel real0:(290.508,1136.2), cal0:(296.72,1120.15)
right heel real1:(300.42,1167.86), cal1:(342.753,1339.42)

0.303475 3.06443 2.03205 0.00052532
left foot index real0:(413.909,1175.39), cal0:(421.669,1155.02)
left foot index real1:(424.057,1218.95), cal1:(443.193,1297.25)

0.0568249 3.30845 2.38215 0.00048676
right foot index real0:(311.639,1179.54), cal0:(346.279,1083.38)
right foot index real1:(319.835,1212.17), cal1:(332.732,1266.66)

