camera0:
0.593134 0.256453 0.999624 0.71975
0.590017 0.200892 0.999326 0.722
0.596572 0.20187 0.999275 0.71725
0.603078 0.202081 0.99914 0.73125
0.559973 0.196982 0.999522 0.7285
0.545603 0.196024 0.999601 0.72475
0.52995 0.194921 0.999599 0.72375
0.5888 0.224117 0.999187 0.71625
0.482519 0.223147 0.999844 0.74775
0.593689 0.309212 0.999745 0.71975
0.564201 0.312494 0.999896 0.72175
0.631454 0.501952 0.997899 0
0.362618 0.519459 0.999611 0
0.684464 0.854994 0.520189 0.88975
0.27324 0.535986 0.882109 0
0.745849 0.920314 0.330705 0.8805
0.396194 0.15772 0.658377 1.9625
0.76634 0.95416 0.305816 1.497
0.410837 0.0506456 0.635395 1.88425
0.762885 0.914335 0.340092 0
0.416421 0.0530509 0.657381 1.8845
0.746223 0.9042 0.34716 0.88675
0.423737 0.0921976 0.658277 0
0.659833 1.22617 0.0818337 -111
0.455903 1.24328 0.0949369 -111
0.674379 1.78327 0.0135235 -111
0.48921 1.82972 0.0243792 -111
0.68088 2.33426 0.00114211 -111
0.497811 2.39965 0.00112789 -111
0.662658 2.41201 0.000924213 -111
0.466537 2.49085 0.00154116 -111
0.752356 2.46685 0.00227542 -111
0.594095 2.52121 0.0013334 -111
camera1:
0.547771 0.178734 0.999433 0.67925
0.578932 0.122603 0.999019 0.70225
0.597253 0.128158 0.999083 0.70025
0.61732 0.134584 0.998965 0.703
0.533608 0.119096 0.999159 0.70425
0.517072 0.120861 0.999225 0.71225
0.500397 0.12306 0.99928 0.718
0.654193 0.177718 0.998792 0.748
0.478598 0.158641 0.999426 0.729
0.57531 0.248991 0.999463 0.69525
0.520752 0.241436 0.999634 0.69775
0.734717 0.5267 0.994381 0.80175
0.339663 0.449954 0.998906 0.773
0.777565 0.894485 0.552702 0
0.0550237 0.493688 0.830332 0.6195
0.868437 1.04129 0.335747 -111
0.121269 0.109547 0.675037 0.6495
0.898265 1.10901 0.315637 -111
0.109228 0.0124903 0.613182 0
0.880795 1.07464 0.358907 -111
0.141721 -0.00672633 0.646296 -111
0.855532 1.06019 0.363235 -111
0.160327 0.0416616 0.643214 0
0.640065 1.1966 0.0211771 -111
0.35656 1.18668 0.0340837 -111
0.642587 1.78766 0.00395875 -111
0.353079 1.81501 0.00261559 -111
0.599662 2.40945 0.000421437 -111
0.316112 2.42398 0.000149956 -111
0.590897 2.49161 0.000384574 -111
0.298503 2.51071 0.000262083 -111
0.561917 2.59907 0.000436376 -111
0.353093 2.59302 0.000404937 -111
fused:
0.116992 -0.429077 1.60548 0.999624
nose real0:(379.606,123.098), cal0:(375.726,88.0791)
nose real1:(350.574,85.7922), cal1:(353.603,121.531)

0.0986258 -0.444096 1.43007 0.999326
left eye (inner) real0:(377.611,96.4282), cal0:(373.38,62.0654)
left eye (inner) real1:(370.516,58.8493), cal1:(373.394,94.2302)

0.105441 -0.424984 1.3821 0.999275
left eye real0:(381.806,96.8975), cal0:(377.78,63.8992)
left eye real1:(382.242,61.5159), cal1:(385.023,95.5854)

0.111309 -0.404964 1.33071 0.99914
left eye (outer) real0:(385.97,96.999), cal0:(382.2,65.8039)
left eye (outer) real1:(395.085,64.6006), cal1:(397.732,96.9077)

0.0554682 -0.472954 1.50675 0.999522
right eye (inner) real0:(358.383,94.5515), cal0:(354.064,60.0538)
right eye (inner) real1:(341.509,57.1661), cal1:(344.344,92.2735)

0.0329108 -0.477171 1.52204 0.999601
right eye real0:(349.186,94.0917), cal0:(344.938,60.2833)
right eye real1:(330.926,58.0132), cal1:(333.685,92.2313)

0.00782431 -0.479413 1.53199 0.999599
right eye (outer) real0:(339.168,93.562), cal0:(335.016,60.6277)
right eye (outer) real1:(320.254,59.0687), cal1:(322.922,92.2019)

0.0828976 -0.32626 1.18307 0.999187
left ear real0:(376.832,107.576), cal0:(374.044,82.9603)
left ear real1:(418.683,85.3046), cal1:(420.816,110.681)

-0.0641344 -0.411579 1.43956 0.999844
right ear real0:(308.812,107.11), cal0:(305.183,76.8708)
right ear real1:(306.303,76.1478), cal1:(308.755,105.983)

0.112603 -0.325034 1.49938 0.999745
mouth (left) real0:(379.961,148.422), cal0:(377.065,118.416)
mouth (left) real1:(368.198,119.516), cal1:(370.902,149.982)

0.0700793 -0.357894 1.62816 0.999896
mouth (right) real0:(361.089,149.997), cal0:(357.806,116.591)
mouth (right) real1:(333.282,115.889), cal1:(336.238,149.38)

0.135745 -0.0244624 1.13315 0.997899
left shoulder real0:(404.13,240.937), cal0:(403.916,235.723)
left shoulder real1:(470.219,252.816), cal1:(470.773,258.111)

-0.265311 -0.09565 1.56275 0.999611
right shoulder real0:(232.075,249.341), cal0:(229.955,211.913)
right shoulder real1:(217.384,215.978), cal1:(220.78,249.904)

0.21383 0.324258 1.21035 0.552702
left elbow real0:(438.057,410.397), cal0:(438.084,409.703)
left elbow real1:(497.642,429.353), cal1:(497.719,429.956)

-0.802744 -0.146426 3.03085 0.882109
right elbow real0:(174.874,257.273), cal0:(172.831,219.662)
right elbow real1:(35.2151,236.97), cal1:(38.8832,273.371)

0.269268 0.405166 1.12407 0.335747
left wrist real0:(477.344,441.751), cal0:(475.859,465.319)
left wrist real1:(555.8,499.819), cal1:(552.725,477.171)

-0.6693 -1.65755 4.84842 0.675037
right wrist real0:(253.564,75.7057), cal0:(249.016,43.2352)
right wrist real1:(77.6123,52.5825), cal1:(79.8417,81.6635)

0.285651 0.445271 1.10019 0.315637
left pinky real0:(490.458,457.997), cal0:(487.93,491.93)
left pinky real1:(574.889,532.324), cal1:(570.489,500.745)

-0.773724 -2.65269 6.32221 0.635395
right pinky real0:(262.936,24.3099), cal0:(258.425,-3.46619)
right pinky real1:(69.9058,5.99534), cal1:(71.9257,34.5476)

0.290291 0.424805 1.13278 0.358907
left index real0:(488.247,438.881), cal0:(485.902,474.073)
left index real1:(563.709,515.827), cal1:(559.411,484.428)

-0.561978 -2.03087 4.76635 0.657381
right index real0:(266.51,25.4644), cal0:(261.115,-7.37438)
right index real1:(90.7011,-3.22864), cal1:(92.9909,29.4521)

0.27805 0.421568 1.16346 0.363235
left thumb real0:(477.582,434.016), cal0:(475.522,466.459)
left thumb real1:(547.541,508.892), cal1:(543.558,479.589)

-0.487498 -1.75082 4.47115 0.658277
right thumb real0:(271.192,44.2549), cal0:(266.446,13.362)
right thumb real1:(102.609,19.9976), cal1:(104.876,51.0631)

0.267263 0.98865 1.76824 0.0818337
left hip real0:(422.293,588.562), cal0:(422.751,584.718)
left hip real1:(409.642,574.366), cal1:(417.722,627.023)

-0.145423 1.26455 2.28269 0.0949369
right hip real0:(291.778,596.775), cal0:(293.675,581.626)
right hip real1:(228.198,569.608), cal1:(243.543,668.366)

0.347491 2.06211 2.06275 0.0135235
left knee real0:(431.602,855.972), cal0:(433.153,849.498)
left knee real1:(411.256,858.078), cal1:(423.756,922.723)

-0.08494 2.9189 2.7965 0.0243792
right knee real0:(313.094,878.266), cal0:(313.701,875.987)
right knee real1:(225.97,871.206), cal1:(257.165,1025.17)

0.541092 4.26946 2.9905 0.00114211
left ankle real0:(435.763,1120.45), cal0:(440.649,1106.71)
left ankle real1:(383.784,1156.54), cal1:(402.601,1236.63)

-0.065565 5.25303 3.51677 0.00112789
right ankle real0:(318.599,1151.83), cal0:(320.748,1146.39)
right ankle real1:(202.312,1163.51), cal1:(257.415,1384.04)

0.481802 4.31777 2.91586 0.000924213
left heel real0:(424.101,1157.77), cal0:(431.215,1138.63)
left heel real1:(378.174,1195.97), cal1:(398.991,1282.36)

-0.149581 4.80772 3.08436 0.00154116
right heel real0:(298.583,1195.61), cal0:(302.813,1185.48)
right heel real1:(191.042,1205.14), cal1:(254.402,1450.27)

2.09228 12.9311 8.33846 0.00227542
left foot index real0:(481.508,1184.09), cal0:(482.691,1180.69)
left foot index real1:(359.627,1247.55), cal1:(376.69,1316.57)

1.00754 16.8558 10.7636 0.0013334
right foot index real0:(380.221,1210.18), cal0:(388.184,1189.84)
right foot index real1:(225.979,1244.65), cal1:(266.444,1404.51)

