camera0:
0.575382 0.377612 0.999833 0.831
0.584546 0.328247 0.999745 0.84275
0.595315 0.327974 0.999755 0.85675
0.607159 0.32753 0.999752 0.861
0.548129 0.328314 0.999779 0.84875
0.532424 0.330422 0.999798 0.84925
0.517248 0.333487 0.999799 0.8475
0.618555 0.350801 0.9997 0.86725
0.485014 0.364474 0.999872 0.86325
0.59594 0.434101 0.999742 0.83825
0.552261 0.43404 0.999844 0.83425
0.723509 0.584043 0.999183 0
0.392639 0.617267 0.999249 0.63575
0.9631 0.77658 0.800636 0.7785
0.260242 0.911496 0.734511 0.56375
0.801882 0.517278 0.631939 0.804
0.386652 0.462945 0.506533 0.622
0.771629 0.431586 0.601429 0.8245
0.391186 0.357002 0.476201 0.668
0.740039 0.428938 0.629186 0
0.408076 0.340651 0.519127 0.66975
0.733864 0.459414 0.626872 0
0.414309 0.377347 0.519743 0.665
0.717676 1.24501 0.0675405 -111
0.479094 1.27767 0.059775 -111
0.73835 1.74448 0.00183051 -111
0.521907 1.78108 0.00107147 -111
0.753968 2.19141 0.000122288 -111
0.547106 2.2191 4.61959e-05 -111
0.757788 2.25134 0.000136183 -111
0.54283 2.27902 0.000110344 -111
0.752684 2.34282 0.000276327 -111
0.589267 2.3706 0.000193592 -111
camera1:
0.621614 0.341777 0.999403 0.7765
0.636213 0.285537 0.999009 0.786
0.650972 0.286671 0.998846 0.78925
0.666122 0.28835 0.998847 0.78775
0.598766 0.287642 0.998906 0.8035
0.587129 0.289166 0.998453 0.81175
0.576099 0.290672 0.998702 0.81825
0.698266 0.314726 0.998705 0.79825
0.566658 0.315574 0.999009 0.8185
0.656908 0.399737 0.999455 0.79375
0.606862 0.396574 0.999543 0.7855
0.804275 0.598778 0.99495 0.7865
0.457666 0.586942 0.997663 0.88475
0.967532 0.83613 0.809319 0.556
0.226058 0.77985 0.784973 0.72325
0.816336 0.457988 0.692736 0.61525
0.366949 0.440395 0.758634 0.7865
0.793651 0.351318 0.68248 0.6485
0.38387 0.337296 0.694149 0.763
0.778206 0.331253 0.724935 0.7085
0.410125 0.329248 0.746473 0.788
0.77368 0.365585 0.737021 0.685
0.41921 0.371135 0.766098 0.77925
0.753401 1.25124 0.00797016 -111
0.488348 1.24478 0.00894509 -111
0.73521 1.81831 0.000877744 -111
0.48916 1.80058 0.000408923 -111
0.728551 2.30991 5.59124e-05 -111
0.485042 2.30441 1.02182e-05 -111
0.734431 2.3763 3.97998e-05 -111
0.478947 2.37407 2.71633e-05 -111
0.696917 2.46941 7.00796e-05 -111
0.517307 2.47421 0.000138511 -111
fused:
0.0737319 -0.191606 1.28199 0.999833
nose real0:(368.244,181.254), cal0:(366.5,158.874)
nose real1:(397.833,164.053), cal1:(399.945,186.518)

0.0831982 -0.238763 1.24856 0.999745
left eye (inner) real0:(374.11,157.558), cal0:(371.98,133.77)
left eye (inner) real1:(407.176,137.058), cal1:(409.367,161.204)

0.0963839 -0.234909 1.23251 0.999755
left eye real0:(381.001,157.428), cal0:(378.929,134.152)
left eye real1:(416.622,137.602), cal1:(418.778,161.336)

0.11079 -0.231284 1.2183 0.999752
left eye (outer) real0:(388.582,157.214), cal0:(386.58,134.605)
left eye (outer) real1:(426.318,138.408), cal1:(428.426,161.569)

0.035197 -0.241027 1.26385 0.999779
right eye (inner) real0:(350.803,157.591), cal0:(348.679,134.084)
right eye (inner) real1:(383.21,138.068), cal1:(385.341,161.61)

0.0139412 -0.237435 1.25523 0.999798
right eye real0:(340.751,158.603), cal0:(338.62,135.016)
right eye real1:(375.763,138.8), cal1:(377.89,162.307)

-0.00635995 -0.233291 1.24585 0.999799
right eye (outer) real0:(331.039,160.074), cal0:(328.881,136.159)
right eye (outer) real1:(368.703,139.522), cal1:(370.847,163.21)

0.119969 -0.195513 1.15889 0.9997
left ear real0:(395.875,168.384), cal0:(394.14,147.306)
left ear real1:(446.89,151.069), cal1:(448.899,172.723)

-0.0468193 -0.195464 1.18907 0.999872
right ear real0:(310.409,174.947), cal0:(308.293,149.904)
right ear real1:(362.661,151.475), cal1:(364.914,175.924)

0.0992457 -0.127292 1.24009 0.999742
mouth (left) real0:(381.402,208.368), cal0:(380.028,187.007)
mouth (left) real1:(420.421,191.874), cal1:(422.523,213.341)

0.0423485 -0.134036 1.27285 0.999844
mouth (right) real0:(353.447,208.339), cal0:(351.936,185.411)
mouth (right) real1:(388.392,190.355), cal1:(390.6,213.02)

0.254003 0.0503096 1.16512 0.999183
left shoulder real0:(463.046,280.34), cal0:(462.918,274.647)
left shoulder real1:(514.736,287.413), cal1:(515.388,293.333)

-0.17392 0.0439577 1.28357 0.999249
right shoulder real0:(251.289,296.288), cal0:(250.546,269.279)
right shoulder real1:(292.907,281.732), cal1:(295.577,306.334)

0.606321 0.293979 1.28224 0.809319
left elbow real0:(616.384,372.758), cal0:(616.026,386.485)
left elbow real1:(619.221,401.342), cal1:(617.405,386.756)

-0.438197 0.302695 1.60599 0.784973
right elbow real0:(166.555,437.518), cal0:(168.029,361.97)
right elbow real1:(144.677,374.328), cal1:(151.411,429.295)

0.386592 -0.0579191 1.28991 0.692736
left wrist real0:(513.205,248.294), cal0:(512,221.712)
left wrist real1:(522.455,219.834), cal1:(524.9,243.488)

-0.225453 -0.153988 1.56228 0.758634
right wrist real0:(247.457,222.214), cal0:(245.252,189.46)
right wrist real1:(234.847,211.389), cal1:(236.151,224.821)

0.333433 -0.159638 1.25562 0.68248
left pinky real0:(493.843,207.161), cal0:(491.483,172.288)
left pinky real1:(507.936,168.632), cal1:(510.749,197.651)

-0.208553 -0.261213 1.4894 0.694149
right pinky real0:(250.359,171.361), cal0:(247.826,143.295)
right pinky real1:(245.677,161.902), cal1:(246.795,174.247)

0.28132 -0.168004 1.21747 0.724935
left index real0:(473.625,205.89), cal0:(470.767,165.764)
left index real1:(498.052,159.001), cal1:(501.132,191.115)

-0.177018 -0.265824 1.45612 0.746473
right index real0:(261.168,163.513), cal0:(258.914,138.983)
right index real1:(262.48,158.039), cal1:(263.487,169.223)

0.275633 -0.137845 1.22495 0.737021
left thumb real0:(469.673,220.518), cal0:(467.129,181.067)
left thumb real1:(495.155,175.481), cal1:(498.104,205.622)

-0.166616 -0.221516 1.45563 0.766098
right thumb real0:(265.158,181.126), cal0:(263.183,157.24)
right thumb real1:(268.294,178.145), cal1:(269.252,188.484)

0.314212 0.859247 1.48158 0.0675405
left hip real0:(459.313,597.607), cal0:(459.357,597.24)
left hip real1:(482.176,600.594), cal1:(485.984,625.221)

-0.0664431 0.962323 1.59676 0.059775
right hip real0:(306.62,613.279), cal0:(306.95,610.895)
right hip real1:(312.542,597.495), cal1:(326.954,687.823)

0.446402 1.84893 1.89805 0.00183051
left knee real0:(472.544,837.351), cal0:(473.241,834.131)
left knee real1:(470.534,872.788), cal1:(472.833,884.867)

0.0204109 1.98663 2.0245 0.00107147
right knee real0:(334.021,854.921), cal0:(338.005,838.442)
right knee real1:(313.062,864.277), cal1:(330.768,955.244)

0.588511 3.08476 2.32427 0.000122288
left ankle real0:(482.539,1051.88), cal0:(484.063,1046.32)
left ankle real1:(466.273,1108.76), cal1:(470.823,1128.82)

0.0823089 3.19015 2.37123 4.61959e-05
right ankle real0:(350.148,1065.17), cal0:(352.801,1057.24)
right ankle real1:(310.427,1106.11), cal1:(338.373,1227.66)

0.593679 3.19915 2.31927 0.000136183
left heel real0:(484.984,1080.64), cal0:(485.729,1077.68)
left heel real1:(470.036,1140.62), cal1:(475.615,1164.76)

0.0763396 3.35533 2.41477 0.000110344
right heel real0:(347.411,1093.93), cal0:(350.94,1083.77)
right heel real1:(306.526,1139.55), cal1:(335.769,1264.23)

0.684196 3.95857 2.72952 0.000276327
left foot index real0:(481.718,1124.55), cal0:(482.539,1120.3)
left foot index real1:(446.027,1185.32), cal1:(455.09,1222.69)

0.311149 4.36073 3.11 0.000193592
right foot index real0:(377.131,1137.89), cal0:(392.053,1091.38)
right foot index real1:(331.076,1187.62), cal1:(346.891,1252.25)

