camera0:
0.638214 0.269869 0.999738 0.7385
0.655281 0.218622 0.999565 0.731
0.666484 0.222437 0.999523 0.7255
0.676764 0.225636 0.999442 0.7335
0.615361 0.210848 0.999691 0.74525
0.599742 0.209957 0.999737 0.744
0.583113 0.20929 0.999741 0.74475
0.678349 0.254554 0.999451 0.74425
0.545377 0.239677 0.999895 0.77
0.645659 0.334614 0.999807 0.73575
0.604834 0.330302 0.99992 0.748
0.746305 0.563576 0.998561 0
0.394308 0.54341 0.999673 0.51675
0.826313 0.877268 0.607577 0.79225
0.377301 0.872065 0.893155 0.55225
0.883183 0.743912 0.542874 0.7345
0.461814 0.925792 0.756337 0.5405
0.948172 0.726518 0.506694 0
0.478496 0.958569 0.740408 0.5505
0.934618 0.677557 0.530001 1.885
0.490571 0.906474 0.759074 0.549
0.911417 0.700825 0.531266 1.89625
0.492378 0.898304 0.760549 0.54975
0.716265 1.26415 0.120432 -111
0.46275 1.27138 0.149506 -111
0.718328 1.85903 0.0118516 -111
0.482579 1.87178 0.0196133 -111
0.720991 2.41517 0.000884305 -111
0.491584 2.42187 0.000803357 -111
0.722919 2.48433 0.000684673 -111
0.479081 2.49288 0.00109795 -111
0.705289 2.58507 0.00158735 -111
0.536772 2.5801 0.000951091 -111
camera1:
0.603196 0.205721 0.999228 0.67325
0.632225 0.139472 0.998768 0.68325
0.650935 0.142023 0.998777 0.68125
0.668761 0.145222 0.998672 0.6795
0.580599 0.139116 0.998923 0.6995
0.564301 0.140955 0.998958 0.70325
0.548028 0.143272 0.999067 0.7175
0.705867 0.1753 0.99865 0.693
0.537225 0.172641 0.998939 0.7215
0.638428 0.272547 0.999099 0.67625
0.581536 0.271321 0.999135 0.68725
0.837384 0.509515 0.991262 0.7755
0.452358 0.501249 0.998307 0.7635
0.898489 0.921903 0.57121 0.49425
0.313437 0.867271 0.847523 0.56675
0.758068 0.836771 0.388833 0
0.182649 0.555942 0.790931 2.549
0.708941 0.809323 0.351887 0
0.117077 0.450252 0.732172 1.138
0.691713 0.743118 0.395346 0.7385
0.136153 0.416191 0.754045 3.54275
0.704829 0.760542 0.389221 0
0.167471 0.458494 0.752121 3.45025
0.784277 1.2937 0.0225657 -111
0.512957 1.28007 0.0429717 -111
0.764599 1.87514 0.0442031 -111
0.493596 1.89649 0.0409964 -111
0.719183 2.46427 0.00386565 -111
0.470768 2.47041 0.00294625 -111
0.727598 2.55162 0.00273686 -111
0.475849 2.56041 0.00244507 -111
0.650409 2.62945 0.00232607 -111
0.45149 2.64019 0.00183416 -111
fused:
0.187943 -0.386445 1.5421 0.999738
nose real0:(408.457,129.537), cal0:(405.166,98.0921)
nose real1:(386.045,98.746), cal1:(388.864,131.34)

0.201514 -0.432201 1.45284 0.999565
left eye (inner) real0:(419.38,104.938), cal0:(415.276,69.9109)
left eye (inner) real1:(404.624,66.9465), cal1:(407.682,103.8)

0.213111 -0.41659 1.41421 0.999523
left eye real0:(426.55,106.77), cal0:(422.479,71.6618)
left eye real1:(416.598,68.1712), cal1:(419.688,105.262)

0.222847 -0.401787 1.37768 0.999442
left eye (outer) real0:(433.129,108.305), cal0:(429.125,73.4251)
left eye (outer) real1:(428.007,69.7064), cal1:(431.102,106.703)

0.147409 -0.460871 1.53016 0.999691
right eye (inner) real0:(393.831,101.207), cal0:(389.823,67.685)
right eye (inner) real1:(371.584,66.7755), cal1:(374.444,101.523)

0.123073 -0.463776 1.54206 0.999737
right eye real0:(383.835,100.779), cal0:(379.895,67.9502)
right eye real1:(361.153,67.6585), cal1:(363.934,101.492)

0.0963883 -0.46458 1.54878 0.999741
right eye (outer) real0:(373.193,100.459), cal0:(369.336,68.4226)
right eye (outer) real1:(350.738,68.7707), cal1:(353.431,101.579)

0.20597 -0.333667 1.25482 0.999451
left ear real0:(434.143,122.186), cal0:(430.559,88.8899)
left ear real1:(451.755,84.1442), cal1:(454.778,119.454)

0.0325734 -0.397677 1.44868 0.999895
right ear real0:(349.042,115.045), cal0:(345.456,83.7205)
right ear real1:(343.824,82.8676), cal1:(346.47,114.468)

0.187436 -0.280805 1.4323 0.999807
mouth (left) real0:(413.222,160.615), cal0:(410.566,130.873)
mouth (left) real1:(408.594,130.823), cal1:(411.385,161.561)

0.133027 -0.30415 1.52437 0.99992
mouth (right) real0:(387.094,158.545), cal0:(384.375,128.785)
mouth (right) real1:(372.183,130.234), cal1:(374.914,160.512)

0.266162 0.00136629 1.10292 0.998561
left shoulder real0:(477.635,270.516), cal0:(476.927,249.441)
left shoulder real1:(535.926,244.567), cal1:(538.318,266.97)

-0.173639 -0.0344919 1.28974 0.999673
right shoulder real0:(252.357,260.837), cal0:(251.067,232.625)
right shoulder real1:(289.509,240.599), cal1:(292.189,266.557)

0.39135 0.35677 1.19599 0.607577
left elbow real0:(528.841,421.089), cal0:(528.529,427.974)
left elbow real1:(575.033,442.513), cal1:(573.989,434.507)

-0.283558 0.433052 1.90409 0.893155
right elbow real0:(241.472,418.591), cal0:(242.482,385.381)
right elbow real1:(200.599,416.29), cal1:(204.605,448.136)

0.87623 0.438517 2.25788 0.542874
left wrist real0:(565.237,357.078), cal0:(565.091,365.418)
left wrist real1:(485.164,401.65), cal1:(483.085,384.603)

-0.387432 0.672815 6.27134 0.790931
right wrist real0:(295.561,444.38), cal0:(294.834,313.173)
right wrist real1:(116.895,266.852), cal1:(129.265,374.394)

2.04438 0.782792 4.46912 0.506694
left pinky real0:(606.83,348.729), cal0:(606.765,353.963)
left pinky real1:(453.722,388.475), cal1:(452.329,376.904)

-1.84575 3.40147 40.11 0.740408
right pinky real0:(306.238,460.113), cal0:(304.303,299.663)
right pinky real1:(74.9292,216.121), cal1:(91.6628,363.729)

2.0138 0.593217 4.54467 0.530001
left index real0:(598.156,325.227), cal0:(598.153,327.144)
left index real1:(442.697,356.697), cal1:(442.266,353.018)

-0.940683 1.42362 26.6081 0.759074
right index real0:(313.965,435.107), cal0:(310.709,280.852)
right index real1:(87.1378,199.771), cal1:(102.824,341.791)

1.4518 0.514873 3.47002 0.531266
left thumb real0:(583.307,336.396), cal0:(583.298,337.87)
left thumb real1:(451.091,365.06), cal1:(450.746,362.151)

-0.383846 0.844026 12.0619 0.760549
right thumb real0:(315.122,431.186), cal0:(312.83,290.751)
right thumb real1:(107.181,220.077), cal1:(121.781,350.621)

0.28787 0.813532 1.36696 0.120432
left hip real0:(458.41,606.792), cal0:(458.464,606.368)
left hip real1:(501.937,620.975), cal1:(503.705,632.308)

-0.0842105 0.856149 1.44845 0.149506
right hip real0:(296.16,610.261), cal0:(297.021,603.927)
right hip real1:(328.292,614.435), cal1:(338.602,679.355)

0.390688 1.71425 1.7084 0.0442031
left knee real0:(459.73,892.333), cal0:(469.335,851.742)
left knee real1:(489.343,900.068), cal1:(489.837,902.634)

-0.00934661 1.89735 2.02696 0.0409964
right knee real0:(308.85,898.454), cal0:(329.178,811.255)
right knee real1:(315.901,910.314), cal1:(318.98,926.42)

0.657245 3.63112 2.58823 0.00386565
left ankle real0:(461.435,1159.28), cal0:(484.504,1091.84)
left ankle real1:(460.277,1182.85), cal1:(460.945,1185.76)

0.146883 4.15201 3.20502 0.00294625
right ankle real0:(314.614,1162.5), cal0:(359.481,1027.26)
right ankle real1:(301.292,1185.8), cal1:(303.035,1193.5)

0.657809 3.75946 2.5695 0.00273686
left heel real0:(462.668,1192.48), cal0:(485.748,1128.01)
left heel real1:(465.662,1224.78), cal1:(466.439,1228.07)

0.0975061 3.98036 2.92094 0.00244507
right heel real0:(306.612,1196.58), cal0:(352.003,1067.66)
right heel real1:(304.543,1229), cal1:(309.124,1248.61)

0.914462 5.69977 3.73059 0.00232607
left foot index real0:(451.385,1240.83), cal0:(479.21,1166.91)
left foot index real1:(416.262,1262.14), cal1:(422.937,1289.64)

0.531262 7.93126 5.51917 0.00183416
right foot index real0:(343.534,1238.45), cal0:(389.776,1112.34)
right foot index real1:(288.954,1267.29), cal1:(295.106,1293.03)

