camera0:
0.788068 0.251478 0.9992 0.5885
0.80744 0.186171 0.998932 0.579
0.819427 0.189366 0.998888 0.5925
0.830306 0.191928 0.998399 0.6215
0.756165 0.180101 0.999285 0.604
0.735581 0.179831 0.999442 0.6045
0.715413 0.179735 0.999389 0.59775
0.820126 0.217792 0.998589 0.589
0.660885 0.207154 0.999678 0.619
0.797919 0.321568 0.999048 0.56175
0.743998 0.316831 0.999657 0
0.809519 0.526698 0.987493 0.78475
0.480476 0.542841 0.99467 0
0.877363 0.757527 0.439466 0.78975
0.366296 0.937284 0.875735 0.922
1.05176 0.783174 0.454813 -111
0.438328 1.12791 0.706728 -111
1.11496 0.808403 0.442269 -111
0.44851 1.22075 0.669622 -111
1.11275 0.791048 0.466007 -111
0.47748 1.17192 0.696256 -111
1.07771 0.792808 0.469333 -111
0.475794 1.13797 0.682996 -111
0.754171 1.2758 0.115679 -111
0.525628 1.29815 0.122438 -111
0.744094 1.79209 0.0262138 -111
0.544559 1.84663 0.0346054 -111
0.758732 2.31627 0.00322533 -111
0.539564 2.38522 0.0043063 -111
0.746349 2.40348 0.00208227 -111
0.501878 2.47457 0.00386583 -111
0.823904 2.47376 0.0107843 -111
0.660799 2.53362 0.00859171 -111
camera1:
0.572929 0.208888 0.994255 0.5155
0.6055 0.123481 0.991786 0.5195
0.626294 0.127443 0.992416 0.5195
0.644531 0.132151 0.991719 0.51925
0.557966 0.120044 0.99062 0.491
0.545413 0.121178 0.990999 0.5025
0.530285 0.124581 0.9913 0.5065
0.690269 0.167055 0.991316 0.542
0.528346 0.157079 0.991863 0.52775
0.613008 0.281864 0.994914 0.5275
0.557174 0.285673 0.99441 0.52175
0.817922 0.535843 0.980682 0.6055
0.368503 0.530294 0.989602 0.67175
0.97279 0.915374 0.604717 0.49025
0.0788881 0.682312 0.655878 0.6745
0.973768 0.747479 0.445468 0
-0.00502003 0.416422 0.622317 -111
0.964159 0.708193 0.408302 0
-0.0417491 0.343942 0.570661 -111
0.93998 0.63794 0.434862 0
-0.0119081 0.258312 0.595124 -111
0.925509 0.667737 0.431142 0
0.0384627 0.317713 0.598937 0.506
0.76449 1.35808 0.0193796 -111
0.452665 1.3646 0.0318581 -111
0.766827 2.00804 0.033031 -111
0.485184 2.01147 0.0275758 -111
0.771874 2.59192 0.00930016 -111
0.491537 2.5902 0.00556626 -111
0.777606 2.6842 0.0091641 -111
0.491839 2.67991 0.00759546 -111
0.744031 2.78923 0.0106067 -111
0.539931 2.78603 0.00746923 -111
fused:
0.912104 -0.858304 3.23923 0.9992
nose real0:(504.363,120.709), cal0:(501.112,89.4526)
nose real1:(366.674,100.266), cal1:(369.624,134.304)

0.840105 -0.911796 2.79713 0.998932
left eye (inner) real0:(516.761,89.3619), cal0:(512.385,52.7899)
left eye (inner) real1:(387.52,59.2707), cal1:(390.867,99.9511)

0.823273 -0.848016 2.62792 0.998888
left eye real0:(524.433,90.8955), cal0:(520.155,54.7617)
left eye real1:(400.828,61.1725), cal1:(404.16,101.491)

0.812479 -0.798242 2.49924 0.998399
left eye (outer) real0:(531.396,92.1254), cal0:(527.251,56.7458)
left eye (outer) real1:(412.5,63.4324), cal1:(415.79,103.083)

0.703293 -0.943065 2.86217 0.999285
right eye (inner) real0:(483.945,86.4485), cal0:(479.568,50.676)
right eye (inner) real1:(357.098,57.6213), cal1:(360.297,96.8577)

0.620964 -0.911679 2.77357 0.999442
right eye real0:(470.772,86.3188), cal0:(466.451,51.1516)
right eye real1:(349.065,58.1654), cal1:(352.182,96.4643)

0.554399 -0.895047 2.7365 0.999389
right eye (outer) real0:(457.864,86.2728), cal0:(453.659,52.1278)
right eye (outer) real1:(339.382,59.799), cal1:(342.383,96.7018)

0.614936 -0.56881 1.94954 0.998589
left ear real0:(524.881,104.54), cal0:(521.444,73.3499)
left ear real1:(441.772,80.1862), cal1:(444.737,115.091)

0.317424 -0.654946 2.18278 0.999678
right ear real0:(422.966,99.434), cal0:(419.312,68.37)
right ear real1:(338.142,75.3978), cal1:(340.869,108.32)

0.801296 -0.559045 2.73194 0.999048
mouth (left) real0:(510.668,154.353), cal0:(508.156,125.715)
mouth (left) real1:(392.325,135.295), cal1:(395.157,166.34)

0.683561 -0.596349 2.89633 0.999657
mouth (right) real0:(476.159,152.079), cal0:(473.734,124.955)
mouth (right) real1:(356.592,137.123), cal1:(359.215,166.034)

0.412209 -0.00812174 1.33232 0.987493
left shoulder real0:(518.092,252.815), cal0:(517.82,245.033)
left shoulder real1:(523.47,257.204), cal1:(524.364,265.611)

-0.0947866 -0.0484426 2.23173 0.99467
right shoulder real0:(307.505,260.564), cal0:(306.432,235.652)
right shoulder real1:(235.842,254.541), cal1:(238.289,278.065)

0.412005 0.295816 1.08692 0.604717
left elbow real0:(561.512,363.613), cal0:(559.672,412.261)
left elbow real1:(622.586,439.379), cal1:(619.122,412.328)

-0.933875 1.18604 5.86286 0.875735
right elbow real0:(234.43,449.896), cal0:(236.254,370.274)
right elbow real1:(50.4884,327.51), cal1:(65.3785,448.043)

0.851622 0.297611 1.49896 0.454813
left wrist real0:(673.125,375.924), cal0:(673.266,368.02)
left wrist real1:(623.212,358.79), cal1:(624.336,368.006)

-1458.02 2134.81 13473.4 0.706728
right wrist real0:(280.53,541.397), cal0:(266.936,343.921)
right wrist real1:(-3.21282,199.882), cal1:(39.0243,419.937)

1.15719 0.359683 1.81996 0.442269
left pinky real0:(713.577,388.033), cal0:(713.934,367.471)
left pinky real1:(617.061,339.933), cal1:(620.404,367.363)

-1851.11 2940.33 16314.2 0.669622
right pinky real0:(287.046,585.958), cal0:(263.782,357.013)
right pinky real1:(-26.7194,165.092), cal1:(35.5632,435.56)

1.24469 0.318442 1.96521 0.466007
left index real0:(712.157,379.703), cal0:(712.45,346.081)
left index real1:(601.587,306.211), cal1:(606.837,350.228)

-1450.94 2261.33 16715.8 0.696256
right index real0:(305.587,562.523), cal0:(279.801,329.999)
right index real1:(-7.62118,123.99), cal1:(54.4319,402.046)

1.13376 0.329443 1.90201 0.469333
left thumb real0:(689.735,380.548), cal0:(690.055,352.793)
left thumb real1:(592.326,320.514), cal1:(596.775,357.556)

-899.743 1800.08 13305.2 0.682996
right thumb real0:(304.508,546.224), cal0:(291.322,330.005)
right thumb real1:(24.6161,152.502), cal1:(68.4999,400.366)

0.410789 0.99229 1.63793 0.115679
left hip real0:(482.669,612.386), cal0:(482.618,612.785)
left hip real1:(489.274,651.88), cal1:(487.168,638.423)

0.0183246 1.37741 2.23125 0.122438
right hip real0:(336.402,623.11), cal0:(336.882,619.7)
right hip real1:(289.706,655.008), cal1:(296.619,698.105)

0.399779 1.87657 1.75782 0.033031
left knee real0:(476.22,860.202), cal0:(468.579,890.283)
left knee real1:(490.769,963.859), cal1:(487.504,947.398)

0.0895768 2.58345 2.5094 0.0346054
right knee real0:(348.518,886.385), cal0:(353.393,867.417)
right knee real1:(310.518,965.505), cal1:(315.305,989.509)

0.481729 2.99634 2.01992 0.00930016
left ankle real0:(485.588,1111.81), cal0:(475.223,1140.2)
left ankle real1:(493.999,1244.12), cal1:(493.339,1241.35)

0.168931 4.25498 3.04177 0.00556626
right ankle real0:(345.321,1144.9), cal0:(365.313,1089.39)
right ankle real1:(314.584,1243.3), cal1:(320.528,1268.42)

0.445014 3.00599 1.94837 0.0091641
left heel real0:(477.663,1153.67), cal0:(469.164,1175.91)
left heel real1:(497.668,1288.42), cal1:(497.443,1287.5)

0.0858084 3.94475 2.75704 0.00759546
right heel real0:(321.202,1187.79), cal0:(350.646,1108.58)
right heel real1:(314.777,1286.36), cal1:(318.46,1301.64)

1.05965 5.5136 3.43567 0.0107843
left foot index real0:(527.298,1187.41), cal0:(517.24,1213.17)
left foot index real1:(476.18,1338.83), cal1:(470.829,1317.26)

0.869601 8.14732 5.19215 0.00859171
right foot index real0:(422.911,1216.14), cal0:(432.566,1191.74)
right foot index real1:(345.556,1337.3), cal1:(351.73,1361.99)

