camera0:
0.573181 0.388077 0.999857 0.81425
0.585503 0.341262 0.999753 0.83325
0.597364 0.342917 0.999772 0.84025
0.609805 0.344954 0.999767 0.849
0.547778 0.339549 0.999786 0.83225
0.53264 0.341074 0.999808 0.8295
0.517213 0.343752 0.999809 0.82875
0.614289 0.368937 0.999727 0.84825
0.485854 0.373625 0.999867 0.84625
0.591353 0.441409 0.99979 0.817
0.548522 0.442545 0.999865 0.818
0.672464 0.617721 0.999481 0.933
0.385836 0.652576 0.999396 0.82725
0.849986 0.875292 0.846285 0.62025
0.341669 0.981643 0.851339 0.669
0.75758 0.904568 0.764773 0.54125
0.65929 0.936243 0.701152 0
0.755566 0.927179 0.713633 0.53225
0.733751 0.91908 0.630476 0.5415
0.725608 0.891513 0.729239 0.72725
0.74303 0.889421 0.655231 0.59075
0.718078 0.894794 0.723234 0
0.713803 0.890618 0.651814 0.8375
0.679557 1.22457 0.0737874 -111
0.444132 1.25431 0.0666824 -111
0.700538 1.73522 0.00662114 -111
0.484941 1.77139 0.0044659 -111
0.696211 2.22741 0.000884423 -111
0.481047 2.2659 0.000446965 -111
0.694965 2.2949 0.00136518 -111
0.471874 2.34366 0.000879584 -111
0.678733 2.38935 0.000768837 -111
0.518874 2.40506 0.00062704 -111
camera1:
0.589725 0.340828 0.999057 0.774
0.612259 0.287312 0.998916 0.783
0.627615 0.288179 0.998714 0.78075
0.643744 0.28955 0.998763 0.7765
0.583461 0.291953 0.998847 0.76825
0.576658 0.295694 0.998431 0.78925
0.569611 0.299382 0.998675 0.804
0.693148 0.314298 0.998758 0.7925
0.583412 0.32642 0.99864 0.767
0.627094 0.398102 0.999173 0.77525
0.584572 0.402319 0.998939 0.7785
0.827933 0.599011 0.989759 0.8015
0.497786 0.611364 0.995037 0.879
0.962968 0.941807 0.791096 0.6665
0.329368 0.914492 0.780845 0.5235
0.686608 0.85903 0.743316 0.5325
0.412412 0.803572 0.814563 0.83875
0.618865 0.859343 0.713063 0.7345
0.413103 0.74241 0.754538 0.85075
0.629599 0.784228 0.745455 0.76975
0.447004 0.712998 0.790217 0.843
0.647751 0.798063 0.735441 0.76375
0.448574 0.73202 0.787753 0.841
0.764891 1.27829 0.00937836 -111
0.52597 1.26021 0.0123972 -111
0.69861 1.82259 0.0053798 -111
0.470784 1.79555 0.00321183 -111
0.691174 2.35477 0.000294399 -111
0.46966 2.309 0.000158744 -111
0.711705 2.4414 0.000113183 -111
0.475527 2.38227 0.000196182 -111
0.617232 2.47826 0.000302483 -111
0.449378 2.47205 0.000640746 -111
fused:
0.0759129 -0.204177 1.3873 0.999857
nose real0:(366.836,186.277), cal0:(364.822,160.246)
nose real1:(377.424,163.598), cal1:(379.877,189.647)

0.0894836 -0.248266 1.33141 0.999753
left eye (inner) real0:(374.722,163.806), cal0:(372.325,136.632)
left eye (inner) real1:(391.845,137.91), cal1:(394.352,165.426)

0.105013 -0.243404 1.31468 0.999772
left eye real0:(382.313,164.6), cal0:(379.935,137.429)
left eye real1:(401.674,138.326), cal1:(404.198,165.975)

0.120855 -0.237949 1.29711 0.999767
left eye (outer) real0:(390.275,165.578), cal0:(387.923,138.449)
left eye (outer) real1:(411.996,138.984), cal1:(414.534,166.716)

0.0357585 -0.243338 1.3136 0.999786
right eye (inner) real0:(350.578,162.984), cal0:(348.302,137.367)
right eye (inner) real1:(373.415,140.138), cal1:(375.742,165.735)

0.0144653 -0.235956 1.29036 0.999808
right eye real0:(340.89,163.716), cal0:(338.683,138.8)
right eye real1:(369.061,141.933), cal1:(371.316,166.719)

-0.00652829 -0.228227 1.26744 0.999809
right eye (outer) real0:(331.016,165.001), cal0:(328.854,140.478)
right eye (outer) real1:(364.551,143.703), cal1:(366.761,167.952)

0.11436 -0.187634 1.16156 0.999727
left ear real0:(393.145,177.09), cal0:(391.096,151.616)
left ear real1:(443.615,150.863), cal1:(446.049,176.956)

-0.0439471 -0.17884 1.1486 0.999867
right ear real0:(310.947,179.34), cal0:(308.962,155.122)
right ear real1:(373.384,156.681), cal1:(375.581,180.348)

0.0991099 -0.134836 1.32449 0.99979
mouth (left) real0:(378.466,211.876), cal0:(376.902,187.515)
mouth (left) real1:(401.34,191.089), cal1:(403.73,215.488)

0.0390395 -0.134704 1.33739 0.999865
mouth (right) real0:(351.054,212.421), cal0:(349.485,188.165)
mouth (right) real1:(374.126,193.113), cal1:(376.465,217.03)

0.164005 0.059284 1.00332 0.999481
left shoulder real0:(430.377,296.506), cal0:(430.15,284.208)
left shoulder real1:(529.877,287.525), cal1:(531.293,300.261)

-0.165026 0.0685499 1.15826 0.999396
right shoulder real0:(246.935,313.237), cal0:(246.353,284.265)
right shoulder real1:(318.583,293.455), cal1:(321.512,319.911)

0.375928 0.330424 1.06855 0.846285
left elbow real0:(543.991,420.14), cal0:(543.303,434.537)
left elbow real1:(616.3,452.067), cal1:(614.057,434.957)

-0.297046 0.461966 1.61005 0.851339
right elbow real0:(218.668,471.188), cal0:(221.11,421.136)
right elbow real1:(210.796,438.956), cal1:(217.412,489.307)

0.498683 0.526509 1.94802 0.764773
left wrist real0:(484.851,434.193), cal0:(485.741,411.131)
left wrist real1:(439.429,412.335), cal1:(442.544,436.615)

0.997426 1.46453 6.52901 0.814563
right wrist real0:(421.946,449.397), cal0:(423.726,383.505)
right wrist real1:(263.943,385.715), cal1:(269.74,432.174)

0.675221 0.725901 2.65346 0.713633
left pinky real0:(483.562,445.046), cal0:(484.823,413.107)
left pinky real1:(396.073,412.485), cal1:(400.136,444.09)

13.3362 10.9674 57.6847 0.754538
right pinky real0:(469.601,441.158), cal0:(470.839,362.96)
right pinky real1:(264.386,356.357), cal1:(271.014,409.642)

0.479086 0.491696 2.15432 0.745455
left index real0:(464.389,427.926), cal0:(465.548,385.864)
left index real1:(402.943,376.429), cal1:(407.91,416.179)

3.42826 2.4117 14.2556 0.790217
right index real0:(475.539,426.922), cal0:(476.423,350.369)
right index real1:(286.082,342.239), cal1:(292.32,394.165)

0.417715 0.460848 1.94871 0.735441
left thumb real0:(459.57,429.501), cal0:(460.725,390.824)
left thumb real1:(414.56,383.07), cal1:(419.192,419.933)

1.64866 1.39793 7.8676 0.787753
right thumb real0:(456.834,427.497), cal0:(457.839,355.482)
right thumb real1:(287.088,351.37), cal1:(292.909,399.543)

0.226175 0.744356 1.3195 0.0737874
left hip real0:(434.916,587.795), cal0:(434.925,587.725)
left hip real1:(489.53,613.58), cal1:(490.145,617.579)

-0.104521 0.773948 1.32695 0.0666824
right hip real0:(284.245,602.07), cal0:(284.627,599.224)
right hip real1:(336.621,604.903), cal1:(347.615,674.342)

0.378007 1.84343 1.92194 0.00662114
left knee real0:(448.344,832.907), cal0:(450.106,825.134)
left knee real1:(447.111,874.842), cal1:(449.051,885.113)

-0.0390059 1.83942 1.97465 0.0044659
right knee real0:(310.363,850.266), cal0:(320.081,808.524)
right knee real1:(301.302,861.864), cal1:(313.685,926.672)

0.409969 2.89477 2.1342 0.000884423
left ankle real0:(445.575,1069.16), cal0:(447.352,1063.86)
left ankle real1:(442.351,1130.29), cal1:(451.189,1169.16)

-0.049292 2.61922 1.93304 0.000446965
right ankle real0:(307.87,1087.63), cal0:(316.629,1063.02)
right ankle real1:(300.583,1108.32), cal1:(334.622,1253.16)

0.371531 2.80303 1.97604 0.00136518
left heel real0:(444.778,1101.55), cal0:(444.902,1101.2)
left heel real1:(455.491,1171.87), cal1:(465.149,1213.19)

-0.0736425 2.51642 1.75035 0.000879584
right heel real0:(301.999,1124.96), cal0:(306.672,1112.71)
right heel real1:(304.337,1143.49), cal1:(348.15,1322.54)

0.49776 4.07025 2.7698 0.000768837
left foot index real0:(434.389,1146.89), cal0:(439.911,1131.85)
left foot index real1:(395.029,1189.56), cal1:(413.362,1266.19)

0.170255 4.66382 3.41464 0.000640746
right foot index real0:(332.079,1154.43), cal0:(361.902,1069.54)
right foot index real1:(287.602,1186.58), cal1:(301.97,1248.16)

