camera0:
0.540547 0.399638 0.999881 0.82175
0.563942 0.349033 0.999794 0.82775
0.577001 0.351557 0.999805 0.80675
0.58956 0.355019 0.999804 0.80675
0.526445 0.346492 0.999818 0.8295
0.515349 0.346308 0.999829 0.83475
0.50499 0.346483 0.999834 0.83625
0.611605 0.38337 0.999776 0.83875
0.487153 0.372423 0.99988 0.85025
0.570895 0.450374 0.999831 0.81675
0.520428 0.449857 0.999885 0.837
0.717299 0.65209 0.999545 0.924
0.3829 0.650595 0.999422 0.82775
0.896391 0.912352 0.847534 0.81875
0.302656 0.898389 0.849011 0.56225
0.900851 0.663905 0.778267 0.702
0.490883 0.559091 0.712563 0.5455
0.913028 0.579026 0.728001 0.69175
0.500484 0.451881 0.651243 0.85375
0.88391 0.547132 0.751296 0.665
0.501607 0.429691 0.677335 0.84725
0.874949 0.584674 0.746589 0.67575
0.508324 0.464639 0.678474 0.8555
0.688255 1.29746 0.0558585 -111
0.449866 1.30579 0.050514 -111
0.687861 1.82528 0.00507136 -111
0.471977 1.83105 0.00341059 -111
0.686758 2.30525 0.000659483 -111
0.475729 2.29767 0.000328971 -111
0.690577 2.36713 0.00100525 -111
0.46712 2.35599 0.000647568 -111
0.666104 2.44888 0.000582571 -111
0.509845 2.45676 0.000469586 -111
camera1:
0.59069 0.340531 0.999141 0.77525
0.606494 0.280467 0.998914 0.77875
0.620976 0.27975 0.998719 0.78475
0.635924 0.278976 0.998708 0.784
0.578619 0.285499 0.99895 0.80325
0.572072 0.287752 0.998636 0.80575
0.565443 0.290266 0.99886 0.8065
0.68595 0.302008 0.998742 0.7835
0.578553 0.312737 0.998877 0.7915
0.627406 0.395021 0.999262 0.77325
0.583086 0.396481 0.999114 0.78225
0.83429 0.581558 0.989079 0.6585
0.469421 0.607833 0.996031 0.8835
0.950256 0.937502 0.761027 0.55125
0.266959 0.888055 0.805283 0.755
0.832232 0.680187 0.727808 0.51625
0.279285 0.620832 0.846798 0.65425
0.799636 0.60078 0.698451 0.519
0.279971 0.523764 0.796451 0.61225
0.798238 0.516794 0.72974 0
0.312721 0.488922 0.827421 0.62675
0.801354 0.584548 0.723139 0.537
0.341313 0.532472 0.825093 0.66125
0.785219 1.31323 0.00934546 -111
0.523932 1.31406 0.0141653 -111
0.781612 1.88037 0.00420329 -111
0.543032 1.88955 0.00251426 -111
0.794348 2.38085 0.000238444 -111
0.56092 2.38386 0.000119663 -111
0.809021 2.44681 9.29177e-05 -111
0.55884 2.44294 0.000150928 -111
0.744198 2.5401 0.000236621 -111
0.585598 2.55575 0.000487199 -111
fused:
0.0251678 -0.180649 1.27649 0.999881
nose real0:(345.95,191.826), cal0:(343.793,163.645)
nose real1:(378.042,163.455), cal1:(380.676,191.362)

0.0560699 -0.237609 1.28113 0.999794
left eye (inner) real0:(360.923,167.536), cal0:(358.241,137.233)
left eye (inner) real1:(388.156,134.624), cal1:(390.93,165.099)

0.0732801 -0.234659 1.27184 0.999805
left eye real0:(369.281,168.747), cal0:(366.563,137.813)
left eye real1:(397.424,134.28), cal1:(400.276,165.553)

0.0892893 -0.230593 1.25916 0.999804
left eye (outer) real0:(377.318,170.409), cal0:(374.549,138.638)
left eye (outer) real1:(406.991,133.909), cal1:(409.94,166.178)

0.00512456 -0.232656 1.26171 0.999818
right eye (inner) real0:(336.925,166.316), cal0:(334.388,137.877)
right eye (inner) real1:(370.316,137.04), cal1:(372.879,165.261)

-0.00958047 -0.2294 1.25054 0.999829
right eye real0:(329.824,166.228), cal0:(327.345,138.452)
right eye real1:(366.126,138.121), cal1:(368.621,165.594)

-0.023103 -0.226368 1.24178 0.999834
right eye (outer) real0:(323.194,166.312), cal0:(320.771,139.141)
right eye (outer) real1:(361.884,139.328), cal1:(364.314,166.089)

0.110931 -0.188225 1.17093 0.999776
left ear real0:(391.427,184.018), cal0:(388.863,152.09)
left ear real1:(439.008,144.964), cal1:(442.056,177.617)

-0.0434088 -0.187951 1.1611 0.99988
right ear real0:(311.778,178.763), cal0:(309.488,151.414)
right ear real1:(370.274,150.114), cal1:(372.744,176.853)

0.0664928 -0.124532 1.25972 0.999831
mouth (left) real0:(365.373,216.18), cal0:(363.659,189.285)
mouth (left) real1:(401.54,189.61), cal1:(404.164,216.371)

-0.00130462 -0.124601 1.2531 0.999885
mouth (right) real0:(333.074,215.931), cal0:(331.323,188.938)
mouth (right) real1:(373.175,190.311), cal1:(375.753,216.688)

0.224974 0.0711098 1.06647 0.999545
left shoulder real0:(459.071,313.003), cal0:(458.68,288.769)
left shoulder real1:(533.946,279.148), cal1:(536.793,304.594)

-0.17821 0.0677071 1.22306 0.999422
right shoulder real0:(245.056,312.285), cal0:(244.412,281.967)
right shoulder real1:(300.43,291.76), cal1:(303.472,319.319)

0.483192 0.389439 1.20218 0.847534
left elbow real0:(573.69,437.929), cal0:(573.412,443.382)
left elbow real1:(608.164,450.001), cal1:(607.226,442.906)

-0.383005 0.402558 1.68071 0.849011
right elbow real0:(193.7,431.227), cal0:(195.044,392.643)
right elbow real1:(170.854,426.266), cal1:(175.421,462.185)

0.67548 0.18294 1.65918 0.778267
left wrist real0:(576.545,318.675), cal0:(576.53,314.961)
left wrist real1:(532.629,326.49), cal1:(533.155,331.052)

-0.120751 0.0471908 3.98652 0.846798
right wrist real0:(314.165,268.364), cal0:(313.751,255.811)
right wrist real1:(178.743,297.999), cal1:(179.667,306.222)

0.805395 0.0768717 1.91795 0.728001
left pinky real0:(584.338,277.932), cal0:(584.224,272.785)
left pinky real1:(511.767,288.374), cal1:(512.436,294.451)

-0.0840311 -0.275989 4.18172 0.796451
right pinky real0:(320.31,216.903), cal0:(319.876,209.033)
right pinky real1:(179.181,251.407), cal1:(179.746,256.364)

0.665038 -0.0104985 1.71361 0.751296
left index real0:(565.702,262.624), cal0:(565.099,245.015)
left index real1:(510.872,248.061), cal1:(513.032,268.321)

-0.0637145 -0.288952 3.32123 0.827421
right index real0:(321.028,206.252), cal0:(320.423,196.41)
right index real1:(200.142,234.683), cal1:(200.768,240.928)

0.638328 0.0618555 1.6835 0.746589
left thumb real0:(559.967,280.644), cal0:(559.738,270.779)
left thumb real1:(512.866,280.583), cal1:(514.109,291.899)

-0.0345203 -0.161525 2.96829 0.825093
right thumb real0:(325.327,223.027), cal0:(324.961,215.993)
right thumb real1:(218.44,255.587), cal1:(218.899,260.085)

0.231125 0.794333 1.27831 0.0558585
left hip real0:(440.483,622.781), cal0:(440.569,622.145)
left hip real1:(502.54,630.352), cal1:(505.878,651.398)

-0.0979356 0.844067 1.36478 0.050514
right hip real0:(287.914,626.777), cal0:(288.838,620.386)
right hip real1:(335.317,630.749), cal1:(346.344,698.994)

0.267309 1.4703 1.43926 0.00507136
left knee real0:(440.231,876.134), cal0:(443.526,862.648)
left knee real1:(500.232,902.578), cal1:(503.549,919.586)

-0.0527058 1.52106 1.54216 0.00341059
right knee real0:(302.065,878.906), cal0:(311.416,841.459)
right knee real1:(347.541,906.983), cal1:(358.338,961.822)

0.271292 2.08111 1.47302 0.000659483
left ankle real0:(439.525,1106.52), cal0:(442.593,1097.78)
left ankle real1:(508.383,1142.81), cal1:(521.008,1196.92)

-0.0485004 2.06983 1.49454 0.000328971
right ankle real0:(304.466,1102.88), cal0:(312.452,1081.02)
right ankle real1:(358.989,1144.25), cal1:(388.212,1266.77)

0.260021 2.09014 1.41647 0.00100525
left heel real0:(441.97,1136.22), cal0:(442.23,1135.51)
left heel real1:(517.773,1174.47), cal1:(533.7,1240.9)

-0.0679172 2.06175 1.4226 0.000647568
right heel real0:(298.957,1130.87), cal0:(303.267,1119.7)
right heel real1:(357.658,1172.61), cal1:(394.571,1322.54)

0.273991 2.50256 1.64845 0.000582571
left foot index real0:(426.306,1175.46), cal0:(431.801,1161.07)
left foot index real1:(476.287,1219.25), cal1:(493.08,1287.85)

0.0669677 2.63128 1.84675 0.000487199
right foot index real0:(326.301,1179.25), cal0:(353.733,1104.99)
right foot index real1:(374.782,1226.76), cal1:(387.27,1278.77)

