camera0:
0.822851 0.244102 0.998853 0
0.832651 0.180471 0.998248 0
0.840238 0.183909 0.997922 0
0.847647 0.187007 0.997268 0
0.794223 0.170435 0.999071 0.5885
0.775069 0.165867 0.99929 0.5945
0.752171 0.163089 0.999276 0.59475
0.821273 0.206038 0.996865 0
0.688335 0.184415 0.999639 0.60775
0.817637 0.311677 0.998495 0
0.773273 0.304448 0.999555 0
0.83066 0.51942 0.98012 0
0.502751 0.477359 0.995132 0.58
0.997418 0.677449 0.446929 0.64775
0.511112 0.885914 0.894377 0.6775
1.17261 0.616466 0.477889 -111
0.81314 0.997584 0.746984 0.65875
1.20826 0.615328 0.449822 -111
0.900814 1.12601 0.711954 -111
1.19247 0.589824 0.471348 -111
0.917037 0.963782 0.736497 0
1.16863 0.599556 0.48113 -111
0.892717 0.950243 0.72092 0
0.790596 1.27071 0.111844 -111
0.574172 1.29114 0.124098 -111
0.808674 1.69303 0.0282278 -111
0.605735 1.73919 0.0376791 -111
0.822811 2.24635 0.00362328 -111
0.628403 2.29484 0.00467921 -111
0.810798 2.32962 0.00247879 -111
0.592961 2.37806 0.00509453 -111
0.875852 2.42701 0.01057 -111
0.750689 2.48058 0.0095287 -111
camera1:
0.571224 0.16152 0.995275 0.51275
0.610119 0.0963887 0.99323 0.51675
0.630668 0.102308 0.993723 0.5135
0.656259 0.109271 0.993145 0.51425
0.55368 0.0945355 0.992303 0.49825
0.537154 0.100928 0.992601 0.49975
0.525701 0.106475 0.992865 0.532
0.695947 0.150259 0.992814 0.534
0.506519 0.141488 0.993337 0.54125
0.617164 0.24108 0.995731 0.519
0.548895 0.23535 0.995384 0.51725
0.817759 0.480574 0.980341 0
0.396393 0.464442 0.99098 0.631
1.01552 0.752134 0.64133 -111
0.140643 0.686382 0.711067 0
1.00336 0.318196 0.533202 -111
0.0770119 0.207359 0.688431 0
1.01877 0.185618 0.495188 -111
0.0418499 0.226965 0.63752 0
1.01421 0.152997 0.517758 -111
0.0704597 0.167325 0.658883 0
0.987585 0.209951 0.513338 0
0.0942781 0.217257 0.661732 0
0.731454 1.30007 0.0186397 -111
0.444413 1.29349 0.030332 -111
0.728463 1.93223 0.0277589 -111
0.468436 1.9163 0.0229432 -111
0.732443 2.51323 0.0075825 -111
0.457644 2.51146 0.00453865 -111
0.744916 2.59787 0.00746265 -111
0.450076 2.60046 0.00621155 -111
0.676681 2.70232 0.00864922 -111
0.479079 2.69128 0.00616785 -111
fused:
1.26249 -1.1503 3.98949 0.998853
nose real0:(526.625,117.169), cal0:(522.063,75.4132)
nose real1:(365.583,77.5298), cal1:(369.494,123.433)

0.994853 -1.03859 3.05317 0.998248
left eye (inner) real0:(532.896,86.6263), cal0:(527.703,44.2608)
left eye (inner) real1:(390.476,46.2666), cal1:(394.333,93.6078)

0.933794 -0.938287 2.79396 0.997922
left eye real0:(537.753,88.2765), cal0:(532.734,46.8699)
left eye real1:(403.627,49.108), cal1:(407.421,95.4474)

0.856588 -0.827608 2.50092 0.997268
left eye (outer) real0:(542.494,89.7633), cal0:(537.715,49.8179)
left eye (outer) real1:(420.006,52.4499), cal1:(423.697,97.3029)

1.03662 -1.25796 3.63729 0.999071
right eye (inner) real0:(508.303,81.8087), cal0:(503.164,40.8451)
right eye (inner) real1:(354.355,45.377), cal1:(358.01,90.6733)

0.970285 -1.26317 3.65993 0.99929
right eye real0:(496.044,79.6164), cal0:(491.217,41.2751)
right eye real1:(343.779,48.4453), cal1:(347.172,90.5616)

0.831559 -1.18445 3.44793 0.999276
right eye (outer) real0:(481.389,78.2825), cal0:(476.838,42.244)
right eye (outer) real1:(336.449,51.1079), cal1:(339.609,90.3886)

0.600574 -0.576372 1.8992 0.996865
left ear real0:(525.615,98.8984), cal0:(521.924,66.3092)
left ear real1:(445.406,72.1242), cal1:(448.46,108.449)

0.480134 -0.87587 2.75223 0.999639
right ear real0:(440.534,88.5191), cal0:(436.753,57.4395)
right ear real1:(324.172,67.914), cal1:(326.879,101.031)

0.90154 -0.649683 2.8815 0.998495
mouth (left) real0:(523.288,149.605), cal0:(519.91,113.195)
mouth (left) real1:(394.985,115.718), cal1:(398.551,155.42)

0.937843 -0.821734 3.53492 0.999555
mouth (right) real0:(494.894,146.135), cal0:(491.336,108.991)
mouth (right) real1:(351.293,112.968), cal1:(354.846,152.911)

0.456798 -0.0434508 1.37997 0.980341
left shoulder real0:(531.622,249.321), cal0:(530.813,229.774)
left shoulder real1:(523.366,230.675), cal1:(525.563,251.696)

-0.0414483 -0.154331 2.16119 0.995132
right shoulder real0:(321.76,229.132), cal0:(320.426,205.781)
right shoulder real1:(253.692,222.932), cal1:(255.93,245.326)

0.597673 0.195313 1.17278 0.64133
left elbow real0:(638.347,325.175), cal0:(638.109,348.784)
left elbow real1:(649.93,361.024), cal1:(648.405,348.284)

-413.077 5318.87 29499 0.894377
right elbow real0:(327.112,425.239), cal0:(323.535,357.059)
right elbow real1:(90.0112,329.463), cal1:(107.984,425.743)

1.07992 -0.0921357 1.56387 0.533202
left wrist real0:(750.471,295.904), cal0:(746.803,213.29)
left wrist real1:(642.149,152.734), cal1:(650.401,232.358)

10077.8 3312.31 80135 0.746984
right wrist real0:(520.41,478.841), cal0:(407.5,273.538)
right wrist real1:(49.2876,99.5322), cal1:(196.278,326.001)

1.10484 -0.173203 1.52661 0.495188
left pinky real0:(773.285,295.358), cal0:(766.734,180.512)
left pinky real1:(652.014,89.0966), cal1:(663.579,204.767)

14958 9870.37 85978.4 0.711954
right pinky real0:(576.521,540.485), cal0:(436.465,317.691)
right pinky real1:(26.7839,108.943), cal1:(228.565,368.439)

1.04299 -0.20457 1.47851 0.517758
left index real0:(763.18,283.116), cal0:(755.745,165.543)
left index real1:(649.092,73.4383), cal1:(660.757,192.234)

16649.8 2387.93 85559.8 0.736497
right index real0:(586.903,462.615), cal0:(448.856,265.47)
right index real1:(45.0942,80.3162), cal1:(237.898,314.26)

1.08115 -0.167621 1.58324 0.513338
left thumb real0:(747.92,287.787), cal0:(742.191,185.07)
left thumb real1:(632.055,100.777), cal1:(642.959,209.449)

15167.4 2554.61 82772 0.72092
right thumb real0:(571.339,456.117), cal0:(442.034,267.245)
right thumb real1:(60.338,104.284), cal1:(231.203,316.604)

0.590499 1.22393 2.03795 0.111844
left hip real0:(505.982,609.942), cal0:(506.021,609.632)
left hip real1:(468.13,624.035), cal1:(469.788,634.686)

0.171649 1.73921 2.85243 0.124098
right hip real0:(367.47,619.746), cal0:(368.1,615.137)
right hip real1:(284.424,620.875), cal1:(295.106,688.042)

0.771403 2.60886 2.61373 0.0282278
left knee real0:(517.551,812.653), cal0:(509.254,848.562)
left knee real1:(466.216,927.47), cal1:(459.89,894.255)

0.361321 3.66328 3.7964 0.0376791
right knee real0:(387.67,834.81), cal0:(389.125,828.61)
right knee real1:(299.799,919.825), cal1:(302.452,933.662)

0.955799 4.54448 3.15436 0.0075825
left ankle real0:(526.599,1078.25), cal0:(513.985,1114.54)
left ankle real1:(468.764,1206.35), cal1:(467.165,1199.46)

1.01969 10.4536 7.62831 0.00467921
right ankle real0:(402.178,1101.52), cal0:(412.253,1072.27)
right ankle real1:(292.892,1205.5), cal1:(298.479,1229.71)

0.826594 4.25535 2.83541 0.00746265
left heel real0:(518.911,1118.22), cal0:(507.086,1150.65)
left heel real1:(476.746,1246.98), cal1:(476.046,1244.04)

0.648053 8.6691 6.13986 0.00621155
right heel real0:(379.495,1141.47), cal0:(395.358,1097.25)
right heel real1:(288.049,1248.22), cal1:(293.419,1270.97)

5.52936 23.292 14.9776 0.01057
left foot index real0:(560.545,1164.96), cal0:(553.735,1183.3)
left foot index real1:(433.076,1297.11), cal1:(427.609,1274.41)

3590.67 22582.7 14662.3 0.0095287
right foot index real0:(480.441,1190.68), cal0:(479.07,1174.33)
right foot index real1:(306.61,1291.81), cal1:(330.774,1321.49)

