camera0:
0.571645 0.30738 0.999472 0.507
0.586598 0.267333 0.999143 0
0.604543 0.268958 0.99906 0.50675
0.613903 0.269867 0.998746 0.5065
0.547942 0.261561 0.999457 0.737
0.541236 0.259743 0.999579 0.73725
0.523658 0.256677 0.999563 0.74225
0.618427 0.283678 0.998759 0.502
0.515811 0.267059 0.999762 0.7465
0.589438 0.369003 0.99927 0.52975
0.543037 0.364957 0.999696 0.512
0.719564 0.546797 0.990891 0
0.389403 0.533247 0.997483 0.7675
0.939468 0.817838 0.739953 0.75425
0.338034 0.863883 0.949759 0.50975
0.840117 0.492659 0.817683 0
0.495188 0.463803 0.915835 0.52875
0.832648 0.384349 0.795334 0.65175
0.523635 0.369128 0.889113 0.5175
0.799658 0.344124 0.80039 0
0.523718 0.328677 0.897306 0.554
0.78543 0.396684 0.802893 2.37
0.524421 0.375692 0.891422 0.5175
0.712325 1.22677 0.0735715 -111
0.454999 1.24379 0.0808044 -111
0.717782 1.75391 0.0113299 -111
0.479765 1.77233 0.012132 -111
0.723849 2.23892 0.00110642 -111
0.503371 2.23441 0.00120419 -111
0.727777 2.29136 0.000784304 -111
0.496851 2.29461 0.00133018 -111
0.71713 2.3889 0.0031007 -111
0.55141 2.41254 0.00262756 -111
camera1:
0.56171 0.199803 0.998274 0.69675
0.595243 0.129731 0.997521 0.6845
0.612785 0.128921 0.997674 0.684
0.629078 0.128545 0.997407 0.69225
0.546173 0.0911683 0.997339 0.69975
0.529858 0.09402 0.99748 0.68125
0.518714 0.130548 0.997536 0.70275
0.675298 0.143114 0.997526 0.73575
0.505211 0.142292 0.997849 0.70325
0.605532 0.263974 0.998577 0.702
0.541734 0.288153 0.99857 0.711
0.801675 0.478609 0.993596 0.52575
0.379772 0.440453 0.996244 0
0.970865 0.887694 0.831614 0.533
0.189192 0.845794 0.839236 0.6745
0.748463 0.437823 0.809601 0.54025
0.263088 0.422525 0.839968 0.6085
0.694213 0.298502 0.794155 0.531
0.254802 0.316696 0.818341 0.5535
0.694245 0.245186 0.805345 0.5955
0.270744 0.252639 0.831908 0.53875
0.691217 0.295603 0.796541 0.53175
0.289542 0.297973 0.829057 0.5685
0.757748 1.28862 0.0573332 -111
0.438877 1.27416 0.0825759 -111
0.754267 1.88925 0.0222521 -111
0.454715 1.88824 0.0177733 -111
0.743859 2.42613 0.00521461 -111
0.459006 2.41734 0.00407149 -111
0.751335 2.51508 0.00465771 -111
0.453622 2.49906 0.00498548 -111
0.699243 2.62333 0.00519106 -111
0.488918 2.63187 0.00453412 -111
fused:
0.0716249 -0.342827 1.44936 0.999472
nose real0:(365.853,147.542), cal0:(361.637,106.541)
nose real1:(359.495,95.9052), cal1:(363.106,137.42)

0.085318 -0.376575 1.34778 0.999143
left eye (inner) real0:(375.423,128.32), cal0:(369.978,80.779)
left eye (inner) real1:(380.956,62.2711), cal1:(385.044,111.106)

0.110498 -0.37441 1.34157 0.99906
left eye real0:(386.908,129.1), cal0:(381.43,80.9718)
left eye real1:(392.182,61.8821), cal1:(396.356,111.619)

0.121191 -0.365479 1.31223 0.998746
left eye (outer) real0:(392.898,129.536), cal0:(387.432,81.3114)
left eye (outer) real1:(402.61,61.7015), cal1:(406.815,111.73)

0.0277036 -0.411679 1.38493 0.999457
right eye (inner) real0:(350.683,125.549), cal0:(343.965,70.0508)
right eye (inner) real1:(349.551,43.7608), cal1:(354.166,100.108)

0.0185454 -0.423918 1.42588 0.999579
right eye real0:(346.391,124.677), cal0:(339.762,70.0224)
right eye real1:(339.109,45.1296), cal1:(343.635,100.437)

-0.00503488 -0.40313 1.42017 0.999563
right eye (outer) real0:(335.141,123.205), cal0:(329.818,78.1005)
right eye (outer) real1:(331.977,62.6628), cal1:(335.724,107.95)

0.115381 -0.312886 1.18032 0.998759
left ear real0:(395.794,136.166), cal0:(390.675,89.3847)
left ear real1:(432.191,68.6948), cal1:(436.335,117.372)

-0.0169601 -0.398627 1.44776 0.999762
right ear real0:(330.119,128.188), cal0:(324.91,83.221)
right ear real1:(323.335,68.3001), cal1:(327.08,113.226)

0.0945112 -0.251057 1.35759 0.99927
mouth (left) real0:(377.241,177.121), cal0:(373.771,137.558)
mouth (left) real1:(387.54,126.708), cal1:(391.194,166.756)

0.0305416 -0.258785 1.44976 0.999696
mouth (right) real0:(347.544,175.179), cal0:(344.604,141.42)
mouth (right) real1:(346.71,138.313), cal1:(349.775,171.85)

0.241055 -0.0228075 1.13539 0.993596
left shoulder real0:(460.521,262.462), cal0:(459.497,236.624)
left shoulder real1:(513.072,229.732), cal1:(515.878,256.454)

-0.21406 -0.0881426 1.5117 0.997483
right shoulder real0:(249.218,255.959), cal0:(246.879,213.655)
right shoulder real1:(243.054,211.418), cal1:(246.954,250.234)

0.547084 0.331302 1.22356 0.831614
left elbow real0:(601.259,392.562), cal0:(600.565,411.426)
left elbow real1:(621.354,426.093), cal1:(619.308,410.081)

-0.483588 0.537161 2.5351 0.949759
right elbow real0:(216.342,414.664), cal0:(217.348,376.04)
right elbow real1:(121.083,405.981), cal1:(126.293,447.837)

0.604914 -0.11274 1.77758 0.817683
left wrist real0:(537.675,236.476), cal0:(536.389,210.581)
left wrist real1:(479.016,210.155), cal1:(481.922,238.611)

-0.120891 -0.407285 4.26109 0.915835
right wrist real0:(316.92,222.625), cal0:(314.904,191.253)
right wrist real1:(168.376,202.812), cal1:(171.816,237.945)

0.686823 -0.350148 2.08287 0.795334
left pinky real0:(532.895,184.488), cal0:(530.049,147.666)
left pinky real1:(444.296,143.281), cal1:(448.076,183.413)

0.00284082 -1.01919 5.83793 0.889113
right pinky real0:(335.126,177.181), cal0:(332.24,143.777)
right pinky real1:(163.073,152.014), cal1:(166.55,189.931)

0.535542 -0.375898 1.82506 0.805345
left index real0:(511.781,165.179), cal0:(508.235,124.915)
left index real1:(444.317,117.689), cal1:(448.242,160.765)

-0.0038858 -1.02777 4.79188 0.897306
right index real0:(335.179,157.765), cal0:(331.461,119.796)
right index real1:(173.276,121.267), cal1:(177.058,164.066)

0.499935 -0.290659 1.79081 0.802893
left thumb real0:(502.675,190.408), cal0:(499.661,151.154)
left thumb real1:(442.379,141.889), cal1:(446.411,184.633)

0.00225732 -0.744633 4.19008 0.891422
right thumb real0:(335.629,180.332), cal0:(332.272,141.894)
right thumb real1:(185.307,143.027), cal1:(189.224,185.905)

0.301797 0.82997 1.46375 0.0735715
left hip real0:(455.888,588.847), cal0:(455.814,589.466)
left hip real1:(484.959,618.54), cal1:(484.812,617.583)

-0.110602 0.944209 1.80666 0.0825759
right hip real0:(291.199,597.019), cal0:(295.17,562.789)
right hip real1:(280.881,611.596), cal1:(285.129,639.467)

0.351107 1.68031 1.67999 0.0222521
left knee real0:(459.38,841.879), cal0:(457.504,849.797)
left knee real1:(482.731,906.839), cal1:(482.386,905.046)

-0.0503168 2.00325 2.17167 0.0177733
right knee real0:(307.05,850.719), cal0:(318.028,803.074)
right knee real1:(291.018,906.357), cal1:(294.403,924.148)

0.44813 2.77522 2.02919 0.00521461
left ankle real0:(463.263,1074.68), cal0:(464.622,1070.63)
left ankle real1:(476.07,1164.54), cal1:(476.104,1164.69)

0.0670427 3.70145 2.96237 0.00407149
right ankle real0:(322.158,1072.52), cal0:(345.544,999.621)
right ankle real1:(293.764,1160.32), cal1:(294.849,1165.21)

0.439074 2.85612 2.00256 0.00465771
left heel real0:(465.777,1099.85), cal0:(463.67,1105.85)
left heel real1:(480.854,1207.24), cal1:(480.822,1207.1)

0.0545089 3.92116 3.02664 0.00498548
right heel real0:(317.985,1101.41), cal0:(342.768,1027.3)
right heel real1:(290.318,1199.55), cal1:(291.226,1203.55)

0.536587 3.71719 2.50172 0.00519106
left foot index real0:(458.963,1146.67), cal0:(460.804,1141.67)
left foot index real1:(447.515,1259.2), cal1:(447.857,1260.62)

0.243617 4.89932 3.46156 0.00453412
right foot index real0:(352.902,1158.02), cal0:(374.228,1099.3)
right foot index real1:(312.908,1263.3), cal1:(316.458,1278.23)

