camera0:
0.969972 0.296743 0.999112 0
0.967626 0.211192 0.997889 0
0.973184 0.21312 0.99724 0
0.976935 0.214415 0.995544 0
0.931253 0.202359 0.999337 0
0.908462 0.199074 0.999506 0
0.883961 0.196564 0.99952 0
0.928922 0.229383 0.995637 0
0.789439 0.215842 0.999862 0.50625
0.954152 0.363269 0.998142 0.49575
0.914298 0.362072 0.999728 0
0.923943 0.537427 0.97542 0.64975
0.541662 0.535831 0.999312 0.50475
1.00174 0.788748 0.309873 -111
0.301908 0.893097 0.95688 0
1.03341 0.96095 0.44152 -111
0.274337 1.31999 0.7772 -111
1.08923 0.991527 0.438899 -111
0.252122 1.41871 0.74614 -111
1.06623 0.99622 0.460558 -111
0.303692 1.40484 0.788695 -111
1.03633 0.999017 0.477272 -111
0.315713 1.37465 0.774635 -111
0.831352 1.3209 0.0395808 -111
0.554986 1.33023 0.038986 -111
0.812549 1.97595 0.00482272 -111
0.589085 2.02683 0.00709254 -111
0.789511 2.55347 0.000456478 -111
0.541813 2.60622 0.000525214 -111
0.760204 2.65518 0.000460569 -111
0.486778 2.70188 0.000854993 -111
0.891275 2.71408 0.00143405 -111
0.700743 2.77085 0.0014594 -111
camera1:
0.479713 0.158646 0.995142 0
0.528243 0.0688995 0.991533 0
0.56214 0.073174 0.993375 0
0.588454 0.079331 0.992328 0
0.449468 0.0771986 0.9905 0
0.425953 0.0854927 0.991753 0
0.406238 0.0932121 0.990739 0
0.646385 0.118948 0.995656 0
0.395624 0.133048 0.994375 0
0.535817 0.242337 0.99735 0
0.446326 0.255073 0.997593 0
0.80598 0.493169 0.994249 0.508
0.256879 0.517582 0.991124 0.56475
0.935635 0.929879 0.552768 0
-0.00954962 0.772542 0.662802 -111
0.818905 1.30699 0.246928 -111
-0.272396 0.960647 0.336791 -111
0.803341 1.44569 0.242225 -111
-0.349679 1.01164 0.302085 -111
0.73224 1.39716 0.265577 -111
-0.329255 1.00358 0.348593 -111
0.729715 1.34129 0.269629 -111
-0.288509 0.997099 0.375004 -111
0.682796 1.36429 0.0175105 -111
0.339045 1.3575 0.0226364 -111
0.677319 2.08465 0.0223143 -111
0.364009 2.06795 0.0174554 -111
0.655962 2.72699 0.00488011 -111
0.343191 2.72435 0.00481615 -111
0.667562 2.82464 0.00561051 -111
0.338152 2.82871 0.00693018 -111
0.581216 2.95873 0.00307032 -111
0.365675 2.94739 0.00301539 -111
fused:
63667.1 -41598.9 151861 0.999112
nose real0:(620.782,142.437), cal0:(583.816,84.0704)
nose real1:(307.016,76.1503), cal1:(349.826,138.911)

48408.3 -37631.3 108871 0.997889
left eye (inner) real0:(619.281,101.372), cal0:(599.07,40.9667)
left eye (inner) real1:(338.076,33.0718), cal1:(359.684,101.238)

33778.1 -24849.9 72504.6 0.99724
left eye real0:(622.838,102.298), cal0:(611.829,42.7179)
left eye real1:(359.77,35.1235), cal1:(370.285,103.247)

20.9473 -14.8935 43.9291 0.995544
left eye (outer) real0:(625.238,102.919), cal0:(618.418,44.942)
left eye (outer) real1:(376.61,38.0789), cal1:(382.146,104.894)

55413.3 -50570.3 145768 0.999337
right eye (inner) real0:(596.002,97.1325), cal0:(560.327,40.2005)
right eye (inner) real1:(287.66,37.0553), cal1:(326.938,99.0441)

53124.1 -51891.9 150339 0.999506
right eye real0:(581.415,95.5557), cal0:(544.236,41.2568)
right eye real1:(272.61,41.0365), cal1:(313.028,99.3456)

49802 -52094 151905 0.99952
right eye (outer) real0:(565.735,94.3506), cal0:(528.908,42.5964)
right eye (outer) real1:(259.992,44.7418), cal1:(299.57,99.941)

1.83788 -1.34258 4.29571 0.995656
left ear real0:(594.51,110.104), cal0:(588.979,60.8657)
left ear real1:(413.687,57.0951), cal1:(418.39,112.874)

27129.5 -32443 102189 0.999862
right ear real0:(505.241,103.604), cal0:(491.441,57.8961)
right ear real1:(253.199,63.8631), cal1:(266.419,112.625)

48093.6 -23104 109865 0.998142
mouth (left) real0:(610.658,174.369), cal0:(594.933,122.313)
mouth (left) real1:(342.923,116.322), cal1:(361.726,173.181)

57415 -32683.5 157259 0.999728
mouth (right) real0:(585.151,173.794), cal0:(551.287,123.792)
mouth (right) real1:(285.649,122.435), cal1:(324.508,174.501)

0.801743 -0.039932 1.863 0.994249
left shoulder real0:(591.323,257.965), cal0:(590.487,235.815)
left shoulder real1:(515.827,236.721), cal1:(518.304,260.181)

0.185477 -0.306537 8.37945 0.999312
right shoulder real0:(346.664,257.199), cal0:(345.246,226.712)
right shoulder real1:(164.403,248.439), cal1:(167.421,277.74)

0.810734 0.478855 1.587 0.552768
left elbow real0:(641.116,378.599), cal0:(638.853,430.036)
left elbow real1:(598.806,446.342), cal1:(596.535,428.861)

-1.48509 1.36753 6.49623 0.95688
right elbow real0:(193.221,428.686), cal0:(194.608,375.211)
right elbow real1:(-6.11175,370.82), cal1:(5.31118,462.61)

2.34341 1.78635 4.30787 0.44152
left wrist real0:(661.382,461.256), cal0:(658.753,497.908)
left wrist real1:(524.099,627.355), cal1:(506.911,503.227)

-34916.8 69071.8 129802 0.7772
right wrist real0:(175.576,633.596), cal0:(170.342,568.501)
right wrist real1:(-174.334,461.11), cal1:(-85.0722,722.495)

8.33498 6.33919 13.8596 0.438899
left pinky real0:(697.108,475.933), cal0:(693.24,523.58)
left pinky real1:(514.138,693.933), cal1:(490.559,527.194)

-38630.5 79518 131069 0.74614
right pinky real0:(161.358,680.979), cal0:(154.882,613.309)
right pinky real1:(-223.795,485.589), cal1:(-107.213,788.904)

37239.8 29500.1 64905.1 0.460558
left index real0:(682.384,478.186), cal0:(676.641,521.852)
left index real1:(468.634,670.638), cal1:(457.33,531.532)

-39944 91518.4 156082 0.788695
right index real0:(194.363,674.321), cal0:(178.202,601.084)
right index real1:(-210.723,481.719), cal1:(-72.7266,762.302)

23.3871 18.9552 42.7696 0.477272
left thumb real0:(663.252,479.528), cal0:(660.455,515.05)
left thumb real1:(467.018,643.82), cal1:(450.619,527.235)

-39177.2 88515.5 160074 0.774635
right thumb real0:(202.056,659.834), cal0:(184.915,581.021)
right thumb real1:(-184.646,478.607), cal1:(-63.4815,733.125)

1.08459 2.07987 3.25352 0.0395808
left hip real0:(532.065,634.031), cal0:(532.219,632.887)
left hip real1:(436.989,654.859), cal1:(437.875,660.449)

0.240623 3.40301 5.53916 0.038986
right hip real0:(355.191,638.509), cal0:(358.045,617.916)
right hip real1:(216.988,651.598), cal1:(225.352,703.976)

1.32101 4.81524 4.17739 0.0223143
left knee real0:(520.031,948.454), cal0:(521.927,941.447)
left knee real1:(433.484,1000.63), cal1:(433.543,1000.92)

4.1376 37.768 35.9864 0.0174554
right knee real0:(377.014,972.877), cal0:(401.022,879.436)
right knee real1:(232.966,992.614), cal1:(235.467,1005.16)

2.11469 10.8482 6.88089 0.00488011
left ankle real0:(505.287,1225.67), cal0:(516.579,1196.19)
left ankle real1:(419.816,1308.96), cal1:(419.867,1309.16)

1346.1 22599 15798.1 0.00481615
right ankle real0:(346.76,1250.99), cal0:(383.137,1108.4)
right ankle real1:(219.642,1307.69), cal1:(220.101,1308.95)

1.48235 8.44658 5.1708 0.00561051
left heel real0:(486.53,1274.49), cal0:(504.173,1230.42)
left heel real1:(427.24,1355.83), cal1:(427.299,1356.06)

2.89377 65.57 44.1647 0.00693018
right heel real0:(311.538,1296.9), cal0:(371.311,1140.96)
right heel real1:(216.417,1357.78), cal1:(216.846,1359.53)

16452.2 88851.4 51653.6 0.00307032
left foot index real0:(570.416,1302.76), cal0:(523.298,1282.48)
left foot index real1:(371.978,1420.19), cal1:(384.493,1422.88)

7910 100998 62674 0.00301539
right foot index real0:(448.476,1330.01), cal0:(407.77,1217.18)
right foot index real1:(234.032,1414.75), cal1:(256.168,1433.35)

