camera0:
0.625492 0.325469 0.999707 0.756
0.638939 0.277907 0.999513 0.76025
0.649171 0.275939 0.999473 0.78425
0.658975 0.274123 0.999303 0.78825
0.601823 0.282151 0.999681 0.54875
0.587655 0.283316 0.999755 0.5375
0.573284 0.284403 0.999744 0.534
0.66355 0.287106 0.999321 0.79275
0.535259 0.292347 0.999862 0.5315
0.643749 0.373081 0.999593 0.76225
0.601622 0.379081 0.999824 0.761
0.743096 0.534445 0.995106 2.28325
0.422871 0.534766 0.998587 0.50625
0.958523 0.701451 0.857036 0.83725
0.353739 0.787044 0.970535 0.5035
0.905552 0.444922 0.900364 0.784
0.530241 0.406315 0.951253 0.50025
0.881717 0.384755 0.880962 0.7305
0.551813 0.316098 0.928718 0.53125
0.860784 0.336173 0.882064 0.73625
0.547833 0.287321 0.93118 0.53125
0.854962 0.378834 0.883351 0.75075
0.545265 0.312484 0.929549 0.53125
0.73465 1.16835 0.148738 -111
0.496811 1.18108 0.139852 -111
0.728359 1.67895 0.0204253 -111
0.512409 1.69223 0.0176917 -111
0.718783 2.15237 0.0015724 -111
0.520127 2.15388 0.00106896 -111
0.719052 2.21266 0.00147505 -111
0.514447 2.20978 0.001756 -111
0.708633 2.30092 0.00252273 -111
0.557053 2.31101 0.00202978 -111
camera1:
0.614685 0.304696 0.999068 0.698
0.643734 0.237979 0.998624 0.707
0.6594 0.238667 0.99871 0.70275
0.674389 0.239657 0.998555 0.70575
0.594852 0.23467 0.998537 0.69225
0.579337 0.232335 0.998622 0.7255
0.564528 0.229273 0.998654 0.732
0.703633 0.261009 0.998643 0.73025
0.552869 0.245279 0.998838 0.73875
0.645266 0.367936 0.999213 0.711
0.586847 0.359405 0.999216 0.71325
0.812059 0.545462 0.996358 0.77625
0.431655 0.527137 0.997942 0.81
1.03172 0.753014 0.906345 -111
0.189835 0.680746 0.912976 0.63975
0.876579 0.287597 0.897654 0.518
0.372052 0.263084 0.91417 0.60375
0.84719 0.176142 0.884798 0.534
0.398337 0.137512 0.899823 0.641
0.822076 0.169551 0.889457 0.559
0.434517 0.120502 0.906545 2.04325
0.815505 0.215561 0.884962 0.5655
0.442574 0.16971 0.905101 0.65475
0.732466 1.30026 0.0517687 -111
0.4434 1.27203 0.0767916 -111
0.697231 1.91382 0.0130256 -111
0.43605 1.88963 0.010275 -111
0.672454 2.44832 0.00287843 -111
0.405821 2.42887 0.00220465 -111
0.678231 2.51888 0.00257316 -111
0.394259 2.50059 0.00278175 -111
0.628168 2.63503 0.00282586 -111
0.431086 2.62771 0.00254977 -111
fused:
0.16329 -0.276229 1.47298 0.999707
nose real0:(400.315,156.225), cal0:(398.547,135.994)
nose real1:(393.398,146.254), cal1:(395.291,166.977)

0.171162 -0.320949 1.37964 0.999513
left eye (inner) real0:(408.921,133.395), cal0:(406.48,108.889)
left eye (inner) real1:(411.99,114.23), cal1:(414.227,139.679)

0.182869 -0.315233 1.35357 0.999473
left eye real0:(415.469,132.451), cal0:(413.112,108.733)
left eye real1:(422.016,114.56), cal1:(424.191,139.289)

0.193657 -0.309677 1.32922 0.999303
left eye (outer) real0:(421.744,131.579), cal0:(419.475,108.681)
left eye (outer) real1:(431.609,115.036), cal1:(433.719,139.006)

0.12143 -0.336156 1.44371 0.999681
right eye (inner) real0:(385.166,135.433), cal0:(382.478,108.762)
right eye (inner) real1:(380.705,112.641), cal1:(383.096,139.95)

0.100104 -0.339362 1.4541 0.999755
right eye real0:(376.099,135.992), cal0:(373.306,108.437)
right eye real1:(370.775,111.521), cal1:(373.228,139.585)

0.0778496 -0.341873 1.45978 0.999744
right eye (outer) real0:(366.901,136.514), cal0:(363.987,107.949)
right eye (outer) real1:(361.298,110.051), cal1:(363.821,138.989)

0.188491 -0.271698 1.24684 0.999321
left ear real0:(424.672,137.811), cal0:(422.769,117.736)
left ear real1:(450.325,125.285), cal1:(452.203,146.329)

0.0183004 -0.306359 1.37084 0.999862
right ear real0:(342.566,140.326), cal0:(339.968,114.387)
right ear real1:(353.836,117.734), cal1:(356.111,143.657)

0.187765 -0.203292 1.43013 0.999593
mouth (left) real0:(411.999,179.079), cal0:(410.824,163.267)
mouth (left) real1:(412.97,176.609), cal1:(414.509,192.808)

0.130275 -0.219505 1.51799 0.999824
mouth (right) real0:(385.038,181.959), cal0:(383.506,161.793)
mouth (right) real1:(375.582,172.514), cal1:(377.504,192.841)

0.280893 0.00183506 1.17676 0.996358
left shoulder real0:(475.581,256.533), cal0:(475.35,249.634)
left shoulder real1:(519.718,261.822), cal1:(520.485,269.008)

-0.152844 -0.03169 1.47566 0.998587
right shoulder real0:(270.637,256.688), cal0:(269.723,235.791)
right shoulder real1:(276.259,253.026), cal1:(278.265,272.345)

0.491801 0.176977 1.05008 0.906345
left elbow real0:(613.455,336.697), cal0:(613.312,349.985)
left elbow real1:(660.298,361.447), cal1:(658.73,348.367)

-0.465679 0.316622 2.64754 0.970535
right elbow real0:(226.393,377.781), cal0:(226.279,320.57)
right elbow real1:(121.494,326.758), cal1:(127.982,382.649)

0.528275 -0.178838 1.29872 0.900364
left wrist real0:(579.553,213.562), cal0:(576.318,165.939)
left wrist real1:(561.011,138.046), cal1:(566.211,191.732)

0.0120045 -0.450888 2.54915 0.951253
right wrist real0:(339.354,195.031), cal0:(334.777,142.396)
right wrist real1:(238.114,126.28), cal1:(243.184,181.718)

0.49349 -0.274037 1.30636 0.884798
left pinky real0:(564.299,184.683), cal0:(558.892,122.628)
left pinky real1:(542.202,84.5483), cal1:(548.51,153.565)

0.0579646 -0.625384 2.39201 0.928718
right pinky real0:(353.161,151.727), cal0:(346.506,91.5712)
right pinky real1:(254.936,66.0058), cal1:(260.336,129.692)

0.478984 -0.316047 1.3454 0.889457
left index real0:(550.901,161.363), cal0:(545.83,107.519)
left index real1:(526.129,81.3844), cal1:(531.42,140.559)

0.0406153 -0.559531 2.01049 0.93118
right index real0:(350.613,137.914), cal0:(344.084,81.4395)
right index real1:(278.091,57.8409), cal1:(283.054,117.335)

0.48119 -0.270942 1.3711 0.884962
left thumb real0:(547.176,181.84), cal0:(542.786,129.937)
left thumb real1:(521.923,103.469), cal1:(527.208,160.832)

0.0377786 -0.487605 1.9603 0.929549
right thumb real0:(348.969,149.992), cal0:(343.526,99.2074)
right thumb real1:(283.247,81.4607), cal1:(287.814,134.705)

0.391813 0.898433 1.70819 0.148738
left hip real0:(470.176,560.809), cal0:(469.747,564.789)
left hip real1:(468.778,624.123), cal1:(464.104,592.924)

-0.0448227 1.05954 2.04943 0.139852
right hip real0:(317.959,566.916), cal0:(318.809,559.401)
right hip real1:(283.776,610.574), cal1:(287.03,632.059)

0.475076 2.09291 2.18973 0.0204253
left knee real0:(466.15,805.897), cal0:(462.288,823.109)
left knee real1:(446.228,918.635), cal1:(439.241,881.508)

-0.00962358 2.35987 2.5508 0.0176917
right knee real0:(327.942,812.271), cal0:(329.681,804.699)
right knee real1:(279.072,907.024), cal1:(282.506,925.094)

0.503029 3.43073 2.53994 0.00287843
left ankle real0:(460.021,1033.14), cal0:(450.928,1060.46)
left ankle real1:(430.371,1175.19), cal1:(428.87,1168.57)

0.080158 4.96423 3.97822 0.00220465
right ankle real0:(332.881,1033.86), cal0:(344.053,998.638)
right ankle real1:(259.726,1165.86), cal1:(261.157,1172.03)

0.500639 3.52588 2.52372 0.00257316
left heel real0:(460.193,1062.08), cal0:(451.124,1088.33)
left heel real1:(434.068,1209.06), cal1:(432.46,1202.11)

0.0615192 5.40914 4.18378 0.00278175
right heel real0:(329.246,1060.69), cal0:(340.782,1025.7)
right heel real1:(252.326,1200.28), cal1:(254.745,1210.58)

0.634096 4.80324 3.30551 0.00282586
left foot index real0:(453.525,1104.44), cal0:(447.193,1121.99)
left foot index real1:(402.028,1264.82), cal1:(399.401,1253.69)

0.253419 6.40329 4.60212 0.00254977
right foot index real0:(356.514,1109.29), cal0:(365.03,1084.9)
right foot index real1:(275.895,1261.3), cal1:(278.676,1272.49)

