camera0:
0.989042 0.307445 0.998831 0
0.987667 0.224262 0.997204 0
0.98994 0.222942 0.996347 0
0.990677 0.221253 0.994056 0
0.961864 0.220625 0.999126 0
0.944568 0.218244 0.999356 0
0.924937 0.21441 0.999373 0
0.929651 0.225337 0.994131 0
0.826914 0.218023 0.999821 0.49325
0.971204 0.368799 0.997548 0
0.939758 0.377931 0.999648 0.49875
0.923807 0.527033 0.967292 0.65525
0.536284 0.530503 0.999115 0.50775
0.98072 0.838482 0.385816 0
0.294546 0.884558 0.962825 0
1.00406 1.08644 0.541878 -111
0.223411 1.26586 0.848059 -111
1.05356 1.14314 0.525044 -111
0.200738 1.35133 0.80079 -111
1.03228 1.15479 0.540644 -111
0.241755 1.33875 0.829733 -111
1.00526 1.14668 0.56002 -111
0.252448 1.31622 0.821191 -111
0.820992 1.32173 0.0537246 -111
0.541733 1.32567 0.0530462 -111
0.78347 1.97505 0.0065494 -111
0.54671 2.021 0.00952713 -111
0.7588 2.55632 0.000622499 -111
0.503231 2.6091 0.00071731 -111
0.73293 2.65162 0.00063028 -111
0.457006 2.69727 0.00116805 -111
0.831292 2.72199 0.00181575 -111
0.636061 2.78134 0.00197186 -111
camera1:
0.505428 0.149206 0.996584 0
0.550725 0.067894 0.994095 0
0.580038 0.0741714 0.995417 0
0.607763 0.0817564 0.994726 0
0.472547 0.0690992 0.993303 0
0.448083 0.0765636 0.99415 0
0.427388 0.085164 0.993349 0
0.66397 0.12553 0.996953 0
0.408575 0.134332 0.995833 0
0.561547 0.240974 0.99808 0
0.463721 0.248705 0.998173 0
0.804791 0.497965 0.994777 0.50725
0.26037 0.514468 0.992134 0.56775
0.929131 0.933141 0.610844 0
-0.0193781 0.763451 0.699242 -111
0.852702 1.35105 0.323828 -111
-0.270008 0.980922 0.414003 -111
0.854802 1.50143 0.316916 -111
-0.344318 1.04007 0.379517 -111
0.786228 1.4642 0.339487 -111
-0.317462 1.03689 0.422595 -111
0.776567 1.40334 0.344167 -111
-0.277537 1.02866 0.446977 -111
0.687314 1.35594 0.0236579 -111
0.352099 1.35484 0.0307068 -111
0.707513 2.04196 0.0280799 -111
0.375579 2.03979 0.023356 -111
0.669429 2.67212 0.00661673 -111
0.350126 2.68634 0.00657051 -111
0.669641 2.76658 0.00764244 -111
0.344641 2.79306 0.00945584 -111
0.601384 2.90749 0.00415912 -111
0.371811 2.89915 0.00409091 -111
fused:
59680.1 -36572.4 134116 0.998831
nose real0:(632.987,147.573), cal0:(599.281,84.8128)
nose real1:(323.474,71.619), cal1:(362.805,139.857)

44456.4 -32263.4 94775.1 0.997204
left eye (inner) real0:(632.107,107.646), cal0:(613.75,44.1092)
left eye (inner) real1:(352.464,32.5891), cal1:(371.944,104.529)

28061 -19529.4 57753.4 0.996347
left eye real0:(633.561,107.012), cal0:(623.845,45.4729)
left eye real1:(371.225,35.6023), cal1:(380.22,106.073)

11.8 -8.04436 24.0105 0.994726
left eye (outer) real0:(634.033,106.202), cal0:(627.195,47.3453)
left eye (outer) real1:(388.968,39.2431), cal1:(394.597,106.848)

55404.8 -46132.6 134697 0.999126
right eye (inner) real0:(615.593,105.9), cal0:(579.059,42.8645)
right eye (inner) real1:(302.43,33.1676), cal1:(343.087,102.147)

54803.2 -48229.5 141503 0.999356
right eye real0:(604.523,104.757), cal0:(564.62,43.858)
right eye real1:(286.773,36.7505), cal1:(330.864,102.48)

52963.7 -49332 145498 0.999373
right eye (outer) real0:(591.96,102.917), cal0:(550.637,44.9283)
right eye (outer) real1:(273.529,40.8787), cal1:(318.851,102.904)

1.59179 -1.15435 3.7091 0.996953
left ear real0:(594.977,108.162), cal0:(589.771,61.6578)
left ear real1:(424.941,60.2543), cal1:(429.371,112.724)

33748 -36321.7 114691 0.999821
right ear real0:(529.225,104.651), cal0:(508.724,58.3691)
right ear real1:(261.488,64.4793), cal1:(282.355,113.648)

40811 -18360.7 88314.2 0.99808
mouth (left) real0:(621.57,177.024), cal0:(609.568,123.751)
mouth (left) real1:(359.39,115.667), cal1:(373.957,174.468)

57160.2 -29787.9 146509 0.999648
mouth (right) real0:(601.445,181.407), cal0:(566.335,126.506)
mouth (right) real1:(296.781,119.379), cal1:(337.75,176.968)

0.807373 -0.0456871 1.87593 0.994777
left shoulder real0:(591.236,252.976), cal0:(590.508,234.06)
left shoulder real1:(515.066,239.023), cal1:(517.14,258.71)

0.119924 -0.289227 7.30499 0.999115
right shoulder real0:(343.222,254.642), cal0:(341.811,224.902)
right shoulder real1:(166.637,246.944), cal1:(169.564,275.434)

0.7561 0.477622 1.54383 0.610844
left elbow real0:(627.661,402.471), cal0:(626.176,434.627)
left elbow real1:(594.644,447.908), cal1:(592.845,434.133)

-1.53976 1.29108 6.5062 0.962825
right elbow real0:(188.51,424.588), cal0:(189.771,367.956)
right elbow real1:(-12.402,366.457), cal1:(-1.50775,454.782)

1.43858 1.42658 2.81 0.541878
left wrist real0:(642.599,521.491), cal0:(639.51,553.806)
left wrist real1:(545.729,648.505), cal1:(532.005,554.468)

-28226.9 43599 90731.7 0.848059
right wrist real0:(142.983,607.611), cal0:(145.049,537.487)
right wrist real1:(-172.805,470.842), cal1:(-123.604,691.227)

2.26512 2.31874 4.0345 0.525044
left pinky real0:(674.279,548.708), cal0:(669.239,594.1)
left pinky real1:(547.073,720.688), cal1:(527.5,590.912)

-36243.6 57410 106461 0.80079
right pinky real0:(128.472,648.639), cal0:(127.424,572.784)
right pinky real1:(-220.363,499.236), cal1:(-150.309,745.912)

3.81006 4.05874 7.05922 0.540644
left index real0:(660.657,554.3), cal0:(656.197,594.237)
left index real1:(503.186,702.818), cal1:(487.43,598.494)

-39583.4 66998.2 128050 0.829733
right index real0:(154.723,642.602), cal0:(146.237,563.145)
right index real1:(-203.176,497.707), cal1:(-121.335,725.041)

2.87034 3.10199 5.59761 0.56002
left thumb real0:(643.366,550.409), cal0:(640.007,581.741)
left thumb real1:(497.003,673.601), cal1:(484.275,588.534)

-36715.7 62242.1 124495 0.821191
right thumb real0:(161.567,631.785), cal0:(154.773,549.163)
right thumb real1:(-177.624,493.755), cal1:(-108.672,703.02)

0.956336 1.89371 2.96536 0.0537246
left hip real0:(525.435,634.432), cal0:(525.696,632.493)
left hip real1:(439.881,650.85), cal1:(441.394,660.398)

0.126652 2.64926 4.33358 0.0530462
right hip real0:(346.709,636.32), cal0:(349.506,616.1)
right hip real1:(225.343,650.322), cal1:(233.577,701.922)

0.85015 3.26368 2.90465 0.0280799
left knee real0:(501.421,948.025), cal0:(507.783,923.968)
left knee real1:(452.809,980.142), cal1:(453.04,981.286)

0.580735 8.02083 7.82435 0.023356
right knee real0:(349.895,970.078), cal0:(376.538,864.775)
right knee real1:(240.37,979.098), cal1:(243.17,993.233)

1.39743 7.41706 4.82409 0.00661673
left ankle real0:(485.632,1227.04), cal0:(505.976,1172.72)
left ankle real1:(428.435,1282.62), cal1:(428.529,1283.01)

2.91331 52.2782 37.1637 0.00657051
right ankle real0:(322.068,1252.37), cal0:(379.043,1094.11)
right ankle real1:(224.08,1289.44), cal1:(224.416,1290.86)

1.19054 6.96016 4.37337 0.00764244
left heel real0:(469.075,1272.78), cal0:(495.492,1205.16)
left heel real1:(428.57,1327.96), cal1:(428.661,1328.32)

0.513576 17.9071 12.2977 0.00945584
right heel real0:(292.484,1294.69), cal0:(357.037,1123.82)
right heel real1:(220.57,1340.67), cal1:(221.036,1342.58)

11093.7 57221.3 33707.1 0.00415912
left foot index real0:(532.027,1306.55), cal0:(529.673,1268.93)
left foot index real1:(384.886,1395.6), cal1:(389.637,1401.06)

6614.11 83926.3 52900.7 0.00409091
right foot index real0:(407.079,1335.04), cal0:(407.061,1202.15)
right foot index real1:(237.959,1391.59), cal1:(254.279,1413.92)

