camera0:
0.972186 0.312467 0.999023 0
0.971204 0.224731 0.997671 0
0.975199 0.22599 0.996957 0
0.97774 0.226676 0.995079 0
0.942114 0.216895 0.999269 0
0.921345 0.21346 0.999457 0
0.898324 0.210076 0.999472 0
0.927209 0.234804 0.995174 0
0.798306 0.222021 0.999848 0.502
0.954457 0.368712 0.997958 0.49275
0.919052 0.372466 0.999702 0.4915
0.921041 0.534788 0.973062 0.6485
0.541319 0.534717 0.999254 0.505
1.00113 0.764145 0.335554 -111
0.301939 0.888064 0.960063 0
1.0315 0.906042 0.470145 -111
0.262806 1.31027 0.800406 -111
1.08776 0.92563 0.46078 -111
0.238886 1.40711 0.762021 -111
1.06421 0.931652 0.479792 -111
0.290666 1.39296 0.799773 -111
1.0351 0.938014 0.497492 -111
0.302552 1.3635 0.787704 -111
0.828705 1.32051 0.0438291 -111
0.545372 1.32978 0.0431989 -111
0.806965 1.97405 0.00534063 -111
0.577237 2.02368 0.00782276 -111
0.789002 2.55277 0.000506208 -111
0.536491 2.60171 0.000582633 -111
0.760991 2.65191 0.000511333 -111
0.486009 2.69328 0.000948597 -111
0.874679 2.71594 0.00154669 -111
0.686231 2.76975 0.00161181 -111
camera1:
0.480963 0.152303 0.99516 0
0.528411 0.064124 0.991644 0
0.562446 0.0699367 0.993417 0
0.589532 0.0769061 0.992423 0
0.449576 0.0715597 0.990602 0
0.425951 0.0803985 0.991794 0
0.405794 0.0893022 0.99085 0
0.646564 0.118983 0.995697 0
0.393919 0.13335 0.99435 0
0.538196 0.239214 0.997365 0
0.447954 0.251625 0.997606 0
0.805954 0.494092 0.994229 0.508
0.259728 0.517805 0.990979 0.5645
0.930389 0.945365 0.571473 0
-0.0271815 0.771573 0.680225 -111
0.818612 1.33033 0.269985 -111
-0.327782 0.946318 0.362048 -111
0.803273 1.47573 0.264505 -111
-0.412426 0.986094 0.326339 -111
0.731289 1.4277 0.28742 -111
-0.392158 0.977326 0.372119 -111
0.728789 1.37003 0.291782 -111
-0.349552 0.976783 0.398207 -111
0.681338 1.37383 0.0193972 -111
0.341133 1.37315 0.0250908 -111
0.689095 2.0856 0.0243755 -111
0.371005 2.07111 0.019284 -111
0.668748 2.72858 0.00540696 -111
0.358557 2.72376 0.00534596 -111
0.681479 2.82759 0.00622267 -111
0.354817 2.8292 0.00769228 -111
0.593859 2.95915 0.00340145 -111
0.381263 2.94481 0.00334301 -111
fused:
66540.6 -42575.6 157997 0.999023
nose real0:(622.199,149.984), cal0:(584.96,86.7493)
nose real1:(307.817,73.1056), cal1:(350.968,141.322)

51440.7 -39320.9 115134 0.997671
left eye (inner) real0:(621.57,107.871), cal0:(600.362,43.4471)
left eye (inner) real1:(338.183,30.7795), cal1:(360.918,103.46)

35899.1 -25995.8 76851.8 0.996957
left eye real0:(624.127,108.475), cal0:(612.577,45.4084)
left eye real1:(359.966,33.5696), cal1:(371.077,105.618)

19.0463 -13.3491 39.9122 0.995079
left eye (outer) real0:(625.754,108.804), cal0:(618.636,47.6908)
left eye (outer) real1:(377.301,36.9149), cal1:(383.149,107.234)

60303.5 -53462.7 155905 0.999269
right eye (inner) real0:(602.953,104.11), cal0:(564.322,42.6077)
right eye (inner) real1:(287.729,34.3487), cal1:(330.527,101.352)

58335.3 -55102.2 161537 0.999457
right eye real0:(589.661,102.461), cal0:(548.9,43.6936)
right eye real1:(272.609,38.5913), cal1:(317.259,101.726)

55223.5 -55666.1 164261 0.999472
right eye (outer) real0:(574.928,100.837), cal0:(533.921,45.0297)
right eye (outer) real1:(259.708,42.8651), cal1:(304.177,102.351)

1.8001 -1.31064 4.227 0.995697
left ear real0:(593.414,112.706), cal0:(587.787,62.3527)
left ear real1:(413.801,57.1118), cal1:(418.611,114.05)

31815.8 -37158.8 117994 0.999848
right ear real0:(510.916,106.57), cal0:(493.937,59.4344)
right ear real1:(252.108,64.008), cal1:(268.828,114.142)

48991 -23323.1 111553 0.997958
mouth (left) real0:(610.852,176.982), cal0:(595.786,123.045)
mouth (left) real1:(344.445,114.823), cal1:(362.488,173.836)

60735.4 -33708.2 164661 0.999702
mouth (right) real0:(588.193,178.784), cal0:(553.541,125.667)
mouth (right) real1:(286.691,120.78), cal1:(326.6,176.216)

0.789206 -0.0411048 1.84697 0.994229
left shoulder real0:(589.466,256.698), cal0:(588.654,235.322)
left shoulder real1:(515.811,237.164), cal1:(518.186,259.682)

0.174081 -0.293459 7.98533 0.999254
right shoulder real0:(346.444,256.664), cal0:(345.045,226.611)
right shoulder real1:(166.226,248.547), cal1:(169.202,277.44)

0.82525 0.490563 1.62045 0.571473
left elbow real0:(640.726,366.79), cal0:(637.9,430.635)
left elbow real1:(595.449,453.775), cal1:(592.358,429.997)

-1.83403 1.64161 8.01966 0.960063
right elbow real0:(193.241,426.271), cal0:(194.558,371.718)
right elbow real1:(-17.3962,370.355), cal1:(-6.31181,459.813)

2.36347 1.69157 4.36642 0.470145
left wrist real0:(660.161,434.9), cal0:(657.132,481.522)
left wrist real1:(523.911,638.559), cal1:(503.428,488.364)

-44546.5 78715.4 152959 0.800406
right wrist real0:(168.196,628.929), cal0:(156.986,557.976)
right wrist real1:(-209.781,454.232), cal1:(-105.169,713.85)

8.85927 6.31516 14.7956 0.46078
left pinky real0:(696.164,444.302), cal0:(691.673,505.215)
left pinky real1:(514.095,708.349), cal1:(486.597,510.662)

-49109.7 89587.3 153610 0.762021
right pinky real0:(152.887,675.413), cal0:(139.882,599.199)
right pinky real1:(-263.952,473.325), cal1:(-130.474,776.497)

41583.2 31073.5 73006.6 0.479792
left index real0:(681.094,447.193), cal0:(674.132,504.493)
left index real1:(468.025,685.296), cal1:(453.987,515.738)

-50430 100162 178088 0.799773
right index real0:(186.026,668.622), cal0:(161.827,586.711)
right index real1:(-250.981,469.116), cal1:(-97.3079,750.126)

32.8003 24.992 60.2442 0.497492
left thumb real0:(662.465,450.247), cal0:(659.038,498.013)
left thumb real1:(466.425,657.612), cal1:(446.22,511.712)

-49552.4 96613.2 181825 0.787704
right thumb real0:(193.633,654.478), cal0:(168.223,568.033)
right thumb real1:(-223.714,468.856), cal1:(-88.2128,722.719)

1.07477 2.08252 3.25312 0.0438291
left hip real0:(530.371,633.846), cal0:(530.428,633.424)
left hip real1:(436.056,659.44), cal1:(436.382,661.499)

0.162634 3.05699 4.95487 0.0431989
right hip real0:(349.038,638.295), cal0:(351.667,619.485)
right hip real1:(218.325,659.114), cal1:(225.949,706.75)

1.13097 4.21452 3.65302 0.0243755
left knee real0:(516.457,947.544), cal0:(517.945,942.061)
left knee real1:(441.021,1001.09), cal1:(441.068,1001.32)

1.58116 16.2705 15.5095 0.019284
right knee real0:(369.432,971.366), cal0:(393.195,879.17)
right knee real1:(237.443,994.134), cal1:(239.898,1006.43)

1.77261 9.16606 5.80293 0.00540696
left ankle real0:(504.961,1225.33), cal0:(515.463,1197.99)
left ankle real1:(427.999,1309.72), cal1:(428.046,1309.91)

831.874 12132.9 8438.16 0.00534596
right ankle real0:(343.354,1248.82), cal0:(391.174,1112.83)
right ankle real1:(229.476,1307.4), cal1:(229.787,1308.62)

1.28369 7.37855 4.50564 0.00622267
left heel real0:(487.034,1272.92), cal0:(503.11,1232.89)
left heel real1:(436.146,1357.25), cal1:(436.201,1357.46)

1.06339 25.6711 17.2686 0.00769228
right heel real0:(311.046,1292.77), cal0:(368.943,1142.11)
right heel real1:(227.083,1358.02), cal1:(227.498,1359.7)

15735.1 83382 48351.1 0.00340145
left foot index real0:(559.795,1303.65), cal0:(527.457,1285.1)
left foot index real1:(380.07,1420.39), cal1:(388.83,1422.87)

8408.58 100142 61991.2 0.00334301
right foot index real0:(439.188,1329.48), cal0:(413.437,1219.54)
right foot index real1:(244.008,1413.51), cal1:(262.811,1431.69)

