camera0:
0.91104 0.232425 0.999009 0
0.91979 0.153237 0.997412 0
0.93115 0.16058 0.996684 0
0.940153 0.165624 0.99417 0
0.874797 0.127964 0.999156 0
0.852297 0.121136 0.99941 0
0.828227 0.117386 0.99941 0
0.920085 0.185934 0.993771 0
0.756004 0.149826 0.999823 0.502
0.908624 0.311048 0.998015 0
0.862024 0.305829 0.999725 0
0.924055 0.527857 0.964936 0.6455
0.517894 0.515898 0.998969 0.50725
1.08312 0.796923 0.518566 -111
0.276548 0.868557 0.961193 0
1.13943 0.892296 0.606703 -111
0.230831 1.22856 0.874571 -111
1.18955 0.91651 0.586758 -111
0.215711 1.34133 0.826214 -111
1.17327 0.89003 0.599213 -111
0.261115 1.30714 0.847653 -111
1.1416 0.895955 0.611085 -111
0.273183 1.2732 0.844104 -111
0.829598 1.28884 0.0759187 -111
0.563342 1.2935 0.0753864 -111
0.80254 1.92384 0.00978465 -111
0.561667 1.94973 0.0135053 -111
0.774931 2.47019 0.000933316 -111
0.530883 2.51064 0.00105055 -111
0.750437 2.57347 0.000954202 -111
0.480844 2.60823 0.00173794 -111
0.856523 2.62371 0.00232845 -111
0.670165 2.66848 0.00267244 -111
camera1:
0.418079 0.156561 0.997738 0
0.460553 0.0727089 0.995944 0
0.487453 0.0742051 0.996908 0
0.52217 0.0794297 0.99646 0
0.392252 0.0850083 0.995444 0
0.369119 0.0911248 0.996005 0
0.346673 0.0939834 0.995475 0
0.599826 0.12334 0.997792 0
0.363418 0.129438 0.99758 0
0.468605 0.246757 0.998776 0
0.404317 0.255561 0.998721 0
0.784412 0.48082 0.995402 0.50875
0.253334 0.506018 0.994817 0.569
0.911735 0.928521 0.712847 0
-0.0513689 0.816497 0.807418 -111
0.802019 1.32146 0.464822 -111
-0.251108 0.988862 0.55414 -111
0.789141 1.46348 0.453905 -111
-0.319308 1.03697 0.519492 -111
0.718584 1.42854 0.471984 -111
-0.298009 1.02788 0.5535 -111
0.71607 1.37123 0.476918 -111
-0.263105 1.01909 0.571675 -111
0.659222 1.34356 0.0345614 -111
0.343787 1.34107 0.0454055 -111
0.660969 2.02358 0.0362904 -111
0.349317 2.01935 0.0342893 -111
0.655106 2.63761 0.00992473 -111
0.350543 2.64877 0.00993257 -111
0.670587 2.7326 0.0115391 -111
0.350028 2.74951 0.0143223 -111
0.575083 2.85382 0.00620763 -111
0.362725 2.86275 0.00612845 -111
fused:
80074.9 -69471.3 228913 0.999009
nose real0:(583.065,111.564), cal0:(542.098,66.3075)
nose real1:(267.571,75.1495), cal1:(312.742,121.943)

71214.1 -69597.4 187754 0.997412
left eye (inner) real0:(588.666,73.5538), cal0:(559.814,25.9215)
left eye (inner) real1:(294.754,34.9003), cal1:(325.577,86.2753)

68024.7 -62302.4 169838 0.996908
left eye real0:(595.936,77.0785), cal0:(572.571,28.2344)
left eye real1:(311.97,35.6184), cal1:(336.634,88.9169)

56948.6 -48609.6 134162 0.99646
left eye (outer) real0:(601.698,79.4995), cal0:(586.958,30.9478)
left eye (outer) real1:(334.189,38.1262), cal1:(348.942,91.948)

68537.4 -81743.9 217117 0.999156
right eye (inner) real0:(559.87,61.4225), cal0:(521.592,22.4273)
right eye (inner) real1:(251.041,40.804), cal1:(291.781,81.2716)

64367.5 -83671 222122 0.99941
right eye real0:(545.47,58.1453), cal0:(506.04,22.3117)
right eye real1:(236.236,43.7399), cal1:(277.715,80.3741)

59319 -84796.7 225121 0.99941
right eye (outer) real0:(530.065,56.3451), cal0:(490.248,22.3225)
right eye (outer) real1:(221.871,45.112), cal1:(263.193,79.5654)

2.9887 -2.367 7.12045 0.997792
left ear real0:(588.854,89.2481), cal0:(584.109,48.9159)
left ear real1:(383.889,59.203), cal1:(387.632,104.385)

34449.5 -51919.9 149671 0.999823
right ear real0:(483.843,71.9165), cal0:(470.225,40.2187)
right ear real1:(232.588,62.1303), cal1:(245.446,95.2655)

73268.2 -45604.9 195929 0.998776
mouth (left) real0:(581.519,149.303), cal0:(556.605,108.81)
mouth (left) real1:(299.907,118.443), cal1:(328.168,160.842)

69906.7 -52165.1 224644 0.999725
mouth (right) real0:(551.695,146.798), cal0:(518.899,109.14)
mouth (right) real1:(258.763,122.669), cal1:(294.742,160.864)

0.878238 -0.0659101 2.04129 0.995402
left shoulder real0:(591.395,253.372), cal0:(590.419,229.292)
left shoulder real1:(502.024,230.794), cal1:(504.631,255.688)

-0.0196878 -0.300696 6.18825 0.998969
right shoulder real0:(331.452,247.631), cal0:(330.037,219.494)
right shoulder real1:(162.134,242.888), cal1:(164.853,269.567)

1.36949 0.662312 2.28767 0.712847
left elbow real0:(693.199,382.523), cal0:(691.59,422.691)
left elbow real1:(583.511,445.69), cal1:(580.486,422.193)

-1.91481 1.43381 7.47559 0.961193
right elbow real0:(176.99,416.907), cal0:(178.068,363.965)
right elbow real1:(-32.8761,391.919), cal1:(-25.3592,453.151)

59.6229 38.1321 91.3166 0.606703
left wrist real0:(729.234,428.302), cal0:(724.202,499.657)
left wrist real1:(513.292,634.299), cal1:(495.044,502.161)

-48043.4 65471.7 155961 0.874571
right wrist real0:(147.732,589.707), cal0:(146.884,500.988)
right wrist real1:(-160.709,474.654), cal1:(-121.472,642.292)

96089.6 66770.4 140959 0.586758
left pinky real0:(761.315,439.925), cal0:(741.479,533.376)
left pinky real1:(505.05,702.471), cal1:(507.611,530.184)

-62292.6 89823.5 186794 0.826214
right pinky real0:(138.055,643.837), cal0:(131.603,537.693)
right pinky real1:(-204.357,497.744), cal1:(-144.278,696.654)

117992 82455.7 183234 0.599213
left index real0:(750.896,427.215), cal0:(718.805,519.142)
left index real1:(459.894,685.698), cal1:(489.569,521.29)

-67780.2 102172 222056 0.847653
right index real0:(167.114,627.43), cal0:(148.571,525.222)
right index real1:(-190.726,493.385), cal1:(-118.484,673.644)

106232 74097.1 170769 0.611085
left thumb real0:(730.626,430.058), cal0:(705.671,509.467)
left thumb real1:(458.285,658.188), cal1:(478.836,514.74)

-63289.3 95640.2 218179 0.844104
right thumb real0:(174.837,611.134), cal0:(157.679,512.143)
right thumb real1:(-168.388,489.165), cal1:(-105.072,653.205)

1.2544 2.32665 3.78562 0.0759187
left hip real0:(530.943,618.641), cal0:(531.017,618.064)
left hip real1:(421.902,644.911), cal1:(422.319,647.582)

0.299405 3.43147 5.81787 0.0753864
right hip real0:(360.539,620.881), cal0:(362.865,603.168)
right hip real1:(220.024,643.714), cal1:(226.656,685.873)

1.33171 4.79377 4.33805 0.0362904
left knee real0:(513.626,923.442), cal0:(516.373,912.817)
left knee real1:(423.02,971.318), cal1:(423.156,971.995)

1.1413 14.2824 14.2267 0.0342893
right knee real0:(359.467,935.872), cal0:(380.143,852.038)
right knee real1:(223.563,969.286), cal1:(225.625,979.814)

1.58686 8.26616 5.46664 0.00992473
left ankle real0:(495.956,1185.69), cal0:(506.339,1157.45)
left ankle real1:(419.268,1266.05), cal1:(419.316,1266.25)

5.30396 85.9199 61.9811 0.00993257
right ankle real0:(339.765,1205.11), cal0:(383.358,1081.8)
right ankle real1:(224.347,1271.41), cal1:(224.592,1272.45)

1.19093 6.82054 4.34267 0.0115391
left heel real0:(480.28,1235.26), cal0:(496.702,1192.6)
left heel real1:(429.176,1311.65), cal1:(429.233,1311.88)

0.575226 17.4282 12.1611 0.0143223
right heel real0:(307.74,1251.95), cal0:(360.364,1109.98)
right heel real1:(224.018,1319.76), cal1:(224.39,1321.31)

20225.7 108223 65785.8 0.00620763
left foot index real0:(548.175,1259.38), cal0:(516.652,1237.37)
left foot index real1:(368.053,1369.84), cal1:(374.095,1371.93)

10141.1 135278 87369.3 0.00612845
right foot index real0:(428.906,1280.87), cal0:(401.68,1179.23)
right foot index real1:(232.144,1374.12), cal1:(246.471,1387.92)

