camera0:
0.91016 0.204971 0.999594 0
0.916207 0.135509 0.999145 0
0.927682 0.141745 0.998949 0
0.939257 0.14714 0.998253 0.493
0.891686 0.118796 0.999616 0
0.850092 0.115534 0.99971 0.49725
0.818752 0.113862 0.999697 0.49225
0.921675 0.176651 0.998115 0
0.76772 0.145253 0.999887 0.50125
0.909996 0.292479 0.999208 0
0.869743 0.283986 0.999836 0
0.921969 0.530489 0.974841 0
0.521046 0.522956 0.998959 0.51225
1.06962 0.7729 0.625216 -111
0.259266 0.875122 0.9631 0
1.13246 0.722756 0.700164 -111
0.256076 1.20838 0.899245 -111
1.14225 0.720545 0.672002 -111
0.255167 1.30324 0.854632 -111
1.13858 0.672334 0.683275 -111
0.313765 1.26451 0.86886 -111
1.12065 0.684027 0.692486 -111
0.322385 1.23802 0.865227 -111
0.806295 1.27562 0.0929004 -111
0.592465 1.30256 0.0920122 -111
0.810694 1.36623 0.0119902 -111
0.672095 1.41052 0.0162777 -111
0.741178 1.69301 0.00114497 -111
0.629721 1.66021 0.00127301 -111
0.706237 1.78207 0.00117493 -111
0.534592 1.71572 0.00211954 -111
0.829252 1.80121 0.00274538 -111
0.832278 1.76086 0.00314634 -111
camera1:
0.430925 0.184498 0.997931 0
0.470158 0.0877517 0.996306 0
0.493603 0.0867539 0.997112 0
0.52437 0.0938188 0.996766 0
0.412995 0.107468 0.995874 0
0.393585 0.115772 0.996256 0
0.379037 0.122969 0.995859 0
0.603718 0.133469 0.997805 0
0.390259 0.141169 0.997796 0
0.476101 0.263138 0.998878 0
0.42072 0.279791 0.998821 0
0.782073 0.468041 0.995494 0.51675
0.260714 0.492499 0.995482 0.57425
0.895335 0.916954 0.78152 0
-0.0149388 0.766885 0.846145 -111
0.90773 1.30222 0.569353 -111
-0.242782 0.999563 0.658639 -111
0.934314 1.4279 0.555595 -111
-0.323669 1.05458 0.62291 -111
0.887565 1.41345 0.574288 -111
-0.294925 1.04655 0.653084 -111
0.867189 1.36819 0.579565 -111
-0.254293 1.04133 0.669028 -111
0.657752 1.29065 0.0425292 -111
0.345384 1.28203 0.0558974 -111
0.650394 1.96461 0.0434917 -111
0.348351 1.94196 0.0420145 -111
0.642409 2.55782 0.0121781 -111
0.355764 2.53751 0.0122335 -111
0.659503 2.64798 0.0141861 -111
0.352222 2.62364 0.0176448 -111
0.573484 2.74808 0.00760608 -111
0.385047 2.74775 0.00753872 -111
fused:
54649.1 -46613 153244 0.999594
nose real0:(582.502,98.3863), cal0:(546.19,65.8918)
nose real1:(275.792,88.5592), cal1:(316.308,121.682)

47121.7 -45845.6 123144 0.999145
left eye (inner) real0:(586.373,65.0441), cal0:(561.834,24.9537)
left eye (inner) real1:(300.901,42.1208), cal1:(327.252,85.5079)

45048.8 -41443.4 112030 0.998949
left eye real0:(593.716,68.0377), cal0:(573.523,26.3742)
left eye real1:(315.906,41.6419), cal1:(337.322,87.313)

39082.6 -33479.6 91836 0.998253
left eye (outer) real0:(601.124,70.6272), cal0:(587.615,29.6022)
left eye (outer) real1:(335.597,45.033), cal1:(349.404,90.7929)

49879.9 -54984.3 147833 0.999616
right eye (inner) real0:(570.679,57.0223), cal0:(534.649,25.1697)
right eye (inner) real1:(264.317,51.5848), cal1:(303.577,84.4019)

42792.1 -52331.9 141774 0.99971
right eye real0:(544.059,55.4564), cal0:(513.278,26.8599)
right eye real1:(251.895,55.5704), cal1:(284.566,84.8986)

37444.1 -49778.8 135918 0.999697
right eye (outer) real0:(524.001,54.6538), cal0:(497.453,28.5903)
right eye (outer) real1:(242.584,59.025), cal1:(270.225,85.7154)

2.9465 -2.31766 6.9767 0.998115
left ear real0:(589.872,84.7926), cal0:(585.671,49.049)
left ear real1:(386.38,64.0651), cal1:(389.73,104.491)

20807.3 -28507.8 82818.6 0.999887
right ear real0:(491.341,69.7215), cal0:(482.883,41.826)
right ear real1:(249.766,67.7611), cal1:(257.482,97.3196)

50173.6 -30998.3 132400 0.999208
mouth (left) real0:(582.397,140.39), cal0:(559.61,107.99)
mouth (left) real1:(304.704,126.306), cal1:(330.723,160.12)

48985.6 -34958 150850 0.999836
mouth (right) real0:(556.635,136.313), cal0:(527.035,109.424)
mouth (right) real1:(269.261,134.3), cal1:(302.094,161.188)

0.871501 -0.0733024 2.03748 0.995494
left shoulder real0:(590.06,254.635), cal0:(588.916,227.075)
left shoulder real1:(500.527,224.66), cal1:(503.563,253.728)

-0.00151547 -0.297243 5.83623 0.998959
right shoulder real0:(333.469,251.019), cal0:(331.792,218.088)
right shoulder real1:(166.857,236.4), cal1:(170.036,267.64)

1.38423 0.635953 2.36761 0.78152
left elbow real0:(684.558,370.992), cal0:(683.187,410.125)
left elbow real1:(573.014,440.138), cal1:(569.499,412.506)

-1.17261 0.74727 4.26921 0.9631
right elbow real0:(165.93,420.059), cal0:(166.938,353.892)
right elbow real1:(-9.56086,368.105), cal1:(-1.07692,438.091)

2.38502 1.24771 3.6979 0.700164
left wrist real0:(724.775,346.923), cal0:(719.42,451.477)
left wrist real1:(580.947,625.065), cal1:(557.816,450.022)

-39945.4 52444.4 134207 0.899245
right wrist real0:(163.888,580.021), cal0:(153.136,483.546)
right wrist real1:(-155.381,479.79), cal1:(-112.409,617.424)

2.20692 1.29352 3.39149 0.672002
left pinky real0:(731.04,345.861), cal0:(722.879,477.915)
left pinky real1:(597.961,685.39), cal1:(569.103,472.258)

-52732.5 71490.8 161940 0.854632
right pinky real0:(163.307,625.556), cal0:(136.321,514.012)
right pinky real1:(-207.148,506.196), cal1:(-137.347,663.212)

3.34815 1.83213 5.17004 0.683275
left index real0:(728.69,322.72), cal0:(721.006,461.671)
left index real1:(568.042,678.457), cal1:(539.121,461.657)

-53506.2 78055.1 184249 0.86886
right index real0:(200.81,606.964), cal0:(157.485,503.298)
right index real1:(-188.752,502.343), cal1:(-105.54,641.719)

3.41369 1.8625 5.41769 0.692486
left thumb real0:(717.214,328.333), cal0:(710.49,455.304)
left thumb real1:(555.001,656.73), cal1:(528.606,457.785)

-48816.4 73192.2 178687 0.865227
right thumb real0:(206.327,594.249), cal0:(167.822,494.868)
right thumb real1:(-162.747,499.838), cal1:(-90.4657,627.356)

0.981606 1.91014 3.19441 0.0929004
left hip real0:(516.029,612.296), cal0:(516.556,608.065)
left hip real1:(420.961,619.514), cal1:(423.952,638.784)

0.683764 4.73252 8.11936 0.0920122
right hip real0:(379.178,625.231), cal0:(382.541,598.993)
right hip real1:(221.046,615.374), cal1:(230.754,677.484)

0.653923 2.92542 2.86579 0.0434917
left knee real0:(518.844,655.793), cal0:(469.032,862.188)
left knee real1:(416.252,943.013), cal1:(413.612,929.405)

2612.45 21141.4 22883.5 0.0420145
right knee real0:(430.141,677.049), cal0:(400.533,803.932)
right knee real1:(222.945,932.139), cal1:(220.174,916.329)

0.151111 2.5751 1.86488 0.0121781
left ankle real0:(474.354,812.643), cal0:(380.628,1078.56)
left ankle real1:(411.142,1227.75), cal1:(410.716,1225.93)

-0.0301517 6.2373 4.85347 0.0122335
right ankle real0:(403.022,796.899), cal0:(328.216,1021.04)
right ankle real1:(227.689,1218), cal1:(227.278,1216.19)

0.0733747 2.30024 1.61164 0.0141861
left heel real0:(451.991,855.395), cal0:(359.3,1106.46)
left heel real1:(422.082,1271.03), cal1:(421.768,1269.72)

-0.271725 3.42791 2.634 0.0176448
right heel real0:(342.139,823.545), cal0:(269.973,1030.82)
right heel real1:(225.422,1259.35), cal1:(224.923,1257.2)

0.676278 6.179 4.17714 0.00760608
left foot index real0:(530.721,864.581), cal0:(429.212,1137.7)
left foot index real1:(367.03,1319.08), cal1:(360.368,1291.43)

6186.53 73192.4 51562.8 0.00753872
right foot index real0:(532.658,845.214), cal0:(404.028,1101.79)
right foot index real1:(246.43,1318.92), cal1:(243.762,1284.56)

