camera0:
0.9367 0.200862 0.999572 0
0.946192 0.135738 0.999093 0
0.956284 0.142875 0.998898 0
0.967315 0.150412 0.998188 0
0.901906 0.118851 0.999586 0
0.884073 0.11712 0.999687 0
0.862416 0.116319 0.999672 0
0.930247 0.183905 0.998036 0
0.774856 0.151476 0.999876 0.498
0.938721 0.29113 0.999171 0
0.883831 0.280349 0.999823 0
0.907257 0.52986 0.97775 0.64325
0.538851 0.519553 0.998918 0.49825
1.08297 0.65923 0.685293 -111
0.258832 0.866066 0.960353 0
1.13029 0.548989 0.760945 -111
0.15272 1.20336 0.897136 -111
1.11803 0.509245 0.725271 -111
0.130484 1.27068 0.853049 -111
1.11963 0.471255 0.734168 -111
0.167011 1.24898 0.866344 -111
1.11033 0.500306 0.745214 -111
0.188371 1.23471 0.863458 -111
0.816327 1.24348 0.10019 -111
0.615195 1.26528 0.0968451 -111
0.817428 1.24571 0.0119232 -111
0.710693 1.29684 0.0126107 -111
0.751875 1.40658 0.00103717 -111
0.66236 1.39756 0.000993143 -111
0.707776 1.44976 0.00108199 -111
0.576909 1.42941 0.00161705 -111
0.851146 1.4605 0.00240026 -111
0.852136 1.39936 0.00236155 -111
camera1:
0.426454 0.166469 0.997987 0
0.467363 0.0767228 0.996426 0
0.495043 0.0830561 0.997201 0
0.521063 0.0911949 0.996846 0
0.40841 0.0764454 0.996008 0
0.387067 0.0805535 0.996365 0
0.388242 0.107978 0.995984 0
0.608411 0.133582 0.997768 0
0.381884 0.115099 0.997797 0
0.470638 0.26047 0.998865 0
0.414738 0.265059 0.9988 0
0.775623 0.465876 0.995127 0.50625
0.251069 0.480339 0.995109 0.505
0.892698 0.914566 0.805699 0
-0.0264616 0.773914 0.854796 -111
0.927276 1.32145 0.629467 -111
-0.226423 1.02452 0.712129 -111
0.970189 1.44759 0.614006 -111
-0.294381 1.08422 0.677712 -111
0.913071 1.44168 0.632147 -111
-0.266649 1.07555 0.702785 -111
0.889718 1.39758 0.636902 -111
-0.229933 1.06801 0.715218 -111
0.655768 1.26308 0.0472071 -111
0.340507 1.25199 0.0620468 -111
0.647514 1.93994 0.0482123 -111
0.343845 1.92437 0.0466461 -111
0.632639 2.52419 0.013525 -111
0.354316 2.51333 0.0135911 -111
0.644357 2.61696 0.0157543 -111
0.348982 2.59803 0.0196023 -111
0.575839 2.72594 0.00844559 -111
0.386813 2.7369 0.00837436 -111
fused:
39341.8 -33290.8 106095 0.999572
nose real0:(599.488,96.4139), cal0:(554.721,60.1182)
nose real1:(272.93,79.9053), cal1:(323.377,116.719)

35783.6 -33763.9 89466.5 0.999093
left eye (inner) real0:(605.563,65.1542), cal0:(572.234,21.8898)
left eye (inner) real1:(299.112,36.8269), cal1:(335.937,83.284)

34505.3 -30463.3 81972.5 0.998898
left eye real0:(612.022,68.5802), cal0:(584.832,25.3533)
left eye real1:(316.828,39.867), cal1:(346.795,86.9313)

32857.2 -27149.8 74398.4 0.998188
left eye (outer) real0:(619.082,72.1975), cal0:(597.268,29.3826)
left eye (outer) real1:(333.48,43.7735), cal1:(357.422,91.0214)

33593.6 -37862.9 98485.4 0.999586
right eye (inner) real0:(577.22,57.0486), cal0:(536.87,17.647)
right eye (inner) real1:(261.382,36.6938), cal1:(305.068,77.7296)

32288 -38836 101312 0.999687
right eye real0:(565.807,56.2178), cal0:(523.411,18.3206)
right eye real1:(247.723,38.6657), cal1:(293.159,77.6365)

29766.2 -36169 97166 0.999672
right eye (outer) real0:(551.946,55.8332), cal0:(515.989,24.9864)
right eye (outer) real1:(248.475,51.8294), cal1:(286.901,83.3213)

3.10782 -2.37164 7.20705 0.998036
left ear real0:(595.358,88.2744), cal0:(591.009,50.9293)
left ear real1:(389.383,64.1192), cal1:(392.903,106.441)

16287.2 -22876.7 64967.1 0.999876
right ear real0:(495.908,72.7086), cal0:(482.559,37.0737)
right ear real1:(244.406,55.2476), cal1:(256.899,92.8767)

38289.9 -22975.7 97197.1 0.999171
mouth (left) real0:(600.782,139.742), cal0:(568.614,106.634)
mouth (left) real1:(301.208,125.026), cal1:(338.397,158.963)

34237.9 -24834.3 103694 0.999823
mouth (right) real0:(565.652,134.568), cal0:(530.31,104.763)
mouth (right) real1:(265.432,127.228), cal1:(304.733,156.911)

0.820606 -0.0739389 1.99169 0.995127
left shoulder real0:(580.645,254.333), cal0:(579.471,226.386)
left shoulder real1:(496.398,223.62), cal1:(499.481,253.167)

0.154803 -0.487235 8.41703 0.998918
right shoulder real0:(344.865,249.385), cal0:(342.997,213.908)
right shoulder real1:(160.684,230.563), cal1:(164.113,264.431)

1.52473 0.56153 2.54688 0.805699
left elbow real0:(693.104,316.43), cal0:(691.606,381.201)
left elbow real1:(571.326,438.992), cal1:(564.873,386.778)

-1.27678 0.798408 4.63794 0.960353
right elbow real0:(165.652,415.712), cal0:(166.564,352.155)
right elbow real1:(-16.9355,371.479), cal1:(-9.01876,436.931)

2.05928 0.821075 3.19663 0.760945
left wrist real0:(723.384,263.515), cal0:(718.962,403.064)
left wrist real1:(593.457,634.298), cal1:(564.611,405.702)

-2.82939 2.83392 7.52355 0.897136
right wrist real0:(97.7408,577.613), cal0:(106.018,475.072)
right wrist real1:(-144.911,491.771), cal1:(-127.713,613.503)

1.5198 0.696474 2.42412 0.725271
left pinky real0:(715.54,244.438), cal0:(708.597,421.367)
left pinky real1:(620.921,694.844), cal1:(585.574,419.737)

-4.97248 5.19706 12.5547 0.853049
right pinky real0:(83.51,609.925), cal0:(94.0057,497.478)
right pinky real1:(-188.404,520.423), cal1:(-169.421,651.134)

2.28352 0.978952 3.62772 0.734168
left index real0:(716.565,226.202), cal0:(710.108,410.875)
left index real1:(584.366,692.006), cal1:(549.126,414.923)

-10.0523 11.3388 28.0295 0.866344
right index real0:(106.887,599.509), cal0:(116.493,491.816)
right index real1:(-170.655,516.263), cal1:(-153.084,638.344)

2.5344 1.08802 4.08318 0.745214
left thumb real0:(710.609,240.147), cal0:(704.838,408.837)
left thumb real1:(569.42,670.84), cal1:(536.915,414.804)

-8.25325 9.7457 24.5068 0.863458
right thumb real0:(120.557,592.662), cal0:(129.626,487.693)
right thumb real1:(-147.157,512.645), cal1:(-130.642,628.092)

1.08349 1.9535 3.40893 0.10019
left hip real0:(522.45,596.869), cal0:(522.894,593.093)
left hip real1:(419.691,606.279), cal1:(422.191,622.622)

1.55487 7.97948 14.4051 0.0968451
right hip real0:(393.725,607.336), cal0:(396.794,581.603)
right hip real1:(217.924,600.954), cal1:(226.426,656.357)

0.603324 2.76104 2.75752 0.0482123
left knee real0:(523.154,597.941), cal0:(463.391,850.451)
left knee real1:(414.409,931.173), cal1:(411.831,917.774)

2996.31 24396.8 26562.8 0.0466461
right knee real0:(454.844,622.481), cal0:(399.715,800.677)
right knee real1:(220.061,923.696), cal1:(219.059,912.833)

0.0488881 2.18806 1.63215 0.013525
left ankle real0:(481.2,675.157), cal0:(349.943,1054.38)
left ankle real1:(404.889,1211.61), cal1:(404.494,1209.9)

-0.124803 4.97037 3.93647 0.0135911
right ankle real0:(423.91,670.828), cal0:(312.901,1007.53)
right ankle real1:(226.762,1206.4), cal1:(226.461,1205.06)

-0.0396632 1.89199 1.37256 0.0157543
left heel real0:(452.977,695.883), cal0:(314.588,1077.12)
left heel real1:(412.388,1256.14), cal1:(412.07,1254.8)

-0.301416 3.02587 2.36677 0.0196023
right heel real0:(369.222,686.115), cal0:(255.439,1017.05)
right heel real1:(223.349,1247.05), cal1:(222.977,1245.44)

0.273537 4.00556 2.77145 0.00844559
left foot index real0:(544.734,701.041), cal0:(391.242,1117.3)
left foot index real1:(368.537,1308.45), cal1:(362.367,1282.72)

2.91919 41.8669 29.5787 0.00837436
right foot index real0:(545.367,671.694), cal0:(391.239,1099.36)
right foot index real1:(247.561,1313.71), cal1:(241.464,1287.96)

