camera0:
0.564895 0.354965 0.999074 0.83475
0.5834 0.295779 0.998582 0.84325
0.597471 0.294057 0.998379 0.8515
0.610341 0.293132 0.99781 0.86575
0.544043 0.301116 0.999179 0.853
0.532489 0.302049 0.999369 0.85875
0.521143 0.302902 0.99936 0.865
0.63246 0.318289 0.997788 0.87925
0.508663 0.328297 0.999671 0.87125
0.597473 0.396627 0.998742 0.75525
0.545467 0.400937 0.999556 0.869
0.762907 0.556486 0.983102 2.29075
0.411034 0.583225 0.995487 0.773
0.858334 0.946188 0.526585 0.82675
0.313746 0.938561 0.931643 0.5805
0.758684 0.681674 0.668315 0
0.543765 0.630648 0.850857 0.571
0.734988 0.591173 0.635989 2.26125
0.572503 0.534903 0.80969 0.56175
0.735862 0.539879 0.645839 2.2815
0.579014 0.502958 0.826036 0.56075
0.729363 0.570815 0.649881 2.27
0.569927 0.53956 0.813643 0.56275
0.730252 1.2503 0.0896925 -111
0.453369 1.26108 0.100003 -111
0.72815 1.80556 0.0188466 -111
0.476363 1.80736 0.020003 -111
0.730128 2.31421 0.00195165 -111
0.485942 2.31553 0.00219802 -111
0.739656 2.37725 0.00135149 -111
0.479458 2.38265 0.00238979 -111
0.691268 2.48046 0.00567459 -111
0.533162 2.47556 0.00477429 -111
camera1:
0.674714 0.358028 0.996832 0.81075
0.70625 0.299856 0.99559 0.79625
0.722216 0.301098 0.995826 0.622
0.737242 0.302205 0.995391 0.571
0.660157 0.294484 0.995279 0.78025
0.645543 0.292447 0.995533 0.7775
0.630953 0.290751 0.995686 0.7785
0.758795 0.327025 0.995489 0.57175
0.61848 0.29773 0.996156 0.77775
0.701129 0.413434 0.997465 0.609
0.648798 0.405451 0.997493 0.81425
0.857105 0.625052 0.988261 0.79025
0.477752 0.509502 0.993424 0.84775
0.879207 1.0022 0.69846 -111
0.257326 0.875236 0.74004 0.69775
0.774167 0.640448 0.642417 0.59125
0.418159 0.547939 0.703104 0.83125
0.757462 0.502133 0.614498 0.56825
0.434673 0.471605 0.666342 0.5655
0.755652 0.465301 0.635641 0.5955
0.470063 0.444144 0.691875 0
0.742455 0.500881 0.61949 0.594
0.47588 0.475229 0.685955 0.867
0.766923 1.33582 0.0458491 -111
0.48109 1.30181 0.0600811 -111
0.749648 1.94505 0.0410544 -111
0.495891 1.9198 0.0326673 -111
0.737443 2.47006 0.00978292 -111
0.495402 2.44737 0.00764307 -111
0.741844 2.53726 0.00873992 -111
0.483416 2.51595 0.00934245 -111
0.699995 2.64882 0.00970935 -111
0.524307 2.62512 0.00844982 -111
fused:
0.0529851 -0.165272 1.10888 0.999074
nose real0:(361.533,170.383), cal0:(360.654,159.124)
nose real1:(431.817,171.853), cal1:(432.885,183.216)

0.0715475 -0.207494 1.06233 0.998582
left eye (inner) real0:(373.376,141.974), cal0:(372.409,131.313)
left eye (inner) real1:(452,143.931), cal1:(452.989,154.875)

0.0868767 -0.205853 1.05352 0.998379
left eye real0:(382.381,141.147), cal0:(381.489,131.267)
left eye real1:(462.218,144.527), cal1:(463.14,154.715)

0.100524 -0.203813 1.04423 0.99781
left eye (outer) real0:(390.618,140.703), cal0:(389.781,131.396)
left eye (outer) real1:(471.835,145.058), cal1:(472.709,154.701)

0.0271821 -0.213028 1.08846 0.999179
right eye (inner) real0:(348.188,144.536), cal0:(346.951,131.075)
right eye (inner) real1:(422.501,141.352), cal1:(423.728,154.986)

0.0137583 -0.215619 1.09826 0.999369
right eye real0:(340.793,144.984), cal0:(339.474,130.707)
right eye real1:(413.147,140.374), cal1:(414.441,154.767)

0.000352349 -0.218183 1.1084 0.99936
right eye (outer) real0:(333.532,145.393), cal0:(332.139,130.395)
right eye (outer) real1:(403.81,139.56), cal1:(405.161,154.608)

0.124865 -0.181965 1.04096 0.997788
left ear real0:(404.775,152.779), cal0:(404.01,143.642)
left ear real1:(485.629,156.972), cal1:(486.508,166.482)

-0.0150616 -0.20437 1.11069 0.999671
right ear real0:(325.544,157.582), cal0:(323.801,138.114)
right ear real1:(395.827,142.91), cal1:(397.586,162.302)

0.0934127 -0.123767 1.1243 0.998742
mouth (left) real0:(382.383,190.381), cal0:(381.862,182.538)
mouth (left) real1:(448.723,198.448), cal1:(449.495,206.391)

0.0310427 -0.12809 1.13872 0.999556
mouth (right) real0:(349.099,192.45), cal0:(348.325,181.095)
mouth (right) real1:(415.23,194.617), cal1:(416.324,205.914)

0.289542 0.0497416 1.1115 0.988261
left shoulder real0:(488.26,267.113), cal0:(488.445,275.592)
left shoulder real1:(548.547,300.025), cal1:(547.579,291.24)

-0.148013 -0.00970398 1.26461 0.995487
right shoulder real0:(263.062,279.948), cal0:(261.633,244.085)
right shoulder real1:(305.761,244.561), cal1:(309.244,277.738)

0.495061 0.499495 1.37327 0.69846
left elbow real0:(549.334,454.17), cal0:(548.522,467.291)
left elbow real1:(562.692,481.057), cal1:(561.657,473.415)

-0.384266 0.468408 1.78528 0.931643
right elbow real0:(200.798,450.509), cal0:(202.639,406.379)
right elbow real1:(164.689,420.113), cal1:(172.254,478.651)

0.35094 0.136451 1.37373 0.668315
left wrist real0:(485.558,327.204), cal0:(485.422,308.392)
left wrist real1:(495.467,307.415), cal1:(497.867,328.377)

0.0601302 0.0781593 2.38505 0.850857
right wrist real0:(348.009,302.711), cal0:(347.094,268.392)
right wrist real1:(267.621,263.011), cal1:(272.807,310.671)

0.302532 0.00913044 1.32231 0.635989
left pinky real0:(470.392,283.763), cal0:(469.397,252.847)
left pinky real1:(484.776,241.024), cal1:(488.453,275.336)

0.13716 -0.0868121 2.48718 0.80969
right pinky real0:(366.402,256.754), cal0:(365.078,227.72)
right pinky real1:(278.191,226.371), cal1:(282.478,267.88)

0.30328 -0.0398801 1.32222 0.645839
left index real0:(470.952,259.142), cal0:(469.746,230.57)
left index real1:(483.618,223.344), cal1:(486.823,254.082)

0.13427 -0.125731 2.16912 0.826036
right index real0:(370.569,241.42), cal0:(369.136,213.861)
right index real1:(300.84,213.189), cal1:(304.732,251.555)

0.303787 -0.00330006 1.36284 0.649881
left thumb real0:(466.792,273.991), cal0:(465.863,247.242)
left thumb real1:(475.171,240.423), cal1:(478.413,270.88)

0.107815 -0.0635977 2.05498 0.813643
right thumb real0:(364.753,258.989), cal0:(363.467,230.098)
right thumb real1:(304.563,228.11), cal1:(308.649,267.551)

0.339325 0.890605 1.50972 0.0896925
left hip real0:(467.361,600.146), cal0:(466.976,603.226)
left hip real1:(490.831,641.194), cal1:(489.107,630.096)

-0.10316 0.884297 1.56585 0.100003
right hip real0:(290.156,605.316), cal0:(292.369,588.098)
right hip real1:(307.898,624.87), cal1:(314.21,665.222)

0.391928 1.85589 1.78216 0.0410544
left knee real0:(466.016,866.671), cal0:(464.067,874.549)
left knee real1:(479.774,933.626), cal1:(479.491,932.181)

-0.0470624 1.77555 1.87818 0.0326673
right knee real0:(304.873,867.532), cal0:(316.894,816.843)
right knee real1:(317.37,921.505), cal1:(320.299,936.715)

0.527319 3.12196 2.22798 0.00978292
left ankle real0:(467.282,1110.82), cal0:(474.137,1090.83)
left ankle real1:(471.964,1185.63), cal1:(472.114,1186.28)

0.0441743 3.13335 2.45833 0.00764307
right ankle real0:(311.003,1111.45), cal0:(342.743,1014.7)
right ankle real1:(317.058,1174.74), cal1:(318.432,1180.84)

0.576291 3.36985 2.3246 0.00873992
left heel real0:(473.38,1141.08), cal0:(480.884,1119.92)
left heel real1:(474.78,1217.89), cal1:(474.878,1218.3)

0.0472434 3.45037 2.62808 0.00934245
right heel real0:(306.853,1143.67), cal0:(342.748,1037.72)
right heel real1:(309.386,1207.65), cal1:(310.59,1212.89)

0.491354 3.61207 2.39218 0.00970935
left foot index real0:(442.411,1190.62), cal0:(455.345,1156.15)
left foot index real1:(447.997,1271.43), cal1:(450.261,1280.77)

0.184524 3.95305 2.7765 0.00844982
right foot index real0:(341.224,1188.27), cal0:(371.874,1104.35)
right foot index real1:(335.557,1260.06), cal1:(340.4,1280.32)

