camera0:
0.610868 0.344415 0.999676 0.762
0.626113 0.297452 0.999467 0.75675
0.636316 0.297796 0.99942 0.751
0.645934 0.298149 0.999234 0.7545
0.590123 0.295925 0.999654 0.7685
0.573988 0.296571 0.999731 0.76675
0.56086 0.296733 0.999722 0.7655
0.654616 0.317457 0.99925 0.77075
0.526147 0.304717 0.999849 0.59775
0.634929 0.400536 0.999551 0.76225
0.594203 0.401502 0.999807 0.765
0.731076 0.539041 0.994567 2.28175
0.424274 0.544255 0.998436 0.54775
0.946997 0.674053 0.842243 0.79975
0.384663 0.653302 0.967702 0.533
0.797161 0.375618 0.889449 0
0.50841 0.326968 0.945952 0.5905
0.757942 0.304926 0.868302 0.8885
0.525943 0.240506 0.921163 0.60625
0.733963 0.298637 0.869652 2.56225
0.5285 0.240842 0.923951 0.6065
0.737558 0.323567 0.871087 0
0.522287 0.283064 0.922173 0.60075
0.737115 1.15569 0.151445 -111
0.506611 1.167 0.142904 -111
0.739648 1.69203 0.0223069 -111
0.521046 1.70608 0.0194016 -111
0.733867 2.2056 0.00170475 -111
0.536141 2.21085 0.00117959 -111
0.736848 2.26687 0.0015726 -111
0.528327 2.2675 0.00191794 -111
0.728749 2.35768 0.00276453 -111
0.58431 2.37887 0.00221825 -111
camera1:
0.609431 0.305051 0.998968 0.70075
0.634869 0.238301 0.998488 0.71225
0.650534 0.239041 0.998583 0.71025
0.665649 0.239894 0.998414 0.71225
0.58812 0.238268 0.998388 0.693
0.573655 0.237688 0.998479 0
0.559551 0.236818 0.998513 0.736
0.692835 0.261381 0.998505 0.72875
0.545269 0.254926 0.998713 0.74125
0.640906 0.368332 0.999134 0.71475
0.584522 0.362559 0.999134 0.712
0.81154 0.551855 0.996023 0.76975
0.429494 0.535447 0.997726 0.80975
1.02491 0.784093 0.896539 -111
0.209281 0.701621 0.903461 0.62625
0.883498 0.319236 0.886639 0.6005
0.396152 0.282261 0.904806 0.66575
0.849946 0.180415 0.874164 0.6155
0.421607 0.179434 0.889723 0.7205
0.823526 0.176234 0.879911 2.5025
0.450513 0.171234 0.897393 0
0.818947 0.223345 0.874666 0
0.455664 0.20727 0.895745 0
0.747102 1.30066 0.0528709 -111
0.456249 1.27694 0.0782207 -111
0.719665 1.9192 0.0141979 -111
0.454376 1.89888 0.0112671 -111
0.694005 2.46324 0.00317665 -111
0.428804 2.44781 0.00244389 -111
0.69663 2.53434 0.00283699 -111
0.418496 2.52002 0.00307276 -111
0.658486 2.64657 0.00312717 -111
0.454743 2.64305 0.00281229 -111
fused:
0.136156 -0.25769 1.43701 0.999676
nose real0:(390.956,165.319), cal0:(388.87,140.926)
nose real1:(390.036,146.425), cal1:(392.318,171.265)

0.150212 -0.306896 1.36844 0.999467
left eye (inner) real0:(400.712,142.777), cal0:(397.893,113.916)
left eye (inner) real1:(406.316,114.385), cal1:(408.951,144.188)

0.162103 -0.300162 1.34292 0.99942
left eye real0:(407.243,142.942), cal0:(404.466,114.368)
left eye real1:(416.342,114.74), cal1:(418.965,144.36)

0.172706 -0.29354 1.31807 0.999234
left eye (outer) real0:(413.397,143.111), cal0:(410.666,114.855)
left eye (outer) real1:(426.015,115.149), cal1:(428.624,144.553)

0.101839 -0.321984 1.42732 0.999654
right eye (inner) real0:(377.679,142.044), cal0:(374.813,113.122)
right eye (inner) real1:(376.397,114.369), cal1:(378.991,143.838)

0.0771394 -0.321623 1.42606 0.999731
right eye real0:(367.352,142.354), cal0:(364.445,113.155)
right eye real1:(367.139,114.09), cal1:(369.739,143.668)

0.0574053 -0.323926 1.43394 0.999722
right eye (outer) real0:(358.951,142.432), cal0:(355.999,112.935)
right eye (outer) real1:(358.112,113.673), cal1:(360.721,143.404)

0.176602 -0.257577 1.25511 0.99925
left ear real0:(418.954,152.379), cal0:(416.48,125.361)
left ear real1:(443.415,125.463), cal1:(445.954,153.632)

0.00497518 -0.293927 1.36914 0.999849
right ear real0:(336.734,146.264), cal0:(334.131,119.677)
right ear real1:(348.972,122.364), cal1:(351.31,148.815)

0.171321 -0.184682 1.41322 0.999551
mouth (left) real0:(406.354,192.257), cal0:(404.777,170.159)
mouth (left) real1:(410.18,176.8), cal1:(412.34,199.332)

0.115878 -0.200741 1.49596 0.999807
mouth (right) real0:(380.29,192.721), cal0:(378.483,168.051)
mouth (right) real1:(374.094,174.028), cal1:(376.456,198.797)

0.260238 0.00709884 1.15181 0.996023
left shoulder real0:(467.889,258.74), cal0:(467.684,252.401)
left shoulder real1:(519.385,264.891), cal1:(520.089,271.463)

-0.152265 -0.0221445 1.49202 0.998436
right shoulder real0:(271.535,261.242), cal0:(270.638,239.777)
right shoulder real1:(274.876,257.015), cal1:(276.946,276.844)

0.480497 0.179192 1.05419 0.896539
left elbow real0:(606.078,323.545), cal0:(605.774,350.853)
left elbow real1:(655.945,376.365), cal1:(652.775,349.946)

-0.422407 0.234008 2.95057 0.967702
right elbow real0:(246.184,313.585), cal0:(245.942,296.361)
right elbow real1:(133.94,336.778), cal1:(135.898,354.172)

0.307122 -0.159762 1.04537 0.889449
left wrist real0:(510.183,180.297), cal0:(508.449,156.849)
left wrist real1:(565.439,153.233), cal1:(567.89,179.001)

-0.0325411 -0.423346 2.12175 0.945952
right wrist real0:(325.382,156.944), cal0:(322.734,128.784)
right wrist real1:(253.538,135.485), cal1:(256.216,165.425)

0.254524 -0.245291 1.02571 0.874164
left pinky real0:(485.083,146.365), cal0:(481.025,104.975)
left pinky real1:(543.966,86.599), cal1:(547.901,131.149)

0.00348215 -0.549612 2.00586 0.921163
right pinky real0:(336.604,115.443), cal0:(332.991,84.0248)
right pinky real1:(269.828,86.1285), cal1:(272.619,119.519)

0.232311 -0.255092 1.04433 0.879911
left index real0:(469.737,143.346), cal0:(465.587,101.898)
left index real1:(527.057,84.5921), cal1:(530.901,128.407)

0.00753437 -0.500682 1.8132 0.923951
right index real0:(338.24,115.604), cal0:(334.444,82.7458)
right index real1:(288.329,82.1923), cal1:(291.22,116.847)

0.244335 -0.230464 1.07298 0.874666
left thumb real0:(472.037,155.312), cal0:(468.752,119.612)
left thumb real1:(524.126,107.206), cal1:(527.563,145.383)

-0.00387406 -0.429184 1.75499 0.922173
right thumb real0:(334.263,135.871), cal0:(330.622,101.726)
right thumb real1:(291.625,99.4898), cal1:(294.698,135.263)

0.380325 0.848657 1.64036 0.151445
left hip real0:(471.754,554.733), cal0:(471.238,559.624)
left hip real1:(478.145,624.315), cal1:(472.447,586.081)

-0.024491 1.04106 2.0382 0.142904
right hip real0:(324.231,560.158), cal0:(324.729,555.665)
right hip real1:(291.999,612.93), cal1:(293.958,625.92)

0.478117 2.0174 2.08824 0.0223069
left knee real0:(473.374,812.176), cal0:(469.497,829.297)
left knee real1:(460.585,921.216), cal1:(453.555,883.999)

0.0134196 2.30372 2.4606 0.0194016
right knee real0:(333.469,818.918), cal0:(335.224,811.365)
right knee real1:(290.801,911.462), cal1:(294.252,929.537)

0.555942 3.47978 2.52934 0.00317665
left ankle real0:(469.675,1058.69), cal0:(463.994,1075.51)
left ankle real1:(444.163,1182.35), cal1:(443.26,1178.4)

0.177918 5.18007 4.06631 0.00244389
right ankle real0:(343.13,1061.21), cal0:(358.234,1014.29)
right ankle real1:(274.435,1174.95), cal1:(276.348,1183.13)

0.576414 3.67885 2.58436 0.00283699
left heel real0:(471.583,1088.1), cal0:(465.942,1104.2)
left heel real1:(445.843,1216.48), cal1:(444.909,1212.47)

0.150392 5.50293 4.16783 0.00307276
right heel real0:(338.13,1088.4), cal0:(353.626,1042.2)
right heel real1:(267.838,1209.61), cal1:(270.993,1222.99)

0.699277 4.75196 3.20215 0.00312717
left foot index real0:(466.399,1131.69), cal0:(463.141,1140.55)
left foot index real1:(421.431,1270.35), cal1:(420.11,1264.79)

0.475544 7.42225 5.20822 0.00281229
right foot index real0:(373.959,1141.86), cal0:(386.802,1105.16)
right foot index real1:(291.036,1268.66), cal1:(295.23,1284.98)

