camera0:
0.996544 0.318953 0.998729 2.115
0.991919 0.237445 0.996948 0
0.993059 0.235724 0.996007 0
0.991846 0.233561 0.993479 0
0.965931 0.236246 0.999053 0.49
0.952325 0.228364 0.999306 0.49425
0.933985 0.225238 0.999326 0.49375
0.929255 0.231438 0.993532 0.49325
0.84469 0.229714 0.999809 0.4905
0.979762 0.38032 0.997303 2.14
0.949474 0.380054 0.999617 0.50825
0.925986 0.523714 0.963824 0.65175
0.53405 0.528895 0.999027 0.507
1.05799 0.735198 0.410556 -111
0.278073 0.883614 0.961224 0
1.12337 0.840039 0.590316 -111
0.216919 1.233 0.864679 -111
1.19101 0.849818 0.571828 -111
0.203809 1.32984 0.820066 -111
1.16719 0.841756 0.587208 -111
0.249519 1.3021 0.846057 -111
1.13271 0.855708 0.607366 -111
0.255634 1.27706 0.83905 -111
0.819187 1.30574 0.0590821 -111
0.541303 1.30589 0.0584903 -111
0.764621 1.96496 0.00722947 -111
0.521089 1.99028 0.0104567 -111
0.724309 2.52621 0.000687705 -111
0.461375 2.56507 0.000793639 -111
0.692197 2.62463 0.000698372 -111
0.407434 2.65629 0.00129282 -111
0.816293 2.6749 0.00192841 -111
0.607769 2.72417 0.00217149 -111
camera1:
0.509682 0.134769 0.996821 0
0.554146 0.0634574 0.994616 0
0.585108 0.0708228 0.995806 0
0.61261 0.0798959 0.99525 0
0.475063 0.0634014 0.99378 0
0.448674 0.0717025 0.994498 0
0.427071 0.0810049 0.993752 0
0.665155 0.125567 0.997252 0
0.399097 0.133644 0.99607 0
0.567161 0.230904 0.998285 0
0.46496 0.230733 0.998266 0
0.800013 0.488206 0.995107 0.50875
0.259856 0.505797 0.99254 0.5675
0.929211 0.93481 0.644332 0
-0.0172929 0.744812 0.722217 -111
0.80661 1.35463 0.355898 -111
-0.269404 0.86026 0.448101 -111
0.794368 1.51605 0.347507 -111
-0.342632 0.895131 0.412067 -111
0.724056 1.46984 0.3696 -111
-0.319392 0.870033 0.454243 -111
0.719831 1.40496 0.374687 -111
-0.28069 0.871848 0.478534 -111
0.688731 1.3513 0.0261742 -111
0.356047 1.34817 0.0340099 -111
0.714491 2.01599 0.0302887 -111
0.375525 2.00141 0.0257783 -111
0.669728 2.63252 0.00732561 -111
0.348369 2.63939 0.00728847 -111
0.669165 2.72725 0.00847448 -111
0.342089 2.74928 0.0104936 -111
0.603609 2.85792 0.00459872 -111
0.367767 2.8447 0.00452831 -111
fused:
52635 -31822.5 116456 0.998729
nose real0:(637.788,153.098), cal0:(603.477,84.4729)
nose real1:(326.196,64.6889), cal1:(366.255,139.633)

38779.1 -27548.8 81918.2 0.996948
left eye (inner) real0:(634.828,113.974), cal0:(616.343,46.5872)
left eye (inner) real1:(354.654,30.4595), cal1:(374.223,106.777)

20790.5 -14148.9 42400.5 0.996007
left eye real0:(635.558,113.148), cal0:(626.524,48.1496)
left eye real1:(374.469,33.995), cal1:(382.563,108.483)

9.50752 -6.37592 19.3141 0.99525
left eye (outer) real0:(634.782,112.109), cal0:(627.678,50.3015)
left eye (outer) real1:(392.071,38.35), cal1:(397.992,109.184)

48695.5 -39645.7 117348 0.999053
right eye (inner) real0:(618.196,113.398), cal0:(581.245,45.6553)
right eye (inner) real1:(304.04,30.4327), cal1:(345.115,104.701)

49097.8 -42357.1 125149 0.999306
right eye real0:(609.488,109.615), cal0:(567.636,45.2918)
right eye real1:(287.151,34.4172), cal1:(333.54,103.873)

47790.7 -43503.2 129411 0.999326
right eye (outer) real0:(597.75,108.114), cal0:(553.806,46.6684)
right eye (outer) real1:(273.326,38.8823), cal1:(321.717,104.588)

1.56778 -1.12852 3.65833 0.997252
left ear real0:(594.723,111.09), cal0:(589.407,63.3056)
left ear real1:(425.699,60.2724), cal1:(430.251,114.066)

34463.7 -35950 115051 0.999809
right ear real0:(540.602,110.263), cal0:(511.907,60.9072)
right ear real1:(255.422,64.1489), cal1:(285.408,116.093)

36127.7 -15871.9 76781.7 0.998285
mouth (left) real0:(627.048,182.553), cal0:(614.623,124.464)
mouth (left) real1:(362.983,110.834), cal1:(378.154,175.101)

51267.8 -27058.3 129133 0.999617
mouth (right) real0:(607.663,182.426), cal0:(570.461,122.767)
mouth (right) real1:(297.575,110.752), cal1:(341.048,173.573)

0.831247 -0.0580252 1.92181 0.995107
left shoulder real0:(592.631,251.383), cal0:(591.798,230.551)
left shoulder real1:(512.008,234.339), cal1:(514.267,255.872)

0.0977213 -0.307838 7.05826 0.999027
right shoulder real0:(341.792,253.869), cal0:(340.266,222.486)
right shoulder real1:(166.308,242.783), cal1:(169.384,272.816)

1.09459 0.546509 1.91972 0.644332
left elbow real0:(677.111,352.895), cal0:(674.493,419.786)
left elbow real1:(594.695,448.709), cal1:(590.858,418.838)

-1.30884 0.970656 5.14663 0.961224
right elbow real0:(177.967,424.135), cal0:(179.168,362.043)
right elbow real1:(-11.0675,357.51), cal1:(-0.0266834,447.668)

18.541 10.3675 29.0343 0.590316
left wrist real0:(718.957,403.219), cal0:(715.589,463.295)
left wrist real1:(516.23,650.222), cal1:(492.105,469.69)

-22753.2 31067 72286.2 0.864679
right wrist real0:(138.828,591.841), cal0:(142.848,506.988)
right wrist real1:(-172.419,412.925), cal1:(-127.48,651.588)

55625.9 31882.7 80299.4 0.571828
left pinky real0:(762.246,407.913), cal0:(748.116,487.317)
left pinky real1:(508.396,727.706), cal1:(508.714,487.537)

-32764.7 47790.4 97286.6 0.820066
right pinky real0:(130.438,638.323), cal0:(129.62,543.921)
right pinky real1:(-219.285,429.663), cal1:(-147.274,705.824)

66158.5 39227.5 101137 0.587208
left index real0:(747,404.043), cal0:(724.935,481.798)
left index real1:(463.396,705.523), cal1:(491.158,486.252)

-36844.8 55929.5 121032 0.846057
right index real0:(159.692,625.009), cal0:(149.062,526.416)
right index real1:(-204.411,417.616), cal1:(-117.718,675.043)

58512.1 35375.6 93398.5 0.607366
left thumb real0:(724.938,410.74), cal0:(708.314,476.326)
left thumb real1:(460.692,674.379), cal1:(478.204,483.931)

-33941 50680.3 115598 0.83905
right thumb real0:(163.606,612.988), cal0:(155.556,512.181)
right thumb real1:(-179.642,418.487), cal1:(-108.236,653.991)

0.93349 1.82814 2.91384 0.0590821
left hip real0:(524.279,626.756), cal0:(524.412,625.756)
left hip real1:(440.788,648.625), cal1:(441.556,653.499)

0.118152 2.51111 4.19222 0.0584903
right hip real0:(346.434,626.827), cal0:(348.88,608.683)
right hip real1:(227.87,647.123), cal1:(235.156,693.106)

0.706481 2.82637 2.56248 0.0302887
left knee real0:(489.357,943.179), cal0:(497.58,911.575)
left knee real1:(457.274,967.677), cal1:(457.589,969.249)

0.261034 5.48468 5.51708 0.0257783
right knee real0:(333.497,955.333), cal0:(360.372,846.153)
right knee real1:(240.336,960.678), cal1:(243.163,975.125)

0.956641 5.57815 3.71865 0.00732561
left ankle real0:(463.558,1212.58), cal0:(486.498,1150.2)
left ankle real1:(428.626,1263.61), cal1:(428.732,1264.06)

0.31481 12.3428 9.0569 0.00728847
right ankle real0:(295.28,1231.23), cal0:(352.83,1067.72)
right ankle real1:(222.956,1266.91), cal1:(223.294,1268.35)

0.79007 5.21908 3.36272 0.00847448
left heel real0:(443.006,1259.82), cal0:(473.098,1181.45)
left heel real1:(428.266,1309.08), cal1:(428.369,1309.5)

-0.0491473 7.99483 5.66487 0.0104936
right heel real0:(260.758,1275.02), cal0:(326.736,1096.87)
right heel real1:(218.937,1319.65), cal1:(219.41,1321.62)

6789.91 34251 20568.6 0.00459872
left foot index real0:(522.428,1283.95), cal0:(530.267,1249.46)
left foot index real1:(386.31,1371.8), cal1:(388.575,1376.57)

4920.89 64478.5 41638.4 0.00452831
right foot index real0:(388.972,1307.6), cal0:(402.947,1179.35)
right foot index real1:(235.371,1365.46), cal1:(247.942,1387.03)

