camera0:
0.954175 0.244942 0.998895 0
0.950899 0.164814 0.997275 0
0.955972 0.167749 0.996458 0
0.959267 0.16983 0.993958 0
0.915038 0.155414 0.999151 0
0.892893 0.152454 0.999403 0
0.868798 0.149516 0.999412 0
0.917031 0.189807 0.993758 0
0.777837 0.169416 0.999829 0.50175
0.939223 0.317942 0.997614 0
0.901811 0.321402 0.999672 0
0.924396 0.515348 0.962411 0.65525
0.520536 0.527506 0.998992 0.5065
1.07139 0.729722 0.442738 -111
0.274433 0.888741 0.961263 0
1.12004 0.779443 0.601142 -111
0.207886 1.24797 0.87274 -111
1.16329 0.7882 0.57995 -111
0.196905 1.34013 0.82529 -111
1.15064 0.763937 0.593564 -111
0.236422 1.3113 0.848823 -111
1.12376 0.778885 0.610808 -111
0.246871 1.28571 0.843322 -111
0.824709 1.30205 0.0654302 -111
0.561932 1.31039 0.0648423 -111
0.784628 1.90224 0.00802249 -111
0.545465 1.93746 0.011571 -111
0.773887 2.43657 0.000763379 -111
0.521502 2.49153 0.000880556 -111
0.750574 2.5359 0.000775732 -111
0.471874 2.59008 0.00143473 -111
0.863594 2.5902 0.00211305 -111
0.675938 2.64531 0.00239811 -111
camera1:
0.458809 0.167204 0.99736 0
0.510326 0.0754993 0.995325 0
0.543016 0.0787361 0.996443 0
0.571592 0.0849054 0.995943 0
0.431157 0.0852991 0.994556 0
0.409191 0.0933263 0.995206 0
0.387816 0.0998591 0.994497 0
0.633906 0.126817 0.997597 0
0.38065 0.138527 0.996745 0
0.51783 0.251271 0.998523 0
0.42489 0.262047 0.998439 0
0.793366 0.489726 0.995251 0.509
0.256564 0.50578 0.993323 0.56825
0.926807 0.931832 0.665049 0
-0.0160001 0.750715 0.750938 -111
0.807313 1.34117 0.38747 -111
-0.304794 0.877022 0.477291 -111
0.79475 1.49235 0.378457 -111
-0.38866 0.912584 0.441837 -111
0.728036 1.4522 0.399337 -111
-0.371836 0.902776 0.481524 -111
0.723915 1.39058 0.403873 -111
-0.329541 0.904772 0.503155 -111
0.682354 1.35409 0.0283735 -111
0.354936 1.34875 0.0371581 -111
0.706846 2.02193 0.0319367 -111
0.362558 2.00085 0.0283734 -111
0.671042 2.63836 0.00811137 -111
0.349569 2.64772 0.00808403 -111
0.677873 2.73554 0.00939752 -111
0.346351 2.75591 0.011645 -111
0.598337 2.85824 0.00508864 -111
0.365786 2.86168 0.00501183 -111
fused:
63271.7 -46657.5 158769 0.998895
nose real0:(610.672,117.572), cal0:(571.361,72.085)
nose real1:(293.638,80.2578), cal1:(338.471,127.929)

48980.9 -41973.2 115207 0.997275
left eye (inner) real0:(608.575,79.1105), cal0:(587.367,29.74)
left eye (inner) real1:(326.609,36.2397), cal1:(349.205,90.9033)

37788.5 -30654.8 84818 0.996458
left eye real0:(611.822,80.5197), cal0:(599.603,31.4897)
left eye real1:(347.53,37.7933), cal1:(359.492,92.9645)

35.5054 -27.6244 77.2507 0.995943
left eye (outer) real0:(613.931,81.5182), cal0:(608.067,33.7877)
left eye (outer) real1:(365.819,40.7546), cal1:(370.237,95.0272)

54380.7 -54988.8 150718 0.999151
right eye (inner) real0:(585.625,74.5985), cal0:(548.711,29.4295)
right eye (inner) real1:(275.94,40.9436), cal1:(316.187,88.8986)

51819.2 -56047 154500 0.999403
right eye real0:(571.452,73.178), cal0:(533.443,30.6817)
right eye real1:(261.882,44.7966), cal1:(302.854,89.3277)

48531.4 -56646 156883 0.999412
right eye (outer) real0:(556.031,71.7679), cal0:(517.793,31.6975)
right eye (outer) real1:(248.202,47.9324), cal1:(288.938,89.5307)

1.87782 -1.47604 4.50576 0.997597
left ear real0:(586.9,91.1074), cal0:(582.322,51.82)
left ear real1:(405.7,60.8721), cal1:(409.367,104.965)

27832.9 -37101.3 110666 0.999829
right ear real0:(497.816,81.3198), cal0:(483.043,47.2133)
right ear real1:(243.616,66.4929), cal1:(257.948,102.352)

49799.1 -26991 118818 0.998523
mouth (left) real0:(601.103,152.612), cal0:(583.742,112.175)
mouth (left) real1:(331.411,120.61), cal1:(351.642,164.06)

57577.8 -37104.8 166333 0.999672
mouth (right) real0:(577.159,154.273), cal0:(539.908,114.632)
mouth (right) real1:(271.93,125.782), cal1:(313.9,166.067)

0.849253 -0.0661357 1.97068 0.995251
left shoulder real0:(591.613,247.367), cal0:(590.843,228.528)
left shoulder real1:(507.754,235.069), cal1:(509.784,254.47)

-0.00330631 -0.270563 6.13476 0.998992
right shoulder real0:(333.143,253.203), cal0:(331.624,222.192)
right shoulder real1:(164.201,242.774), cal1:(167.219,272.278)

1.1862 0.564154 2.0286 0.665049
left elbow real0:(685.689,350.267), cal0:(683.239,415.832)
left elbow real1:(593.156,447.279), cal1:(589.05,415.179)

-1.2699 0.925636 4.91996 0.961263
right elbow real0:(175.637,426.596), cal0:(176.883,361.766)
right elbow real1:(-10.2401,360.343), cal1:(0.409162,447.33)

14.2851 7.38999 22.5045 0.601142
left wrist real0:(716.829,374.133), cal0:(713.294,446.048)
left wrist real1:(516.68,643.761), cal1:(491.736,454.084)

-37274.2 48278.8 112701 0.87274
right wrist real0:(133.047,599.027), cal0:(133.253,506.148)
right wrist real1:(-195.068,420.97), cal1:(-142.187,653.844)

59584.9 33045.9 89312.8 0.57995
left pinky real0:(744.504,378.336), cal0:(732.747,471.063)
left pinky real1:(508.64,716.327), cal1:(496.102,475.345)

-49971.5 67936.9 140506 0.82529
right pinky real0:(126.019,643.264), cal0:(118.284,539.283)
right pinky real1:(-248.743,438.04), cal1:(-165.152,704.023)

78879.3 43462.6 123623 0.593564
left index real0:(736.408,366.69), cal0:(715.273,459.988)
left index real1:(465.943,697.055), cal1:(482.167,468.003)

-54275 75008.2 163850 0.848823
right index real0:(151.31,629.425), cal0:(132.946,523.819)
right index real1:(-237.975,433.332), cal1:(-142.4,677.531)

70783.5 39210.4 114629 0.610808
left thumb real0:(719.205,373.865), cal0:(702.92,454.272)
left thumb real1:(463.305,667.477), cal1:(472.351,464.667)

-50604.8 69865.2 159853 0.843322
right thumb real0:(157.997,617.142), cal0:(141.763,511.364)
right thumb real1:(-210.906,434.291), cal1:(-129.061,657.756)

1.02144 1.95848 3.13198 0.0654302
left hip real0:(527.814,624.985), cal0:(527.877,624.504)
left hip real1:(436.706,649.965), cal1:(437.092,652.416)

0.256173 3.08489 5.11428 0.0648423
right hip real0:(359.637,628.988), cal0:(362.04,611.207)
right hip real1:(227.159,647.401), cal1:(234.559,694.071)

0.785193 3.06276 2.77092 0.0319367
left knee real0:(502.162,913.073), cal0:(502.186,912.981)
left knee real1:(452.381,970.526), cal1:(452.382,970.531)

0.497475 7.79109 7.85882 0.0283734
right knee real0:(349.097,929.983), cal0:(369.977,844.504)
right knee real1:(232.037,960.408), cal1:(234.277,971.893)

1.20642 6.52651 4.31719 0.00811137
left ankle real0:(495.288,1169.55), cal0:(499.828,1157.24)
left ankle real1:(429.467,1266.41), cal1:(429.488,1266.5)

1.78915 34.2582 24.8129 0.00808403
right ankle real0:(333.762,1195.93), cal0:(375.267,1078.46)
right ankle real1:(223.724,1270.9), cal1:(223.97,1271.95)

1.00192 5.9741 3.80608 0.00939752
left heel real0:(480.367,1217.23), cal0:(490.094,1192.02)
left heel real1:(433.839,1313.06), cal1:(433.873,1313.2)

0.325829 13.9773 9.76775 0.011645
right heel real0:(301.999,1243.24), cal0:(351.988,1108.69)
right heel real1:(221.665,1322.84), cal1:(222.027,1324.34)

13265.3 67053 40467.3 0.00508864
left foot index real0:(552.7,1243.29), cal0:(528.88,1244.51)
left foot index real1:(382.936,1371.96), cal1:(386.788,1371.52)

7596.02 97410.2 62781.9 0.00501183
right foot index real0:(432.601,1269.75), cal0:(404.635,1181.17)
right foot index real1:(234.103,1373.61), cal1:(250.005,1388.07)

