camera0:
0.915407 0.224718 0.999065 0
0.922016 0.152636 0.99755 0
0.932399 0.159535 0.996839 0
0.940847 0.164481 0.994412 0
0.877551 0.128453 0.999214 0
0.854881 0.121954 0.999451 0
0.832013 0.117896 0.999452 0
0.917238 0.186367 0.994107 0
0.759151 0.153732 0.999838 0.50575
0.913386 0.30133 0.998039 0
0.866304 0.299812 0.999735 0
0.918758 0.520717 0.963004 0
0.517788 0.514693 0.999008 0.5085
1.07847 0.738281 0.480523 -111
0.276721 0.868624 0.961494 0
1.11723 0.689574 0.616196 -111
0.22328 1.23813 0.876811 -111
1.15781 0.654467 0.593981 -111
0.210968 1.34058 0.830197 -111
1.14809 0.636319 0.60616 -111
0.254098 1.31223 0.852273 -111
1.12052 0.665083 0.620716 -111
0.264937 1.28381 0.847981 -111
0.824681 1.30094 0.0703736 -111
0.562158 1.29836 0.0699551 -111
0.790944 1.91154 0.00884811 -111
0.554704 1.9433 0.0124431 -111
0.77415 2.45164 0.000842341 -111
0.522723 2.50511 0.000955877 -111
0.74979 2.55055 0.000859468 -111
0.474149 2.60366 0.00157362 -111
0.856767 2.60654 0.00220056 -111
0.663541 2.66096 0.0025114 -111
camera1:
0.43131 0.154965 0.997616 0
0.471214 0.0724831 0.995696 0
0.501055 0.0743362 0.996727 0
0.530437 0.0790272 0.996251 0
0.404447 0.0829921 0.99505 0
0.38154 0.0896706 0.995666 0
0.357962 0.0935062 0.995052 0
0.601117 0.122657 0.997717 0
0.365872 0.133743 0.997173 0
0.479297 0.242054 0.998669 0
0.41164 0.25319 0.998594 0
0.784787 0.484614 0.995368 0.51025
0.253609 0.506832 0.994116 0.571
0.919135 0.930815 0.683496 0
-0.0223669 0.781441 0.779134 -111
0.804935 1.34173 0.422739 -111
-0.307303 0.962248 0.512733 -111
0.791897 1.49506 0.413247 -111
-0.391133 1.00534 0.478112 -111
0.731112 1.46355 0.432682 -111
-0.371434 1.00357 0.515438 -111
0.726986 1.4028 0.437123 -111
-0.328958 0.999741 0.534742 -111
0.668374 1.34655 0.0312204 -111
0.348629 1.34809 0.040971 -111
0.710407 2.01998 0.0338511 -111
0.366001 2.01832 0.0310958 -111
0.67294 2.63168 0.00897334 -111
0.355245 2.65313 0.00895709 -111
0.679698 2.7274 0.0104125 -111
0.353041 2.7583 0.0129119 -111
0.599157 2.85101 0.00562359 -111
0.367091 2.86344 0.00553968 -111
fused:
59494.9 -50818 165367 0.999065
nose real0:(585.86,107.865), cal0:(548.088,64.011)
nose real1:(276.038,74.3832), cal1:(317.849,120.034)

51832.7 -49753.1 134144 0.99755
left eye (inner) real0:(590.09,73.2651), cal0:(564.082,25.7949)
left eye (inner) real1:(301.577,34.7919), cal1:(329.234,86.362)

47436.3 -42611.6 116104 0.996839
left eye real0:(596.735,76.5766), cal0:(577.401,28.127)
left eye real1:(320.675,35.6814), cal1:(340.721,89.0394)

38563.6 -32589.9 89826.4 0.996251
left eye (outer) real0:(602.142,78.9508), cal0:(589.863,30.6535)
left eye (outer) real1:(339.48,37.933), cal1:(351.352,91.8147)

50722.9 -59033.5 156594 0.999214
right eye (inner) real0:(561.633,61.6575), cal0:(526.543,22.1351)
right eye (inner) real1:(258.846,39.8362), cal1:(296.19,81.256)

47786.6 -60422 160340 0.999451
right eye real0:(547.124,58.5378), cal0:(510.995,22.2237)
right eye real1:(244.186,43.0419), cal1:(282.215,80.5475)

44559.8 -61734.8 163915 0.999452
right eye (outer) real0:(532.489,56.5901), cal0:(495.263,22.3501)
right eye (outer) real1:(229.096,44.883), cal1:(267.834,79.8524)

2.80237 -2.23476 6.72558 0.997717
left ear real0:(587.032,89.4561), cal0:(582.27,49.0029)
left ear real1:(384.715,58.8753), cal1:(388.469,104.201)

26379.8 -38863 113117 0.999838
right ear real0:(485.857,73.7912), cal0:(472.051,42.2199)
right ear real1:(234.158,64.1968), cal1:(247.296,97.2228)

53784.3 -33533.3 140518 0.998669
mouth (left) real0:(584.567,144.638), cal0:(561.895,105.277)
mouth (left) real1:(306.75,116.186), cal1:(332.522,157.676)

52492.2 -38918.1 165177 0.999735
mouth (right) real0:(554.435,143.91), cal0:(522.867,107.096)
mouth (right) real1:(263.449,121.531), cal1:(298.199,158.999)

0.851356 -0.0676667 2.00437 0.995368
left shoulder real0:(588.005,249.944), cal0:(587.122,228.408)
left shoulder real1:(502.263,232.615), cal1:(504.581,254.767)

-0.020053 -0.300265 6.16855 0.999008
right shoulder real0:(331.385,247.052), cal0:(329.995,219.443)
right shoulder real1:(162.31,243.279), cal1:(164.982,269.498)

1.28133 0.595049 2.16177 0.683496
left elbow real0:(690.222,354.375), cal0:(688.035,414.124)
left elbow real1:(588.246,446.791), cal1:(584.074,414.11)

-1.3937 1.00908 5.44385 0.961494
right elbow real0:(177.102,416.94), cal0:(178.145,360.096)
right elbow real1:(-14.3148,375.092), cal1:(-5.65217,446.004)

14.772 6.72374 23.3828 0.616196
left wrist real0:(715.03,330.996), cal0:(711.478,421.511)
left wrist real1:(515.158,644.032), cal1:(487.955,432.308)

-46220.4 60719.1 141385 0.876811
right wrist real0:(142.899,594.302), cal0:(135.552,506.796)
right wrist real1:(-196.674,461.879), cal1:(-138.64,653.894)

64216.6 29941.8 97204.5 0.593981
left pinky real0:(740.997,314.144), cal0:(728.834,433.818)
left pinky real1:(506.814,717.628), cal1:(490.219,442.516)

-57147.7 78713.8 161383 0.830197
right pinky real0:(135.02,643.478), cal0:(119.211,541.824)
right pinky real1:(-250.325,482.562), cal1:(-163.656,707.112)

84061.2 39188.3 132578 0.60616
left index real0:(734.781,305.433), cal0:(712.864,426.341)
left index real1:(467.911,702.504), cal1:(477.685,437.972)

-60044.7 85684.5 183145 0.852273
right index real0:(162.623,629.872), cal0:(134.986,529.868)
right index real1:(-237.718,481.715), cal1:(-139.158,684.862)

74830.2 35752.1 122055 0.620716
left thumb real0:(717.13,319.24), cal0:(700.268,424.737)
left thumb real1:(465.271,673.345), cal1:(468.005,438.227)

-56063.9 80443.3 179570 0.847981
right thumb real0:(169.56,616.228), cal0:(144.383,517.924)
right thumb real1:(-210.533,479.876), cal1:(-124.963,665.505)

1.1167 2.13286 3.42264 0.0703736
left hip real0:(527.796,624.449), cal0:(527.958,623.209)
left hip real1:(427.76,646.344), cal1:(428.706,652.37)

0.273656 3.255 5.46836 0.0699551
right hip real0:(359.781,623.214), cal0:(362.012,606.429)
right hip real1:(223.122,647.081), cal1:(229.785,689.29)

0.823532 3.12683 2.82441 0.0338511
left knee real0:(506.204,917.54), cal0:(507.117,914.032)
left knee real1:(454.661,969.591), cal1:(454.703,969.801)

0.617948 8.66008 8.62682 0.0310958
right knee real0:(355.011,932.784), cal0:(374.981,852)
right knee real1:(234.241,968.795), cal1:(236.291,979.252)

1.25767 6.66702 4.41561 0.00897334
left ankle real0:(495.456,1176.79), cal0:(503.059,1156.11)
left ankle real1:(430.682,1263.2), cal1:(430.717,1263.35)

1.75705 32.2454 23.262 0.00895709
right ankle real0:(334.543,1202.45), cal0:(377.326,1081.77)
right ankle real1:(227.357,1273.5), cal1:(227.6,1274.54)

1.036 6.05677 3.86596 0.0104125
left heel real0:(479.866,1224.26), cal0:(492.941,1190.26)
left heel real1:(435.007,1309.15), cal1:(435.053,1309.34)

0.368749 13.819 9.62669 0.0129119
right heel real0:(303.455,1249.75), cal0:(354.96,1111.41)
right heel real1:(225.946,1323.98), cal1:(226.311,1325.5)

13436.5 67676 40909.1 0.00562359
left foot index real0:(548.331,1251.14), cal0:(529.267,1242.91)
left foot index real1:(383.461,1368.48), cal1:(387.032,1369.26)

7543.36 98082.6 63228.5 0.00553968
right foot index real0:(424.666,1277.26), cal0:(403.621,1180.97)
right foot index real1:(234.938,1374.45), cal1:(248.827,1388.64)

