camera0:
0.972971 0.311119 0.998923 0
0.970993 0.224254 0.997432 0
0.974127 0.225137 0.996644 0
0.975909 0.225417 0.994566 0
0.943233 0.217195 0.999195 0
0.925356 0.213837 0.999403 0
0.903778 0.209638 0.99942 0
0.923411 0.232617 0.994661 0
0.803835 0.216159 0.999833 0.4935
0.954778 0.367117 0.997757 0.495
0.921384 0.37272 0.999675 0.4925
0.921561 0.534724 0.970355 0.65075
0.537776 0.530702 0.999191 0.50825
1.01479 0.821632 0.363804 -111
0.301995 0.88451 0.962174 0
1.04318 1.0167 0.506362 -111
0.260855 1.28716 0.828713 -111
1.11685 1.06633 0.492165 -111
0.235867 1.38562 0.784973 -111
1.09325 1.07231 0.509536 -111
0.28434 1.3733 0.817594 -111
1.06042 1.07111 0.528289 -111
0.296292 1.34481 0.807115 -111
0.824606 1.32669 0.0485489 -111
0.543954 1.32465 0.0478795 -111
0.789663 1.97873 0.00591544 -111
0.554617 2.01782 0.00864906 -111
0.762769 2.56121 0.000561449 -111
0.506806 2.60317 0.000646678 -111
0.735835 2.65844 0.000567714 -111
0.457836 2.69314 0.00105289 -111
0.844728 2.71814 0.00168104 -111
0.648542 2.77229 0.0017842 -111
camera1:
0.490867 0.147534 0.99569 0
0.535776 0.0638989 0.992521 0
0.571746 0.0702842 0.99408 0
0.605696 0.0781961 0.993181 0
0.459838 0.0654342 0.991676 0
0.436576 0.0735751 0.992732 0
0.413884 0.082859 0.991932 0
0.655492 0.121724 0.996071 0
0.400748 0.133289 0.994923 0
0.547947 0.238545 0.997613 0
0.455265 0.248701 0.997872 0
0.806058 0.494889 0.994364 0.508
0.259249 0.518038 0.991489 0.56275
0.930296 0.933069 0.58683 0
-0.0232147 0.788482 0.681798 -111
0.82429 1.3326 0.294954 -111
-0.249697 1.02433 0.383576 -111
0.811473 1.47799 0.289088 -111
-0.314988 1.08696 0.349993 -111
0.742386 1.43093 0.311643 -111
-0.289725 1.07322 0.39351 -111
0.73808 1.37324 0.316049 -111
-0.251815 1.06247 0.417674 -111
0.681394 1.35621 0.0214406 -111
0.342077 1.35551 0.0277664 -111
0.701171 2.04939 0.0263116 -111
0.374912 2.05009 0.0212266 -111
0.655771 2.68072 0.00598493 -111
0.346928 2.69779 0.00592882 -111
0.657293 2.77244 0.00689684 -111
0.341349 2.80359 0.00852838 -111
0.585469 2.92865 0.00376592 -111
0.368579 2.92107 0.00370316 -111
fused:
59822.4 -38079.8 140127 0.998923
nose real0:(622.701,149.337), cal0:(588.423,85.3778)
nose real1:(314.155,70.8162), cal1:(353.787,140.161)

44784.1 -33977.8 99413.7 0.997432
left eye (inner) real0:(621.435,107.642), cal0:(602.582,43.2906)
left eye (inner) real1:(342.897,30.6715), cal1:(362.739,103.405)

20701 -14863.2 43925.4 0.996644
left eye real0:(623.442,108.066), cal0:(615.074,45.3389)
left eye real1:(365.917,33.7364), cal1:(373.109,105.646)

7.34136 -5.15457 15.4406 0.994566
left eye (outer) real0:(624.582,108.2), cal0:(617.585,48.0691)
left eye (outer) real1:(387.646,37.5341), cal1:(393.393,106.606)

54294.5 -47696.8 138204 0.999195
right eye (inner) real0:(603.669,104.253), cal0:(567.962,41.286)
right eye (inner) real1:(294.296,31.4084), cal1:(333.558,100.316)

53319.1 -49620.3 144412 0.999403
right eye real0:(592.228,102.642), cal0:(553.759,42.1973)
right eye real1:(279.409,35.3161), cal1:(321.39,100.572)

51157.8 -50843.7 148802 0.99942
right eye (outer) real0:(578.418,100.626), cal0:(538.489,43.3479)
right eye (outer) real1:(264.886,39.7723), cal1:(308.109,101.005)

1.60601 -1.17757 3.80504 0.996071
left ear real0:(590.983,111.656), cal0:(585.515,62.7059)
left ear real1:(419.515,58.4276), cal1:(424.183,113.667)

29526.4 -33895.9 106760 0.999833
right ear real0:(514.454,103.757), cal0:(498.1,57.8859)
right ear real1:(256.479,63.9786), cal1:(272.584,112.843)

40740.9 -19226.9 91650.2 0.997757
mouth (left) real0:(611.058,176.216), cal0:(599.003,122.619)
mouth (left) real1:(350.686,114.502), cal1:(365.14,173.456)

55488.2 -30485.2 148275 0.999675
mouth (right) real0:(589.686,178.905), cal0:(556.768,125.135)
mouth (right) real1:(291.37,119.376), cal1:(329.378,175.728)

0.791435 -0.0408291 1.84974 0.994364
left shoulder real0:(589.799,256.668), cal0:(588.993,235.432)
left shoulder real1:(515.877,237.547), cal1:(518.223,259.789)

0.137803 -0.290856 7.61896 0.999191
right shoulder real0:(344.177,254.737), cal0:(342.814,225.754)
right shoulder real1:(165.919,248.658), cal1:(168.78,276.467)

0.884324 0.516214 1.68245 0.58683
left elbow real0:(649.466,394.383), cal0:(647.72,433.093)
left elbow real1:(595.389,447.873), cal1:(593.288,431.742)

-1.77036 1.6094 7.74118 0.962174
right elbow real0:(193.277,424.565), cal0:(194.557,373.643)
right elbow real1:(-14.8574,378.471), cal1:(-4.492,461.926)

2.46281 2.03874 4.44707 0.506362
left wrist real0:(667.637,488.018), cal0:(664.655,524.216)
left wrist real1:(527.546,639.646), cal1:(511.576,527.022)

-31655 58000.5 113359 0.828713
right wrist real0:(166.947,617.838), cal0:(164.188,556.193)
right wrist real1:(-159.806,491.679), cal1:(-94.4568,708.677)

15.7454 12.9744 25.0119 0.492165
left pinky real0:(714.783,511.837), cal0:(710.139,560.446)
left pinky real1:(519.343,709.435), cal1:(497.45,559.406)

-35488.5 67149.9 115639 0.784973
right pinky real0:(150.955,665.099), cal0:(147.579,597.681)
right pinky real1:(-201.592,521.742), cal1:(-118.649,771.012)

44015 37916.1 73598.1 0.509536
left index real0:(699.677,514.708), cal0:(691.232,558.311)
left index real1:(475.127,686.848), cal1:(471.64,562.861)

-37589.6 78561 139452 0.817594
right index real0:(181.977,659.186), cal0:(170.01,587.267)
right index real1:(-185.424,515.144), cal1:(-85.1204,747.442)

15961.1 13954.9 27932.1 0.528289
left thumb real0:(678.666,514.134), cal0:(675.239,548.95)
left thumb real1:(472.371,659.155), cal1:(458.376,557.301)

-35880.5 74933.3 139964 0.807115
right thumb real0:(189.627,645.508), cal0:(177.939,570.451)
right thumb real1:(-161.162,509.986), cal1:(-73.886,722.053)

1.02394 2.01313 3.13653 0.0485489
left hip real0:(527.748,636.812), cal0:(528.071,634.43)
left hip real1:(436.092,650.979), cal1:(437.942,662.639)

0.151703 2.93211 4.80297 0.0478795
right hip real0:(348.13,635.83), cal0:(350.923,615.586)
right hip real1:(218.93,650.647), cal1:(227.138,702.12)

0.931507 3.52096 3.11874 0.0263116
left knee real0:(505.385,949.792), cal0:(511.385,927.191)
left knee real1:(448.749,983.709), cal1:(448.951,984.708)

0.707241 9.0702 8.78788 0.0212266
right knee real0:(354.955,968.552), cal0:(380.297,868.99)
right knee real1:(239.944,984.044), cal1:(242.594,997.389)

1.69274 8.88183 5.76082 0.00598493
left ankle real0:(488.172,1229.38), cal0:(508.474,1175.28)
left ankle real1:(419.694,1286.74), cal1:(419.787,1287.13)

3.89238 69.9109 49.4775 0.00592882
right ankle real0:(324.356,1249.52), cal0:(379.21,1097.88)
right ankle real1:(222.034,1294.94), cal1:(222.355,1296.29)

1.39677 8.05647 5.05343 0.00689684
left heel real0:(470.934,1276.05), cal0:(498,1206.82)
left heel real1:(420.667,1330.77), cal1:(420.76,1331.14)

0.50956 18.6049 12.7348 0.00852838
right heel real0:(293.015,1292.71), cal0:(355.986,1126.7)
right heel real1:(218.463,1345.72), cal1:(218.916,1347.58)

13313.6 71666.9 42102.4 0.00376592
left foot index real0:(540.626,1304.71), cal0:(521.921,1271.7)
left foot index real1:(374.7,1405.75), cal1:(382.216,1410.52)

6765.8 88176.4 55258.7 0.00370316
right foot index real0:(415.067,1330.7), cal0:(405.505,1207.69)
right foot index real1:(235.891,1402.11), cal1:(252.89,1422.61)

