camera0:
0.808801 0.253641 0.998678 0.76025
0.823835 0.197695 0.998047 0.7775
0.835458 0.20225 0.997719 0.76575
0.846666 0.205694 0.996885 2.5615
0.778516 0.183129 0.998928 0.74125
0.759853 0.1794 0.999196 0
0.740926 0.17564 0.999175 0.74275
0.832673 0.233742 0.996834 2.60675
0.679312 0.197309 0.999579 0.75
0.815741 0.320116 0.99821 2.3765
0.761216 0.31095 0.999403 0.7215
0.85012 0.575777 0.97474 2.24125
0.500566 0.486181 0.993296 0.697
0.949283 0.878855 0.394411 0
0.345962 0.913666 0.917733 0
0.975441 0.846337 0.516779 0
0.600018 1.0906 0.785485 -111
0.994032 0.850058 0.479438 0
0.622609 1.1652 0.735987 -111
0.925627 0.792944 0.493666 0.7615
0.684062 1.04372 0.759089 -111
0.919937 0.780732 0.50281 0.764
0.670967 1.07696 0.742374 -111
0.793274 1.3218 0.0876908 -111
0.513099 1.33018 0.09714 -111
0.782053 1.90933 0.0276955 -111
0.525467 1.94163 0.0295916 -111
0.772054 2.45967 0.00286091 -111
0.522895 2.48606 0.00331993 -111
0.753614 2.54853 0.00197713 -111
0.490509 2.57808 0.00359295 -111
0.820378 2.61955 0.0084922 -111
0.624422 2.62922 0.00717159 -111
camera1:
0.705203 0.209906 0.995667 0.62525
0.743436 0.141953 0.993897 0.63575
0.764786 0.147468 0.994281 0.631
0.783713 0.153437 0.993658 0.62975
0.68681 0.128289 0.993341 0.648
0.668943 0.12473 0.993682 0.6575
0.650232 0.121725 0.993865 0.6725
0.79936 0.178912 0.993994 0.63175
0.607405 0.146883 0.994501 2.16425
0.72392 0.281958 0.99653 0.628
0.670701 0.270971 0.99642 0.64275
0.872781 0.512982 0.983512 0.71575
0.4456 0.479614 0.990765 0.71625
0.964364 0.88181 0.641961 0.54125
0.211592 0.848846 0.639645 0
1.06774 1.1266 0.500022 -111
0.0962163 1.01368 0.573214 -111
1.10085 1.21952 0.467615 -111
0.0473506 1.07152 0.534322 -111
1.07899 1.18921 0.494409 -111
0.0721598 1.03684 0.568918 -111
1.05341 1.16194 0.480657 -111
0.103008 1.02436 0.564757 -111
0.79756 1.30562 0.0441709 -111
0.507864 1.28747 0.0544833 -111
0.78853 1.88971 0.0574057 -111
0.505043 1.89146 0.0458922 -111
0.749518 2.52356 0.0147267 -111
0.462122 2.5327 0.0114756 -111
0.746465 2.61204 0.0132309 -111
0.446611 2.63124 0.0140429 -111
0.697267 2.73225 0.0146289 -111
0.486161 2.72361 0.0125537 -111
fused:
0.544792 -0.46246 1.79035 0.998678
nose real0:(517.633,121.747), cal0:(514.757,93.4579)
nose real1:(451.33,100.755), cal1:(454.052,131.937)

0.50728 -0.490173 1.58974 0.998047
left eye (inner) real0:(527.255,94.8937), cal0:(523.65,63.3915)
left eye (inner) real1:(475.799,68.1374), cal1:(478.756,103.452)

0.505729 -0.46315 1.5248 0.997719
left eye real0:(534.693,97.0799), cal0:(531.203,66.1507)
left eye real1:(489.463,70.7845), cal1:(492.39,105.554)

0.507063 -0.441687 1.47467 0.996885
left eye (outer) real0:(541.866,98.7331), cal0:(538.52,68.6918)
left eye (outer) real1:(501.576,73.6496), cal1:(504.443,107.542)

0.462133 -0.547436 1.70835 0.998928
right eye (inner) real0:(498.25,87.9019), cal0:(494.463,56.1134)
right eye (inner) real1:(439.558,61.5787), cal1:(442.46,96.782)

0.431966 -0.557451 1.72396 0.999196
right eye real0:(486.306,86.1118), cal0:(482.479,54.3657)
right eye real1:(428.124,59.8705), cal1:(430.99,94.8089)

0.401483 -0.56826 1.74281 0.999175
right eye (outer) real0:(474.193,84.307), cal0:(470.343,52.74)
right eye (outer) real1:(416.148,58.428), cal1:(418.966,92.9385)

0.449409 -0.376235 1.36442 0.996834
left ear real0:(532.911,112.196), cal0:(529.826,82.9768)
left ear real1:(511.591,85.8779), cal1:(514.414,118.628)

0.280196 -0.518298 1.69541 0.999579
right ear real0:(434.76,94.7081), cal0:(431.235,64.9715)
right ear real1:(388.739,70.5037), cal1:(391.361,102.248)

0.543417 -0.348189 1.73711 0.99821
mouth (left) real0:(522.074,153.656), cal0:(519.884,128.235)
mouth (left) real1:(463.309,135.34), cal1:(465.858,163.144)

0.456013 -0.375132 1.79219 0.999403
mouth (right) real0:(487.178,149.256), cal0:(484.809,122.902)
mouth (right) real1:(429.249,130.066), cal1:(431.821,158.452)

0.434683 0.0100308 1.23515 0.983512
left shoulder real0:(544.077,276.373), cal0:(543.374,253.578)
left shoulder real1:(558.58,246.231), cal1:(561.182,270.42)

-0.0378105 -0.106408 1.79159 0.993296
right shoulder real0:(320.362,233.367), cal0:(319.269,213.003)
right shoulder real1:(285.184,230.215), cal1:(287.152,249.711)

0.58257 0.371447 1.27044 0.641961
left elbow real0:(607.541,421.851), cal0:(607.433,424.412)
left elbow real1:(617.193,423.269), cal1:(617.059,422.233)

-0.431906 0.599902 2.37899 0.917733
right elbow real0:(221.416,438.56), cal0:(222.879,400.246)
right elbow real1:(135.419,407.446), cal1:(143.954,474.035)

0.509574 0.400832 1.06312 0.516779
left wrist real0:(624.282,406.242), cal0:(619.906,475.289)
left wrist real1:(683.357,540.77), cal1:(672.616,461.729)

3802.83 64241 167998 0.785485
right wrist real0:(384.012,523.489), cal0:(345.547,478.509)
right wrist real1:(61.5784,486.564), cal1:(139.436,557.599)

0.509046 0.429835 1.02803 0.479438
left pinky real0:(636.181,408.028), cal0:(629.426,499.978)
left pinky real1:(704.545,585.37), cal1:(690.14,481.746)

3480.84 78469.2 181157 0.735987
right pinky real0:(398.47,559.298), cal0:(343.491,509.017)
right pinky real1:(30.3044,514.331), cal1:(138.637,592.848)

0.407946 0.370265 0.965097 0.494409
left index real0:(592.401,380.613), cal0:(585.891,479.269)
left index real1:(690.556,570.823), cal1:(676.368,467.029)

12337 73788.5 200744 0.759089
right index real0:(437.8,500.984), cal0:(368.869,469.604)
right index real1:(46.1823,497.683), cal1:(165.37,542.093)

0.422996 0.361739 1.01037 0.50281
left thumb real0:(588.76,374.751), cal0:(583.459,463.865)
left thumb real1:(674.184,557.731), cal1:(660.315,454.759)

12273.4 71158.8 187656 0.742374
right thumb real0:(429.419,516.941), cal0:(371.24,476.589)
right thumb real1:(65.925,491.692), cal1:(168.39,549.316)

0.472158 1.0168 1.60719 0.0876908
left hip real0:(507.695,634.464), cal0:(508.44,628.915)
left hip real1:(510.438,626.696), cal1:(513.751,647.626)

-0.000397253 1.052 1.73209 0.09714
right hip real0:(328.383,638.488), cal0:(331.81,613.712)
right hip real1:(325.033,617.986), cal1:(335.835,685.674)

0.573195 2.01375 1.92979 0.0574057
left knee real0:(500.514,916.48), cal0:(510.39,875.832)
left knee real1:(504.659,907.061), cal1:(506.304,915.517)

0.109911 2.27673 2.34329 0.0458922
right knee real0:(336.299,931.98), cal0:(360.126,832.612)
right knee real1:(323.227,907.901), cal1:(329.755,941.641)

0.846049 4.11146 2.81062 0.0147267
left ankle real0:(494.115,1180.64), cal0:(512.789,1127.84)
left ankle real1:(479.691,1211.31), cal1:(480.079,1212.96)

0.36298 5.95785 4.42758 0.0114756
right ankle real0:(334.652,1193.31), cal0:(381.2,1057.4)
right ankle real1:(295.758,1215.7), cal1:(297.769,1224.44)

0.805003 4.2152 2.78131 0.0132309
left heel real0:(482.313,1223.29), cal0:(505.829,1159.52)
left heel real1:(477.738,1253.78), cal1:(478.017,1254.94)

0.260014 6.01425 4.31641 0.0140429
right heel real0:(313.926,1237.48), cal0:(368.137,1086.08)
right heel real1:(285.831,1263), cal1:(287.595,1270.48)

2.14225 10.0392 6.20652 0.0146289
left foot index real0:(525.042,1257.39), cal0:(539.309,1220.81)
left foot index real1:(446.251,1311.48), cal1:(448.744,1321.54)

1.97023 17.1375 11.2533 0.0125537
right foot index real0:(399.63,1262.03), cal0:(437.13,1163.93)
right foot index real1:(311.143,1307.33), cal1:(317.18,1331.98)

