camera0:
0.648672 0.340307 0.999606 0.7755
0.651127 0.289249 0.999356 0.77975
0.65979 0.291052 0.999296 0.78675
0.667669 0.293673 0.999066 0.79425
0.620088 0.283707 0.999587 0.746
0.607924 0.28246 0.999681 0.75475
0.595883 0.281895 0.999669 0.756
0.65633 0.319307 0.999082 0.7835
0.537972 0.302859 0.99982 0.51075
0.654118 0.398366 0.999454 0.7755
0.620265 0.394817 0.999769 0.75
0.729446 0.592049 0.993314 0.90175
0.392025 0.577169 0.998124 0.7435
0.988339 0.729384 0.806382 0.76225
0.303563 0.896754 0.962377 0.51475
0.914236 0.419353 0.865058 0.69225
0.466746 0.509888 0.937884 0.51025
0.881085 0.337605 0.8436 0
0.485499 0.403607 0.916507 0.5195
0.838167 0.336773 0.846249 0.74825
0.491979 0.370595 0.922262 0.52025
0.831043 0.380243 0.847611 0.747
0.491944 0.413408 0.917478 0.518
0.6898 1.29685 0.106895 -111
0.442252 1.30317 0.106673 -111
0.675941 1.84392 0.020007 -111
0.452531 1.84954 0.0183769 -111
0.668495 2.34769 0.0015336 -111
0.447681 2.34719 0.00122683 -111
0.665497 2.41502 0.00131827 -111
0.435479 2.41259 0.00209932 -111
0.665609 2.50588 0.00297732 -111
0.486821 2.51046 0.00243092 -111
camera1:
0.576778 0.300957 0.99873 0.70025
0.600571 0.234071 0.998149 0.70725
0.623582 0.234669 0.998265 0.70825
0.642872 0.234852 0.998059 0.707
0.547974 0.237966 0.998023 0.726
0.533979 0.239584 0.998132 0.73225
0.520148 0.240845 0.998174 0.74025
0.670261 0.251533 0.998166 0.71975
0.502812 0.255326 0.998415 0.79925
0.623434 0.37121 0.99894 0.71175
0.551012 0.363111 0.998936 0.7335
0.807148 0.543158 0.995163 0.765
0.397001 0.543744 0.997209 0.8185
1.02138 0.81846 0.874325 -111
0.18005 0.840722 0.881504 0.6655
0.854545 0.398318 0.860592 0.527
0.238483 0.423076 0.882866 0.59025
0.786574 0.321839 0.84714 0.588
0.240678 0.268805 0.865646 0.571
0.755891 0.303668 0.854758 0.67125
0.290456 0.229732 0.875404 0.613
0.762207 0.327528 0.848179 0.6745
0.304398 0.282889 0.873269 0.6125
0.755239 1.35674 0.056997 -111
0.447433 1.33902 0.0848427 -111
0.734837 1.98488 0.0171995 -111
0.462289 1.99298 0.0136761 -111
0.738334 2.52011 0.00389268 -111
0.464693 2.53806 0.0030083 -111
0.747399 2.58875 0.00347564 -111
0.461241 2.60674 0.00377087 -111
0.695949 2.7224 0.00383859 -111
0.496063 2.74981 0.00343861 -111
fused:
0.240354 -0.331293 1.78408 0.999606
nose real0:(415.15,163.347), cal0:(412.884,137.097)
nose real1:(369.138,144.459), cal1:(371.61,171.436)

0.22151 -0.377338 1.62606 0.999356
left eye (inner) real0:(416.721,138.84), cal0:(413.787,109.234)
left eye (inner) real1:(384.365,112.354), cal1:(387.072,143.102)

0.224946 -0.356066 1.54584 0.999296
left eye real0:(422.266,139.705), cal0:(419.369,110.267)
left eye real1:(399.092,112.641), cal1:(401.8,143.33)

0.228698 -0.33963 1.48589 0.999066
left eye (outer) real0:(427.308,140.963), cal0:(424.413,111.33)
left eye (outer) real1:(411.438,112.729), cal1:(414.179,143.73)

0.183468 -0.415365 1.77535 0.999587
right eye (inner) real0:(396.857,136.179), cal0:(394.032,108.089)
right eye (inner) real1:(350.704,114.224), cal1:(353.229,143.046)

0.162371 -0.419908 1.7948 0.999681
right eye real0:(389.072,135.581), cal0:(386.298,108.092)
right eye real1:(341.747,115), cal1:(344.204,143.075)

0.140852 -0.423907 1.81308 0.999669
right eye (outer) real0:(381.365,135.309), cal0:(378.619,108.184)
right eye (outer) real1:(332.895,115.606), cal1:(335.305,143.18)

0.189618 -0.279865 1.33584 0.999082
left ear real0:(420.051,153.267), cal0:(417.225,122.787)
left ear real1:(428.967,120.736), cal1:(431.819,152.497)

0.0256832 -0.348771 1.60104 0.99982
right ear real0:(344.302,145.372), cal0:(341.585,117.778)
right ear real1:(321.799,122.556), cal1:(324.223,150.031)

0.222723 -0.207382 1.57172 0.999454
mouth (left) real0:(418.636,191.216), cal0:(417.08,169.4)
mouth (left) real1:(398.998,178.181), cal1:(401.14,200.522)

0.190493 -0.252127 1.81059 0.999769
mouth (right) real0:(396.97,189.512), cal0:(395.155,165.009)
mouth (right) real1:(352.648,174.293), cal1:(355.001,199.035)

0.258616 0.0283183 1.15664 0.995163
left shoulder real0:(466.846,284.184), cal0:(466.275,263.411)
left shoulder real1:(516.575,260.716), cal1:(518.902,282.158)

-0.202797 -0.00121953 1.48309 0.998124
right shoulder real0:(250.896,277.041), cal0:(249.8,248.203)
right shoulder real1:(254.081,260.997), cal1:(256.85,287.248)

0.575418 0.239769 1.15191 0.874325
left elbow real0:(632.537,350.104), cal0:(632.049,373.792)
left elbow real1:(653.682,392.861), cal1:(650.955,370.66)

-0.502021 0.483524 2.21378 0.962377
right elbow real0:(194.28,430.442), cal0:(195.712,379.962)
right elbow real1:(115.232,403.546), cal1:(121.522,453.798)

0.617069 -0.157468 1.47022 0.865058
left wrist real0:(585.111,201.289), cal0:(584.096,184.328)
left wrist real1:(546.909,191.193), cal1:(548.806,210.324)

-0.237614 -0.314835 3.98403 0.937884
right wrist real0:(298.718,244.746), cal0:(296.118,201.205)
right wrist real1:(152.629,203.077), cal1:(157.204,248.771)

0.644996 -0.296563 1.68159 0.84714
left pinky real0:(563.895,162.05), cal0:(562.379,142.708)
left pinky real1:(503.408,154.483), cal1:(505.409,175.799)

-0.184051 -0.765612 4.27138 0.916507
right pinky real0:(310.719,193.731), cal0:(306.061,140.975)
right pinky real1:(154.034,129.027), cal1:(159.229,185.266)

0.558502 -0.305296 1.65653 0.854758
left index real0:(536.427,161.651), cal0:(534.497,137.936)
left index real1:(483.771,145.76), cal1:(486.143,171.261)

-0.116103 -0.647022 3.15033 0.922262
right index real0:(314.867,177.885), cal0:(309.807,125.265)
right index real1:(185.892,110.271), cal1:(190.878,166.332)

0.525565 -0.247285 1.59524 0.848179
left thumb real0:(531.867,182.516), cal0:(529.875,155.536)
left thumb real1:(487.812,157.213), cal1:(490.609,186.603)

-0.105666 -0.497432 2.96342 0.917478
right thumb real0:(314.844,198.436), cal0:(310.527,147.817)
right thumb real1:(194.815,135.787), cal1:(199.723,189.157)

0.257183 0.874342 1.40915 0.106895
left hip real0:(441.472,622.49), cal0:(441.593,621.593)
left hip real1:(483.353,651.235), cal1:(483.815,654.15)

-0.126933 0.979803 1.68976 0.106673
right hip real0:(283.041,625.522), cal0:(286.819,597.177)
right hip real1:(286.357,642.728), cal1:(292.293,680.309)

0.272282 1.71313 1.62063 0.020007
left knee real0:(432.602,885.083), cal0:(432.882,883.986)
left knee real1:(470.296,952.744), cal1:(470.548,954.011)

-0.107158 1.88461 1.85838 0.0183769
right knee real0:(289.62,887.78), cal0:(297.307,858.163)
right knee real1:(295.865,956.632), cal1:(304.219,998.334)

0.318262 2.56919 1.8139 0.00389268
left ankle real0:(427.837,1126.89), cal0:(437.357,1099.93)
left ankle real1:(472.534,1209.65), cal1:(473.319,1213.01)

-0.059283 3.05859 2.32553 0.0030083
right ankle real0:(286.516,1126.65), cal0:(316.633,1039.13)
right ankle real1:(297.403,1218.27), cal1:(299.904,1229.1)

0.313513 2.61023 1.78485 0.00347564
left heel real0:(425.918,1159.21), cal0:(437.474,1127.6)
left heel real1:(478.335,1242.6), cal1:(479.199,1246.22)

-0.0795088 3.09018 2.2652 0.00377087
right heel real0:(278.707,1158.04), cal0:(310.861,1068.56)
right heel real1:(295.194,1251.23), cal1:(300.012,1271.61)

0.374317 3.3517 2.16782 0.00383859
left foot index real0:(425.99,1202.82), cal0:(435.682,1177.89)
left foot index real1:(445.407,1306.75), cal1:(448.3,1318.44)

0.0246947 3.62052 2.45027 0.00343861
right foot index real0:(311.565,1205.02), cal0:(338.003,1136.72)
right foot index real1:(317.48,1319.91), cal1:(323.657,1344.93)

