camera0:
0.736531 0.253706 0.999729 0.592
0.74633 0.197143 0.999553 0.58575
0.754751 0.199999 0.99949 0.58125
0.76283 0.202788 0.999359 0.58
0.710872 0.191372 0.99973 0.6015
0.692992 0.191199 0.999778 0.6025
0.672655 0.192017 0.999777 0.6025
0.747821 0.235643 0.999365 0.5945
0.611032 0.219522 0.999891 0.651
0.739218 0.319655 0.999676 0.59725
0.69594 0.318572 0.999872 0.6095
0.776661 0.543334 0.996277 0.75325
0.435313 0.507041 0.998993 0.57825
0.948358 0.725302 0.828213 0.692
0.253643 0.861784 0.955156 0
1.09899 0.8217 0.876466 -111
0.476547 1.08743 0.891458 -111
1.16137 0.84486 0.834016 -111
0.547772 1.2014 0.848661 -111
1.1378 0.832767 0.839382 -111
0.596252 1.13854 0.85984 -111
1.10339 0.841914 0.848452 -111
0.564672 1.10772 0.859329 -111
0.731118 1.23124 0.117932 -111
0.473201 1.25611 0.110523 -111
0.743027 1.78045 0.0140847 -111
0.499684 1.82723 0.0122249 -111
0.73485 2.31147 0.00110272 -111
0.488031 2.35299 0.000719941 -111
0.718241 2.4048 0.00112497 -111
0.455371 2.45094 0.00121771 -111
0.786645 2.44554 0.00178697 -111
0.589718 2.47853 0.00141602 -111
camera1:
0.536886 0.16782 0.998418 0.52675
0.56442 0.102276 0.998224 0.52875
0.586874 0.106993 0.998435 0.52575
0.610389 0.113018 0.998246 0.528
0.521058 0.0991918 0.997928 0.5265
0.507853 0.101252 0.99805 0.516
0.492673 0.103771 0.998004 0.5105
0.66197 0.151496 0.998677 0.56775
0.493043 0.138279 0.998618 0.51475
0.577492 0.253975 0.999096 0.53575
0.525723 0.25356 0.998895 0.5275
0.797213 0.460558 0.994536 0.60975
0.381389 0.466465 0.994497 0.6595
0.957405 0.824933 0.865223 0
0.114603 0.679073 0.874361 0
0.847485 1.06812 0.76854 -111
-0.171225 0.742023 0.834744 -111
0.819119 1.11097 0.750403 -111
-0.24987 0.77149 0.809398 -111
0.775537 1.01891 0.767169 -111
-0.254537 0.718204 0.82713 -111
0.770823 0.997973 0.770026 0
-0.209272 0.738638 0.831796 -111
0.705283 1.12981 0.058089 -111
0.447763 1.11608 0.0764249 -111
0.747245 0.875644 0.0592745 0
0.249269 1.05045 0.057459 -111
0.62146 1.40147 0.0166805 -111
0.355445 1.37013 0.0167723 -111
0.605125 1.47819 0.019435 -111
0.384337 1.42018 0.0241906 -111
0.572181 1.58804 0.0104103 -111
0.283491 1.49841 0.0103303 -111
fused:
0.667506 -0.831692 2.97245 0.999729
nose real0:(471.38,121.779), cal0:(466.858,80.5408)
nose real1:(343.607,80.5537), cal1:(347.343,124.47)

0.604603 -0.850839 2.58768 0.999553
left eye (inner) real0:(477.651,94.6286), cal0:(472.315,51.0906)
left eye (inner) real1:(361.229,49.0926), cal1:(365.053,96.0299)

0.581069 -0.777852 2.39242 0.99949
left eye real0:(483.041,95.9993), cal0:(477.861,53.2969)
left eye real1:(375.6,51.3564), cal1:(379.379,97.5363)

0.556519 -0.709095 2.20989 0.999359
left eye (outer) real0:(488.211,97.3381), cal0:(483.239,55.8562)
left eye (outer) real1:(390.649,54.2487), cal1:(394.352,99.2751)

0.542264 -0.921208 2.76944 0.99973
right eye (inner) real0:(454.958,91.8584), cal0:(449.579,48.7889)
right eye (inner) real1:(333.477,47.6121), cal1:(337.187,93.5045)

0.482509 -0.904521 2.72791 0.999778
right eye real0:(443.515,91.7754), cal0:(438.21,49.4222)
right eye real1:(325.026,48.6011), cal1:(328.647,93.4494)

0.416476 -0.884458 2.68127 0.999777
right eye (outer) real0:(430.499,92.1683), cal0:(425.263,50.4528)
right eye (outer) real1:(315.311,49.81), cal1:(318.85,93.6765)

0.405902 -0.494009 1.71202 0.999365
left ear real0:(478.606,113.109), cal0:(474.383,75.2806)
left ear real1:(423.661,72.7181), cal1:(427.114,113.569)

0.187399 -0.622503 2.06347 0.999891
right ear real0:(391.061,105.371), cal0:(386.508,67.3929)
right ear real1:(315.548,66.3741), cal1:(318.759,105.436)

0.569204 -0.535968 2.47887 0.999676
mouth (left) real0:(473.1,153.434), cal0:(469.897,118.755)
mouth (left) real1:(369.595,121.908), cal1:(372.894,158.595)

0.487931 -0.579338 2.66096 0.999872
mouth (right) real0:(445.401,152.914), cal0:(442.108,117.852)
mouth (right) real1:(336.463,121.709), cal1:(339.732,158.239)

0.351307 -0.0379716 1.28787 0.996277
left shoulder real0:(497.063,260.8), cal0:(495.825,230.978)
left shoulder real1:(510.216,221.068), cal1:(513.523,252.722)

-0.160966 -0.102961 1.75898 0.998993
right shoulder real0:(278.6,243.38), cal0:(276.972,213.519)
right shoulder real1:(244.089,223.903), cal1:(246.906,251.884)

0.584078 0.259697 1.27803 0.865223
left elbow real0:(606.949,348.145), cal0:(606.505,370.818)
left elbow real1:(612.739,395.968), cal1:(609.979,373.436)

-0.606508 0.30688 2.15332 0.955156
right elbow real0:(162.332,413.656), cal0:(162.736,334.346)
right elbow real1:(73.3457,325.955), cal1:(82.612,404.358)

2.64747 1.38376 4.30855 0.876466
left wrist real0:(703.352,394.416), cal0:(701.099,441.713)
left wrist real1:(542.39,512.697), cal1:(533.543,445.181)

-22445.3 28257.9 121635 0.891458
right wrist real0:(304.99,521.966), cal0:(221.089,388.316)
right wrist real1:(-109.584,356.171), cal1:(-18.8031,480.562)

13.2118 6.77812 19.4301 0.834016
left pinky real0:(743.274,405.533), cal0:(740.447,458.349)
left pinky real1:(524.236,533.264), cal1:(514.629,460.955)

-26616.9 37850.7 137204 0.848661
right pinky real0:(350.574,576.674), cal0:(215.403,414.492)
right pinky real1:(-159.917,370.315), cal1:(-25.6381,513.467)

103.522 48.7009 157.566 0.839382
left index real0:(728.191,399.728), cal0:(726.656,434.452)
left index real1:(496.344,489.078), cal1:(490.374,443.155)

-26280.1 34533.6 146974 0.85984
right index real0:(381.602,546.499), cal0:(224.527,389.907)
right index real1:(-162.904,344.738), cal1:(-14.1594,481.757)

10.415 5.11524 16.7743 0.848452
left thumb real0:(706.171,404.119), cal0:(704.957,431.964)
left thumb real1:(493.327,479.027), cal1:(488.521,442.001)

-23789.6 32322.9 139047 0.859329
right thumb real0:(361.39,531.705), cal0:(229.163,388.402)
right thumb real1:(-133.934,354.546), cal1:(-8.04821,478.994)

0.400942 0.949667 1.74856 0.117932
left hip real0:(467.916,590.994), cal0:(469.702,575.102)
left hip real1:(451.381,542.309), cal1:(460.76,604.31)

-0.0705062 0.909348 1.79291 0.110523
right hip real0:(302.849,602.933), cal0:(308.323,553.512)
right hip real1:(286.569,535.719), cal1:(299.971,624.627)

0.441341 0.47674 1.63 0.0592745
left knee real0:(475.538,854.615), cal0:(494.612,424.472)
left knee real1:(478.237,420.309), cal1:(481.396,444.603)

0.318472 4.8343 14.4869 0.057459
right knee real0:(319.798,877.071), cal0:(345.155,449.247)
right knee real1:(159.532,504.215), cal1:(161.845,521.395)

2.00335 3.86818 5.92932 0.0166805
left ankle real0:(470.304,1109.51), cal0:(534.929,640.769)
left ankle real1:(397.734,672.705), cal1:(398.045,674.653)

0.589115 4.23499 7.64838 0.0167723
right ankle real0:(312.34,1129.43), cal0:(378.222,581.469)
right ankle real1:(227.485,657.664), cal1:(227.621,658.548)

2.52093 5.32503 7.53738 0.019435
left heel real0:(459.674,1154.3), cal0:(532.878,673.283)
left heel real1:(387.28,709.531), cal1:(387.529,711.047)

0.26788 2.73792 4.63384 0.0241906
right heel real0:(291.438,1176.45), cal0:(366.678,603.792)
right heel real1:(245.976,681.686), cal1:(246.174,682.945)

6880.24 15042.3 18666.4 0.0104103
left foot index real0:(503.453,1173.86), cal0:(553.383,733)
left foot index real1:(366.196,762.26), cal1:(369.157,774.308)

1876.67 15969.8 24802 0.0103303
right foot index real0:(377.42,1189.7), cal0:(377.405,635.669)
right foot index real1:(181.434,719.238), cal1:(184.209,728.092)

