camera0:
0.901922 0.23136 0.999416 0
0.914135 0.148191 0.998588 0
0.92699 0.154927 0.998228 0
0.937412 0.15954 0.996842 0
0.86995 0.123741 0.999462 0.49125
0.839525 0.117482 0.999618 0.4915
0.81237 0.115272 0.999608 0.49175
0.920647 0.179937 0.996648 0
0.755703 0.146233 0.999872 0.5045
0.904412 0.308156 0.998876 0
0.853715 0.305389 0.999809 0
0.924232 0.530113 0.969698 0.6505
0.518375 0.522417 0.998975 0.50775
1.08433 0.802705 0.56789 -111
0.26948 0.878745 0.962155 0
1.13113 0.902636 0.645525 -111
0.223569 1.24349 0.887064 -111
1.15794 0.93403 0.622457 -111
0.206115 1.3475 0.841158 -111
1.14662 0.902532 0.634394 -111
0.252566 1.31343 0.859182 -111
1.12207 0.905605 0.644607 -111
0.26782 1.28416 0.855906 -111
0.824249 1.28876 0.0839757 -111
0.569449 1.30141 0.0833345 -111
0.805159 1.8456 0.0108422 -111
0.572875 1.86857 0.014879 -111
0.773911 2.38482 0.00103468 -111
0.544267 2.42945 0.00115988 -111
0.751908 2.48688 0.00105941 -111
0.489016 2.52827 0.00192297 -111
0.848724 2.55639 0.00253082 -111
0.687713 2.60698 0.00291347 -111
camera1:
0.429187 0.184523 0.997994 0
0.468097 0.0889028 0.996355 0
0.492104 0.0880353 0.99718 0
0.523924 0.0948381 0.996814 0
0.409195 0.107448 0.995959 0
0.388804 0.115529 0.996381 0
0.368983 0.119972 0.995967 0
0.600088 0.134776 0.997894 0
0.380112 0.141192 0.997883 0
0.474673 0.263734 0.998913 0
0.419783 0.280011 0.998874 0
0.781639 0.476104 0.995817 0.51175
0.256409 0.502604 0.995812 0.568
0.89638 0.913567 0.754717 0
-0.00865871 0.776224 0.8413 -111
0.862057 1.30095 0.514649 -111
-0.265676 1.02673 0.608157 -111
0.873743 1.43579 0.502282 -111
-0.346771 1.08429 0.571329 -111
0.806943 1.41924 0.520899 -111
-0.315925 1.085 0.605141 -111
0.795638 1.36826 0.526151 -111
-0.275708 1.07518 0.62332 -111
0.658268 1.31152 0.0383174 -111
0.343396 1.3112 0.0503561 -111
0.656202 1.98527 0.0392498 -111
0.348965 1.97655 0.0378446 -111
0.656533 2.58876 0.010966 -111
0.356876 2.58329 0.0110119 -111
0.673055 2.68192 0.0127736 -111
0.354261 2.67678 0.0158832 -111
0.582108 2.7927 0.00685035 -111
0.38454 2.79003 0.00678669 -111
fused:
65042 -54336.7 185753 0.999416
nose real0:(577.23,111.053), cal0:(542.308,72.8953)
nose real1:(274.679,88.571), cal1:(313.347,127.936)

57646.3 -55559.4 151704 0.998588
left eye (inner) real0:(585.046,71.1318), cal0:(560.233,28.5948)
left eye (inner) real1:(299.582,42.6733), cal1:(326.11,88.6778)

55501.8 -50378.6 138546 0.998228
left eye real0:(593.274,74.3651), cal0:(572.615,30.1646)
left eye real1:(314.946,42.2569), cal1:(336.798,90.6292)

47078.2 -39835.1 111060 0.996842
left eye (outer) real0:(599.943,76.5792), cal0:(586.611,33.1347)
left eye (outer) real1:(335.311,45.5223), cal1:(348.797,93.8579)

55705.8 -63876.6 173008 0.999462
right eye (inner) real0:(556.768,59.3956), cal0:(525.385,26.8053)
right eye (inner) real1:(261.885,51.5751), cal1:(295.446,85.4354)

50178.2 -63065.7 171314 0.999618
right eye real0:(537.296,56.3915), cal0:(507.913,27.4563)
right eye real1:(248.834,55.454), cal1:(279.733,85.1828)

45314.7 -62403.2 170160 0.999608
right eye (outer) real0:(519.917,55.3306), cal0:(491.935,28.2961)
right eye (outer) real1:(236.149,57.5867), cal1:(265.111,85.1736)

3.07385 -2.41171 7.29848 0.997894
left ear real0:(589.214,86.3697), cal0:(584.968,50.1068)
left ear real1:(384.057,64.6925), cal1:(387.447,105.544)

23788.7 -34204.5 99544.3 0.999872
right ear real0:(483.65,70.1919), cal0:(475.516,42.1918)
right ear real1:(243.272,67.7721), cal1:(250.573,97.3455)

59890.6 -36305.3 159903 0.998913
mouth (left) real0:(578.824,147.915), cal0:(556.96,112.245)
mouth (left) real1:(303.791,126.592), cal1:(328.702,163.972)

55308.1 -39105 175936 0.999809
mouth (right) real0:(546.378,146.587), cal0:(520.807,115.117)
mouth (right) real1:(268.661,134.405), cal1:(296.844,166.428)

0.888505 -0.0685647 2.06483 0.995817
left shoulder real0:(591.508,254.454), cal0:(590.459,228.741)
left shoulder real1:(500.249,228.53), cal1:(503.057,255.353)

-0.0170436 -0.283155 5.97886 0.998975
right shoulder real0:(331.76,250.76), cal0:(330.235,220.235)
right shoulder real1:(164.102,241.25), cal1:(167.05,270.141)

1.4977 0.699583 2.49372 0.754717
left elbow real0:(693.971,385.298), cal0:(692.761,417.296)
left elbow real1:(573.683,438.512), cal1:(571.117,418.475)

-1.19155 0.816759 4.51956 0.962155
right elbow real0:(172.467,421.798), cal0:(173.56,357.305)
right elbow real1:(-5.54157,372.588), cal1:(2.86671,441.656)

3.79637 2.51343 5.89693 0.645525
left wrist real0:(723.923,433.265), cal0:(718.712,504.853)
left wrist real1:(551.716,624.457), cal1:(534.693,501.809)

-44506.5 58727 139478 0.887064
right wrist real0:(143.084,596.875), cal0:(140.248,501.741)
right wrist real1:(-170.033,492.832), cal1:(-131.53,645.561)

5.19628 3.79062 7.78409 0.622457
left pinky real0:(741.083,448.335), cal0:(732.989,541.359)
left pinky real1:(559.196,689.179), cal1:(536.968,534.006)

-59232.4 80206.3 168129 0.841158
right pinky real0:(131.914,646.799), cal0:(120.297,535.398)
right pinky real1:(-221.934,520.457), cal1:(-162.013,697.953)

23902.3 16977.7 36471 0.634394
left index real0:(733.838,433.215), cal0:(725.677,528.464)
left index real1:(516.444,681.234), cal1:(495.488,528.581)

-61752.1 88441.7 191788 0.859182
right index real0:(161.642,630.444), cal0:(138.514,525.837)
right index real1:(-202.192,520.801), cal1:(-133.793,678.159)

28.491 20.2535 45.0928 0.644607
left thumb real0:(718.124,434.691), cal0:(711.529,518.631)
left thumb real1:(509.208,656.763), cal1:(490.157,521.264)

-56873.8 83419.8 188033 0.855906
right thumb real0:(171.405,616.399), cal0:(150.236,515.322)
right thumb real1:(-176.453,516.087), cal1:(-116.155,659.982)

1.17342 2.19385 3.59676 0.0839757
left hip real0:(527.52,618.602), cal0:(527.943,615.269)
left hip real1:(421.292,629.528), cal1:(423.683,644.862)

0.363317 3.61596 6.15301 0.0833345
right hip real0:(364.448,624.678), cal0:(367.421,601.88)
right hip real1:(219.774,629.375), cal1:(228.264,683.441)

1.28857 4.58688 4.27057 0.0392498
left knee real0:(515.302,885.886), cal0:(513.218,894.197)
left knee real1:(419.969,952.931), cal1:(419.859,952.373)

1.24262 14.5994 15.0022 0.0378446
right knee real0:(366.64,896.911), cal0:(381.709,833.547)
right knee real1:(223.338,948.745), cal1:(224.876,956.724)

1.30024 6.91831 4.68795 0.010966
left ankle real0:(495.303,1144.72), cal0:(498.575,1135.61)
left ankle real1:(420.181,1242.6), cal1:(420.197,1242.67)

3.41114 52.0817 38.6229 0.0110119
right ankle real0:(348.331,1166.14), cal0:(385.007,1059.11)
right ankle real1:(228.401,1239.98), cal1:(228.609,1240.88)

1.01124 5.90144 3.84672 0.0127736
left heel real0:(481.221,1193.7), cal0:(489.879,1170.7)
left heel real1:(430.755,1287.32), cal1:(430.786,1287.45)

0.47143 14.3384 10.3152 0.0158832
right heel real0:(312.97,1213.57), cal0:(359.404,1084.08)
right heel real1:(226.727,1284.86), cal1:(227.061,1286.27)

15595.1 79772.9 49600.5 0.00685035
left foot index real0:(543.183,1227.07), cal0:(520.837,1215.27)
left foot index real1:(372.549,1340.5), cal1:(376.412,1341.55)

9989.26 110949 73246.3 0.00678669
right foot index real0:(440.136,1251.35), cal0:(413.88,1159.04)
right foot index real1:(246.106,1339.21), cal1:(258.956,1351.53)

