camera0:
0.947788 0.285266 0.999178 0
0.953677 0.210897 0.998034 0
0.961686 0.213394 0.997428 0
0.967843 0.215701 0.995854 0
0.913583 0.196706 0.999386 0
0.892986 0.190721 0.999542 0
0.87171 0.187134 0.999554 0
0.928226 0.233609 0.995985 0
0.790018 0.213211 0.999871 0.5035
0.941075 0.346419 0.998283 0
0.898531 0.347127 0.999747 0
0.933484 0.550016 0.977408 0.64625
0.537496 0.533069 0.999366 0.50725
1.07093 0.786855 0.301677 -111
0.302968 0.885264 0.958429 0
1.1251 0.923073 0.430744 -111
0.249271 1.28177 0.781889 -111
1.18619 0.950536 0.425925 -111
0.221843 1.38749 0.750594 -111
1.15929 0.947526 0.449167 -111
0.269675 1.36954 0.793344 -111
1.12737 0.953856 0.46949 -111
0.284702 1.33985 0.779072 -111
0.831106 1.34332 0.0359333 -111
0.550708 1.32996 0.0352981 -111
0.801355 1.99572 0.00435332 -111
0.558407 2.027 0.00645151 -111
0.782578 2.5807 0.000411763 -111
0.51849 2.6072 0.000474044 -111
0.757531 2.68227 0.000414835 -111
0.471895 2.70108 0.000771161 -111
0.872337 2.73437 0.00133678 -111
0.66006 2.77692 0.00132757 -111
camera1:
0.450844 0.183869 0.994683 0
0.493364 0.0889069 0.990402 0
0.52307 0.0872786 0.992727 0
0.549538 0.0877656 0.991199 0
0.42451 0.102388 0.989115 0
0.405568 0.10826 0.990879 0
0.388352 0.113866 0.989488 0
0.620463 0.118995 0.995178 0
0.391937 0.136193 0.993717 0
0.5022 0.263393 0.996864 0
0.42874 0.273462 0.997186 0
0.805868 0.491776 0.993378 0.50975
0.257603 0.513341 0.990852 0.56625
0.92495 0.931061 0.514038 0
-0.0301701 0.770105 0.635856 -111
0.82764 1.3073 0.223397 -111
-0.338573 0.958982 0.311947 -111
0.821158 1.44474 0.219547 -111
-0.434866 1.00564 0.278974 -111
0.756964 1.39942 0.241738 -111
-0.414147 1.004 0.325838 -111
0.751077 1.34404 0.2454 -111
-0.366981 0.998239 0.351892 -111
0.683297 1.37121 0.0157987 -111
0.344718 1.3627 0.0204133 -111
0.707116 2.05882 0.021287 -111
0.365254 2.0637 0.0159445 -111
0.657896 2.71932 0.0044425 -111
0.338056 2.72944 0.00435444 -111
0.666715 2.81861 0.00508485 -111
0.331255 2.83967 0.0062628 -111
0.580489 2.95592 0.00280418 -111
0.354739 2.94957 0.00273634 -111
fused:
86988.5 -60115.8 223153 0.999178
nose real0:(606.584,136.928), cal0:(566.135,86.796)
nose real1:(288.54,88.2569), cal1:(334.962,141.03)

75033.9 -60806.7 179734 0.998034
left eye (inner) real0:(610.353,101.23), cal0:(582.75,45.3748)
left eye (inner) real1:(315.753,42.6753), cal1:(346.363,104.508)

67592.6 -52100.4 154294 0.997428
left eye real0:(615.479,102.429), cal0:(595.129,45.7617)
left eye real1:(334.765,41.8937), cal1:(356.738,105.3)

55741.1 -41080.7 122271 0.995854
left eye (outer) real0:(619.419,103.537), cal0:(605.824,46.778)
left eye (outer) real1:(351.704,42.1275), cal1:(365.641,106.574)

76188.6 -72653.6 213982 0.999386
right eye (inner) real0:(584.693,94.4191), cal0:(545.851,44.6435)
right eye (inner) real1:(271.686,49.1462), cal1:(314.656,102.464)

72444.6 -73898.1 217444 0.999542
right eye real0:(571.511,91.546), cal0:(532.101,44.4525)
right eye real1:(259.564,51.965), cal1:(302.526,101.755)

68188.2 -74275.9 219180 0.999554
right eye (outer) real0:(557.895,89.8246), cal0:(518.849,45.0349)
right eye (outer) real1:(248.545,54.6555), cal1:(290.71,101.764)

2.42726 -1.77294 5.68684 0.995985
left ear real0:(594.064,112.132), cal0:(588.367,61.3327)
left ear real1:(397.096,57.1175), cal1:(401.947,114.613)

39446.1 -47437.4 149464 0.999871
right ear real0:(505.612,102.341), cal0:(490.5,57.9536)
right ear real1:(250.84,65.3727), cal1:(265.548,112.647)

75878.8 -38739.5 184312 0.998283
mouth (left) real0:(602.288,166.281), cal0:(579.275,122.379)
mouth (left) real1:(321.408,126.429), cal1:(348.542,173.228)

77770.7 -46593.7 224794 0.999747
mouth (right) real0:(575.06,166.621), cal0:(539.791,124.129)
mouth (right) real1:(274.394,131.262), cal1:(314.407,174.81)

0.845617 -0.0317918 1.92022 0.993378
left shoulder real0:(597.43,264.008), cal0:(596.509,238.747)
left shoulder real1:(515.755,236.053), cal1:(518.612,263.013)

0.136081 -0.302119 7.71484 0.999366
right shoulder real0:(343.998,255.873), cal0:(342.545,225.162)
right shoulder real1:(164.866,246.404), cal1:(167.9,275.917)

1.19325 0.613317 2.04097 0.514038
left elbow real0:(685.396,377.69), cal0:(683.182,429.294)
left elbow real1:(591.968,446.909), cal1:(589.432,427.339)

-1.91449 1.76298 8.41008 0.958429
right elbow real0:(193.9,424.927), cal0:(195.189,374.68)
right elbow real1:(-19.3089,369.651), cal1:(-7.63057,463.557)

7.23037 4.31425 11.2569 0.430744
left wrist real0:(720.065,443.075), cal0:(717.823,479.027)
left wrist real1:(529.69,627.506), cal1:(509.905,481.579)

-56810.1 97805.5 188807 0.781889
right wrist real0:(159.533,615.249), cal0:(151.185,560.018)
right wrist real1:(-216.687,460.311), cal1:(-113.874,718.868)

66818.5 40259.1 95331.4 0.425925
left pinky real0:(759.16,456.257), cal0:(753.028,502.497)
left pinky real1:(525.541,693.477), cal1:(513.528,500.34)

-62686 112445 188520 0.750594
right pinky real0:(141.979,665.994), cal0:(132.184,607.163)
right pinky real1:(-278.314,482.707), cal1:(-142.345,790.903)

89831.8 56391.6 135245 0.449167
left index real0:(741.947,454.812), cal0:(730.986,499.284)
left index real1:(484.457,671.721), cal1:(497.074,501.1)

-65811.8 126903 221403 0.793344
right index real0:(172.592,657.38), cal0:(153.371,593.168)
right index real1:(-265.054,481.918), cal1:(-109.912,762.388)

75230.6 48297.9 118249 0.46949
left thumb real0:(721.519,457.851), cal0:(714.158,494.165)
left thumb real1:(480.689,645.138), cal1:(484.055,499.256)

-64833.5 123624 228600 0.779072
right thumb real0:(182.209,643.129), cal0:(161.564,573.704)
right thumb real1:(-234.868,479.155), cal1:(-97.9832,732.911)

1.07861 2.11918 3.23516 0.0359333
left hip real0:(531.908,644.793), cal0:(532.244,642.37)
left hip real1:(437.31,658.182), cal1:(439.222,670.152)

0.194726 3.09634 5.03047 0.0352981
right hip real0:(352.453,638.383), cal0:(355.203,618.615)
right hip real1:(220.619,654.095), cal1:(228.711,704.715)

1.01119 3.69624 3.24224 0.021287
left knee real0:(512.867,957.945), cal0:(519.315,933.838)
left knee real1:(452.554,988.234), cal1:(452.734,989.118)

0.96468 11.8454 11.3898 0.0159445
right knee real0:(357.381,972.961), cal0:(382.831,873.72)
right knee real1:(233.763,990.578), cal1:(236.374,1003.68)

2.12238 10.785 6.85629 0.0044425
left ankle real0:(500.85,1238.74), cal0:(517.916,1194.05)
left ankle real1:(421.053,1305.27), cal1:(421.129,1305.58)

1091.99 19441.8 13588.6 0.00435444
right ankle real0:(331.834,1251.45), cal0:(380.226,1108.55)
right ankle real1:(216.356,1310.13), cal1:(216.698,1311.39)

1.61484 8.99664 5.51227 0.00508485
left heel real0:(484.82,1287.49), cal0:(507.944,1229.57)
left heel real1:(426.698,1352.94), cal1:(426.775,1353.24)

1.24896 36.982 24.9233 0.0062628
right heel real0:(302.013,1296.52), cal0:(362.054,1140.46)
right heel real1:(212.004,1363.04), cal1:(212.429,1364.78)

21538.3 116920 67979.9 0.00280418
left foot index real0:(558.296,1312.5), cal0:(522.29,1282.35)
left foot index real1:(371.513,1418.84), cal1:(383.48,1423.52)

9000.47 128484 80021.3 0.00273634
right foot index real0:(422.438,1332.92), cal0:(399.52,1213.65)
right foot index real1:(227.033,1415.79), cal1:(246.406,1435.68)

