camera0:
0.713681 0.352112 0.999229 0.8925
0.72508 0.308278 0.998912 0.9055
0.73592 0.310168 0.998668 0.9145
0.746021 0.312397 0.998919 0
0.688495 0.303813 0.999183 0.906
0.672805 0.303769 0.998981 0.88
0.656153 0.30496 0.999174 0.9095
0.742388 0.340437 0.998777 0.90375
0.617357 0.338577 0.999436 0.91275
0.727212 0.408894 0.9997 0.90325
0.684531 0.406254 0.999807 0.89425
0.82973 0.613789 0.998292 0.98275
0.505915 0.622242 0.99918 0.90575
0.908297 0.893924 0.59789 0
0.430324 0.944521 0.877577 0.89175
0.928089 1.168 0.082859 -111
0.571161 0.980056 0.339096 0.8675
0.945724 1.24318 0.0442836 -111
0.614067 1.00369 0.195991 -111
0.909076 1.24278 0.0542352 -111
0.630351 0.962903 0.206491 0
0.899468 1.21487 0.0682923 -111
0.615556 0.961495 0.213708 0.87325
0.802612 1.22401 0.0872119 -111
0.568639 1.23386 0.103235 -111
0.801208 1.70434 0.000549068 -111
0.578023 1.72125 0.000562386 -111
0.790878 2.13359 3.80744e-05 -111
0.578222 2.16193 3.19972e-05 -111
0.784814 2.20558 5.1881e-05 -111
0.567358 2.23567 5.44036e-05 -111
0.795008 2.26873 9.10379e-05 -111
0.63433 2.29644 9.71108e-05 -111
camera1:
0.299013 0.308224 0.997792 0.86425
0.322307 0.260562 0.995394 0.88225
0.337802 0.262903 0.996368 0.88575
0.352902 0.265871 0.996093 0.88175
0.284028 0.257609 0.995666 0.89675
0.273869 0.257539 0.996264 0.893
0.264986 0.257875 0.996089 0.8925
0.379653 0.291151 0.996943 0.89625
0.266668 0.280035 0.996697 0.891
0.331548 0.361278 0.998593 0.88175
0.281677 0.356416 0.998545 0.87325
0.510199 0.588901 0.996278 0.91625
0.159097 0.566002 0.998191 0.9445
0.552175 0.926436 0.421706 0
0.102398 0.894606 0.267488 0
0.432211 1.19662 0.0307826 -111
0.204572 1.10962 0.0422524 -111
0.409161 1.27544 0.0260209 -111
0.211333 1.18524 0.0369531 -111
0.373142 1.25393 0.0379541 -111
0.235303 1.1588 0.0496821 -111
0.377465 1.21746 0.0440977 -111
0.236568 1.12785 0.0540302 -111
0.452351 1.18895 0.00862298 -111
0.217892 1.1803 0.0119244 -111
0.432879 1.69942 0.000579226 -111
0.21678 1.68384 0.000243689 -111
0.416511 2.13526 5.90842e-05 -111
0.215593 2.1314 1.40589e-05 -111
0.421758 2.20145 8.66862e-05 -111
0.214086 2.20415 3.40726e-05 -111
0.37133 2.29271 6.18329e-05 -111
0.232808 2.28684 4.95235e-05 -111
fused:
-1227.57 -12636.3 86003.9 0.999229
nose real:(456.756,169.014), cal:(-737146,-7.59401e+06)
394.906 -15603.1 85068.9 0.998912
left eye (inner) real:(464.051,147.973), cal:(237577,-9.377e+06)
1558.73 -15400.9 84737.6 0.998668
left eye real:(470.989,148.881), cal:(936761,-9.25546e+06)
2693.55 -15161.8 84388.9 0.998919
left eye (outer) real:(477.454,149.951), cal:(1.61852e+06,-9.11178e+06)
-2998.79 -15872.2 85160.4 0.999183
right eye (inner) real:(440.637,145.83), cal:(-1.80123e+06,-9.53873e+06)
-4166.23 -15801.4 84754 0.998981
right eye real:(430.595,145.809), cal:(-2.50259e+06,-9.49616e+06)
-5277.47 -15644.7 84192.1 0.999174
right eye (outer) real:(419.938,146.381), cal:(-3.17018e+06,-9.40201e+06)
3617.62 -13024.7 82229.4 0.998777
left ear real:(475.128,163.41), cal:(2.17367e+06,-7.82742e+06)
-6708.19 -13288 81247.2 0.999436
right ear real:(395.109,162.517), cal:(-4.02971e+06,-7.98568e+06)
862.533 -8741.07 84793.7 0.9997
mouth (left) real:(465.416,196.269), cal:(518511,-5.25301e+06)
-3331.54 -9046.01 85277.2 0.999807
mouth (right) real:(438.1,195.002), cal:(-2.00114e+06,-5.43628e+06)
12612.3 5484.01 78827.3 0.998292
left shoulder real:(531.027,294.619), cal:(7.57734e+06,3.29606e+06)
-16125 5157.05 80827.1 0.99918
right shoulder real:(323.786,298.676), cal:(-9.68701e+06,3.09957e+06)
22817.9 24625.4 79239.5 0.59789
left elbow real:(581.31,429.084), cal:(1.37085e+07,1.47998e+07)
-7104.06 19336.5 57263.1 0.877577
right elbow real:(275.407,453.37), cal:(-4.26753e+06,1.16212e+07)
25860.3 36357.6 69579.5 0.082859
left wrist real:(593.977,560.64), cal:(1.55363e+07,2.18507e+07)
1736.35 12895.7 34795.3 0.339096
right wrist real:(365.543,470.427), cal:(1.04347e+06,7.75041e+06)
25938.5 49554.1 84390.7 0.0442836
left pinky real:(605.263,596.728), cal:(1.55832e+07,2.97816e+07)
4022.52 18214.7 46347.6 0.195991
right pinky real:(393.003,481.769), cal:(2.41692e+06,1.0947e+07)
20009.5 51414.5 88097.6 0.0542352
left index real:(581.809,596.537), cal:(1.20213e+07,3.08996e+07)
5110.61 19431.4 53362.8 0.206491
right index real:(403.424,462.194), cal:(3.0706e+06,1.16782e+07)
20806.1 48232.4 86313.8 0.0682923
left thumb real:(575.66,583.138), cal:(1.24999e+07,2.89872e+07)
4267.1 19635.8 54173.1 0.213708
right thumb real:(393.956,461.517), cal:(2.56385e+06,1.18011e+07)
8474.79 15982.2 28358.7 0.0872119
left hip real:(513.672,587.525), cal:(5.09168e+06,9.6053e+06)
1531.5 18120.6 31725.6 0.103235
right hip real:(363.929,592.253), cal:(920400,1.08904e+07)
5839.62 59709.9 62968.8 0.000579226
left knee real:(512.773,818.084), cal:(3.50857e+06,3.58851e+07)
95.9623 47975.4 50127.4 0.000562386
right knee real:(369.934,826.202), cal:(57982.7,2.88328e+07)
145.953 30626.9 23652.2 5.90842e-05
left ankle real:(506.162,1024.12), cal:(88015.1,1.84066e+07)
6.0289 18030.7 13766.1 3.19972e-05
right ankle real:(370.062,1037.73), cal:(3953.9,1.08364e+07)
-89.9704 36489.6 27046.6 8.66862e-05
left heel real:(502.281,1058.68), cal:(-53719,2.193e+07)
-1188.94 29537.7 21621.1 5.44036e-05
right heel real:(363.109,1073.12), cal:(-713943,1.7752e+07)
4598.15 42838 30471 9.10379e-05
left foot index real:(508.805,1088.99), cal:(2.76273e+06,2.57453e+07)
932.61 38611 27194.8 9.71108e-05
right foot index real:(405.971,1102.29), cal:(560610,2.32049e+07)
