camera0:
0.715269 0.352198 0.999056 0.892
0.725546 0.308181 0.998709 0.91925
0.735946 0.309595 0.99836 0
0.745578 0.311344 0.998689 0
0.689113 0.30413 0.999046 0.89075
0.673081 0.304032 0.998781 0.90125
0.656316 0.305148 0.999038 0.89475
0.73917 0.335771 0.998451 0.92025
0.617453 0.337611 0.999339 0.92925
0.726537 0.40703 0.999647 0.917
0.686836 0.405709 0.999781 0.8895
0.828637 0.609364 0.998039 0.986
0.506483 0.618636 0.999143 0.9095
0.906124 0.879964 0.65172 0.9695
0.430484 0.942416 0.894457 0.892
0.933413 1.12421 0.0972381 -111
0.606698 0.965299 0.361802 0.88475
0.951103 1.18559 0.047089 -111
0.646015 0.97582 0.205129 0.8725
0.919449 1.17956 0.0565646 -111
0.66032 0.923268 0.215126 0.8625
0.90922 1.15777 0.0728159 -111
0.667862 0.907654 0.224474 0.86325
0.809192 1.21078 0.114185 -111
0.573638 1.22732 0.137587 -111
0.80619 1.67901 0.000616845 -111
0.578344 1.70416 0.000600993 -111
0.80371 2.10034 3.51651e-05 -111
0.583791 2.12936 3.55081e-05 -111
0.800099 2.17124 5.31681e-05 -111
0.576212 2.19635 6.39635e-05 -111
0.802909 2.23952 8.31416e-05 -111
0.63319 2.26579 0.000108346 -111
camera1:
0.297486 0.307464 0.997434 0.85025
0.320824 0.259799 0.994593 0
0.336335 0.262127 0.995715 0.8915
0.35155 0.26508 0.995432 0.883
0.282857 0.257016 0.994969 0.8765
0.272799 0.25706 0.995673 0.89925
0.26383 0.257492 0.995537 0
0.378641 0.289754 0.99632 0.8915
0.266236 0.279814 0.996137 0.897
0.330874 0.360252 0.998362 0.87475
0.281333 0.355925 0.998365 0.87325
0.509272 0.588033 0.995841 0.90925
0.158886 0.56687 0.998037 0.9495
0.54844 0.933633 0.442107 0
0.104457 0.901873 0.282577 0
0.411398 1.18461 0.030641 -111
0.222897 1.10368 0.0424439 -111
0.38055 1.25121 0.0242888 -111
0.235948 1.17141 0.0347075 -111
0.350377 1.22853 0.0351776 -111
0.254682 1.14153 0.0460398 -111
0.356408 1.19819 0.0415883 -111
0.253745 1.11416 0.0500853 -111
0.453107 1.18445 0.0105978 -111
0.218435 1.1759 0.0143555 -111
0.431653 1.69566 0.000647555 -111
0.213825 1.67866 0.000279142 -111
0.412713 2.13012 6.06321e-05 -111
0.211955 2.12458 1.58275e-05 -111
0.417603 2.19456 9.15303e-05 -111
0.20988 2.19442 3.77622e-05 -111
0.367293 2.28873 6.43511e-05 -111
0.229737 2.28299 5.50712e-05 -111
fused:
-1223.63 -12685.7 86183.7 0.999056
nose real:(457.772,169.055), cal:(-734779,-7.62369e+06)
360.684 -15650.7 85174 0.998709
left eye (inner) real:(464.35,147.927), cal:(217018,-9.40562e+06)
1501.39 -15459.2 84809.7 0.99836
left eye real:(471.006,148.605), cal:(902315,-9.29051e+06)
2621.72 -15229.1 84420.7 0.998689
left eye (outer) real:(477.17,149.445), cal:(1.57536e+06,-9.15223e+06)
-3016.53 -15898.3 85254.5 0.999046
right eye (inner) real:(441.032,145.983), cal:(-1.81189e+06,-9.5544e+06)
-4197.88 -15819.9 84817 0.998781
right eye real:(430.772,145.935), cal:(-2.5216e+06,-9.50728e+06)
-5318.36 -15662.3 84254.5 0.999038
right eye (outer) real:(420.042,146.471), cal:(-3.19475e+06,-9.41257e+06)
3428.58 -13191 82026.9 0.998451
left ear real:(473.069,161.17), cal:(2.0601e+06,-7.92733e+06)
-6716.39 -13327.4 81256.7 0.999339
right ear real:(395.17,162.053), cal:(-4.03463e+06,-8.00934e+06)
804.497 -8835.04 84758.8 0.999647
mouth (left) real:(464.983,195.374), cal:(483645,-5.30948e+06)
-3245.36 -9097.3 85429.8 0.999781
mouth (right) real:(439.575,194.74), cal:(-1.94936e+06,-5.4671e+06)
12524 5314.81 78789.7 0.998039
left shoulder real:(530.328,292.495), cal:(7.52432e+06,3.19438e+06)
-16114.1 5070.75 80858.1 0.999143
right shoulder real:(324.149,296.945), cal:(-9.68041e+06,3.0477e+06)
22995.5 24001.7 78847.4 0.65172
left elbow real:(579.92,422.383), cal:(1.38152e+07,1.44249e+07)
-7317.81 19584.5 58203.8 0.894457
right elbow real:(275.51,452.36), cal:(-4.39595e+06,1.17703e+07)
25590.8 31980.2 65403.2 0.0972381
left wrist real:(597.385,539.623), cal:(1.53743e+07,1.92199e+07)
2997.71 12194.9 33993.6 0.361802
right wrist real:(388.287,463.344), cal:(1.80125e+06,7.32919e+06)
27619.6 45339.2 83138.6 0.047089
left pinky real:(608.706,569.085), cal:(1.65932e+07,2.72485e+07)
5390.81 16165.2 43680.6 0.205129
right pinky real:(413.449,468.394), cal:(3.23894e+06,9.7153e+06)
22648.7 47673.4 88150.5 0.0565646
left index real:(588.447,566.188), cal:(1.36069e+07,2.86513e+07)
6641.36 16699.3 50376.4 0.215126
right index real:(422.605,443.169), cal:(3.99022e+06,1.00363e+07)
23154 44554.9 85639.6 0.0728159
left thumb real:(581.901,555.73), cal:(1.39104e+07,2.67771e+07)
7173.48 16610.7 52034.1 0.224474
right thumb real:(427.432,435.674), cal:(4.3099e+06,9.98307e+06)
8388.19 15150.1 27391.9 0.114185
left hip real:(517.883,581.173), cal:(5.03965e+06,9.10524e+06)
1625.55 16898.7 29853.6 0.137587
right hip real:(367.129,589.115), cal:(976905,1.01561e+07)
6164.99 60467.1 64529.2 0.000647555
left knee real:(515.961,805.927), cal:(3.70404e+06,3.63401e+07)
-309.352 49750.4 52666.3 0.000600993
right knee real:(370.14,817.996), cal:(-185516,2.98995e+07)
-235.937 29877 23243 6.06321e-05
left ankle real:(514.374,1008.17), cal:(-141411,1.79559e+07)
48.0631 19272.6 14973.6 3.55081e-05
right ankle real:(373.626,1022.09), cal:(29206.5,1.15828e+07)
-194.99 37379.6 27934.1 9.15303e-05
left heel real:(512.063,1042.2), cal:(-116811,2.24649e+07)
-944.077 31396.9 23407.4 6.39635e-05
right heel real:(368.776,1054.25), cal:(-566836,1.88694e+07)
3961.08 43138 31000.6 8.31416e-05
left foot index real:(513.862,1074.97), cal:(2.38001e+06,2.59256e+07)
953.679 40304.4 28794.7 0.000108346
right foot index real:(405.241,1087.58), cal:(573268,2.42226e+07)
