camera0:
0.715542 0.351037 0.999096 0.86925
0.72576 0.307226 0.998746 0.91125
0.736125 0.30871 0.998429 0
0.745698 0.31051 0.998735 0
0.689497 0.303175 0.99907 0.8985
0.673557 0.30309 0.998823 0.891
0.656922 0.304166 0.999064 0.8945
0.739296 0.335723 0.998531 0.9165
0.617827 0.337163 0.999359 0.91325
0.726746 0.406485 0.999659 0.9075
0.686989 0.404935 0.999786 0.88825
0.828613 0.609107 0.998105 0.98375
0.506652 0.618962 0.999164 0.906
0.909001 0.886286 0.63556 0.95825
0.430565 0.9443 0.89435 0.888
0.931491 1.15759 0.091514 -111
0.610203 0.969002 0.360853 0.87025
0.950042 1.22451 0.0451958 -111
0.661233 0.974648 0.204526 0
0.915036 1.22464 0.0544597 -111
0.673746 0.924439 0.214251 0.86175
0.904631 1.20044 0.069876 -111
0.672604 0.911782 0.222773 0.8635
0.808067 1.21512 0.106552 -111
0.574167 1.22894 0.128049 -111
0.806251 1.69142 0.000600626 -111
0.584826 1.71234 0.00061058 -111
0.800829 2.11794 3.72489e-05 -111
0.585022 2.15013 3.59131e-05 -111
0.794607 2.18868 5.39932e-05 -111
0.576124 2.22206 6.30009e-05 -111
0.804334 2.25342 8.75927e-05 -111
0.637612 2.28341 0.000107359 -111
camera1:
0.299104 0.30752 0.997575 0.8605
0.322047 0.259915 0.994903 0.90425
0.337455 0.262228 0.99596 0.884
0.352483 0.265165 0.995683 0.8805
0.284032 0.257087 0.99525 0.871
0.273862 0.257073 0.995907 0.88125
0.264927 0.257444 0.995766 0.893
0.378974 0.289861 0.996532 0.89425
0.266537 0.279733 0.996353 0.895
0.331712 0.360336 0.998458 0.867
0.282195 0.355622 0.998456 0.881
0.509144 0.588346 0.995998 0.9155
0.158782 0.56681 0.998099 0.946
0.547546 0.93304 0.438014 0
0.104458 0.900285 0.283743 2.89875
0.433416 1.20162 0.0302075 -111
0.214568 1.12985 0.0420825 -111
0.416615 1.28218 0.0243602 -111
0.224573 1.20893 0.0350026 -111
0.377255 1.26385 0.0354329 -111
0.248944 1.18288 0.0466663 -111
0.379654 1.22557 0.041757 -111
0.248395 1.15019 0.050829 -111
0.453054 1.18964 0.0100825 -111
0.218402 1.18065 0.0137325 -111
0.432526 1.70121 0.000625256 -111
0.215643 1.68539 0.00026799 -111
0.413355 2.1347 6.03394e-05 -111
0.212278 2.13064 1.53986e-05 -111
0.418229 2.2004 8.99146e-05 -111
0.209981 2.203 3.72523e-05 -111
0.367331 2.29439 6.33146e-05 -111
0.230403 2.28842 5.34144e-05 -111
fused:
-1137.72 -12711.1 86097.3 0.999096
nose real:(457.947,168.498), cal:(-683166,-7.63895e+06)
420.278 -15667.6 85107.7 0.998746
left eye (inner) real:(464.486,147.468), cal:(252820,-9.41574e+06)
1555.62 -15474.8 84748.1 0.998429
left eye real:(471.12,148.181), cal:(934895,-9.29986e+06)
2663.56 -15245.1 84367.4 0.998735
left eye (outer) real:(477.247,149.045), cal:(1.6005e+06,-9.16182e+06)
-2948.96 -15919.5 85204.2 0.99907
right eye (inner) real:(441.278,145.524), cal:(-1.7713e+06,-9.56712e+06)
-4130.22 -15844.9 84781.1 0.998823
right eye real:(431.076,145.483), cal:(-2.48096e+06,-9.52234e+06)
-5243.82 -15691.8 84225 0.999064
right eye (outer) real:(420.43,146), cal:(-3.14996e+06,-9.4303e+06)
3446.14 -13187.6 82017.4 0.998531
left ear real:(473.149,161.147), cal:(2.07065e+06,-7.92533e+06)
-6691.09 -13346.8 81267.9 0.999359
right ear real:(395.409,161.838), cal:(-4.01943e+06,-8.02097e+06)
849.842 -8846.73 84720.4 0.999659
mouth (left) real:(465.117,195.113), cal:(510887,-5.31651e+06)
-3199.16 -9129.54 85386.5 0.999786
mouth (right) real:(439.673,194.369), cal:(-1.92161e+06,-5.48648e+06)
12518.8 5317.52 78804.8 0.998105
left shoulder real:(530.312,292.371), cal:(7.52118e+06,3.196e+06)
-16117.4 5081.04 80885.8 0.999164
right shoulder real:(324.257,297.102), cal:(-9.68242e+06,3.05388e+06)
23064.8 24431.6 79320.5 0.63556
left elbow real:(581.76,425.417), cal:(1.38568e+07,1.46833e+07)
-7343.79 19699.7 58332.5 0.89435
right elbow real:(275.561,453.264), cal:(-4.41155e+06,1.18395e+07)
25461.5 33841 65740.6 0.091514
left wrist real:(596.154,555.641), cal:(1.52967e+07,2.03382e+07)
3139.47 12375.4 34193.8 0.360853
right wrist real:(390.53,465.121), cal:(1.88641e+06,7.4377e+06)
27169.2 47290.5 82121.2 0.0451958
left pinky real:(608.027,587.763), cal:(1.63226e+07,2.84212e+07)
6219.54 16615.5 44891.9 0.204526
right pinky real:(423.189,467.831), cal:(3.73681e+06,9.98592e+06)
21823.2 50048.3 86990.6 0.0544597
left index real:(585.623,587.829), cal:(1.31109e+07,3.00786e+07)
7466.39 17258.6 51649.3 0.214251
right index real:(431.197,443.731), cal:(4.48587e+06,1.03724e+07)
22335.4 46838.9 84887.6 0.069876
left thumb real:(578.964,576.214), cal:(1.34187e+07,2.81498e+07)
7513.16 17214.9 53109.7 0.222773
right thumb real:(430.467,437.655), cal:(4.51397e+06,1.03462e+07)
8445.92 15416.4 27699.5 0.106552
left hip real:(517.163,583.258), cal:(5.07434e+06,9.26528e+06)
1665.2 17246.9 30399.1 0.128049
right hip real:(367.467,589.891), cal:(1.00072e+06,1.03654e+07)
6269.91 60560.6 64151.5 0.000625256
left knee real:(516.001,811.88), cal:(3.76707e+06,3.63963e+07)
333.52 49131.3 51650.9 0.00061058
right knee real:(374.289,821.924), cal:(200699,2.95275e+07)
-8.42042 30666.7 23749.8 6.03394e-05
left ankle real:(512.531,1016.61), cal:(-4726.74,1.84305e+07)
125.631 19143.1 14704.4 3.59131e-05
right ankle real:(374.414,1032.06), cal:(75806.8,1.1505e+07)
-78.7612 37549.4 27918.9 8.99146e-05
left heel real:(508.549,1050.56), cal:(-46985,2.25669e+07)
-938.851 31402.1 23118.5 6.30009e-05
right heel real:(368.72,1066.59), cal:(-563696,1.88724e+07)
4446.6 43357.7 30992.7 8.75927e-05
left foot index real:(514.774,1081.64), cal:(2.67169e+06,2.60576e+07)
1135.27 40047.7 28367.8 0.000107359
right foot index real:(408.072,1096.04), cal:(682358,2.40684e+07)
