camera0:
0.733753 0.22694 0.997965 0.57825
0.74249 0.163553 0.995069 0.6065
0.755257 0.165836 0.99521 0.60975
0.766608 0.167522 0.994326 0.61425
0.699408 0.159141 0.997127 0.596
0.679312 0.158804 0.99757 0.60025
0.657952 0.159056 0.997778 0.5965
0.759317 0.194896 0.995973 0.614
0.595547 0.196913 0.999063 0.6125
0.749311 0.296141 0.998829 0.60425
0.700665 0.293796 0.999659 0.5925
0.820208 0.505871 0.998015 0.75125
0.434536 0.475735 0.999579 0.66
0.955032 0.79351 0.679705 0.6365
0.284971 0.888545 0.987244 0
0.999988 0.949221 0.139936 0
0.583789 0.962512 0.892032 0
1.03054 1.00274 0.0720878 -111
0.677413 0.999372 0.69164 0
1.01899 0.986255 0.0770925 -111
0.694146 0.945927 0.676589 0
0.99689 0.967817 0.115898 0
0.664009 0.920374 0.685654 0
0.719477 1.12302 0.3857 -111
0.451247 1.11144 0.533886 -111
0.747087 1.56646 0.00519014 -111
0.438734 1.6037 0.00582355 -111
0.69103 2.02329 0.000271333 -111
0.429851 2.02772 0.000339066 -111
0.673185 2.0961 0.000495172 -111
0.421951 2.09359 0.000349154 -111
0.690896 2.19589 0.000651639 -111
0.471959 2.19556 0.000733275 -111
camera1:
0.358344 0.272995 0.998786 0.58475
0.381565 0.174634 0.998287 0.59
0.403205 0.175098 0.998388 0.5875
0.431416 0.173425 0.998664 0.58575
0.322647 0.17732 0.997808 0.57475
0.304818 0.181487 0.997736 0.61325
0.29208 0.187991 0.997838 0.6225
0.487056 0.202873 0.998457 0.621
0.293619 0.201878 0.995676 0.619
0.410223 0.347506 0.997784 0.60375
0.353925 0.354095 0.996254 0.597
0.615676 0.500478 0.99467 0.6535
0.250419 0.484978 0.990409 0.73575
0.6869 0.851276 0.92319 0
0.11747 0.712128 0.776788 0.67575
0.546383 1.10841 0.775861 -111
-0.00139246 0.829208 0.685477 -111
0.526225 1.17944 0.726328 -111
-0.0369487 0.846155 0.662387 -111
0.48103 1.13894 0.764434 -111
-0.039957 0.822358 0.680451 -111
0.476243 1.11127 0.770576 -111
-0.00588462 0.825674 0.694022 -111
0.50595 0.943457 0.963784 0
0.324563 0.904021 0.961499 0
0.47357 1.13318 0.20668 -111
0.318105 1.06928 0.299057 -111
0.451462 1.27288 0.237197 -111
0.312432 1.25545 0.287022 -111
0.453175 1.27103 0.238043 -111
0.323921 1.26438 0.240658 -111
0.399673 1.41599 0.19967 -111
0.286212 1.40854 0.228589 -111
fused:
31483 -76587.9 353848 0.998786
nose real:(469.602,108.931), cal:(1.89142e+07,-4.6028e+07)
36499 -97658 346636 0.998287
left eye (inner) real:(475.194,78.5056), cal:(2.19276e+07,-5.86909e+07)
42440.1 -96195.9 342181 0.998388
left eye real:(483.364,79.6014), cal:(2.54968e+07,-5.78122e+07)
48494.9 -93963 333547 0.998664
left eye (outer) real:(490.629,80.4108), cal:(2.91343e+07,-5.64702e+07)
17839.9 -99630.4 354577 0.997808
right eye (inner) real:(447.621,76.3875), cal:(1.07179e+07,-5.98762e+07)
10585.7 -98673.1 353737 0.997736
right eye real:(434.76,76.226), cal:(6.35983e+06,-5.93009e+07)
4072.98 -96513.2 349921 0.997838
right eye (outer) real:(421.09,76.3469), cal:(2.44723e+06,-5.80028e+07)
51270.8 -77484.6 298380 0.998457
left ear real:(485.963,93.5503), cal:(3.0802e+07,-4.65669e+07)
-6527.53 -81062.6 318307 0.999063
right ear real:(381.15,94.5185), cal:(-3.92117e+06,-4.87172e+07)
42453 -53734.7 336451 0.998829
mouth (left) real:(479.559,142.148), cal:(2.55046e+07,-3.22936e+07)
23725.9 -53552.9 341113 0.999659
mouth (right) real:(448.425,141.022), cal:(1.4254e+07,-3.21843e+07)
67199.2 -3825.71 242849 0.998015
left shoulder real:(524.933,242.818), cal:(4.03712e+07,-2.29895e+06)
-28323 -6907.21 225516 0.999579
right shoulder real:(278.103,228.353), cal:(-1.70151e+07,-4.15089e+06)
97883.8 66060.7 265025 0.92319
left elbow real:(611.22,380.885), cal:(5.88054e+07,3.97018e+07)
-50481.4 45175 191229 0.987244
right elbow real:(182.381,426.502), cal:(-3.03271e+07,2.71498e+07)
28399.9 77785.7 167538 0.775861
left wrist real:(639.993,455.626), cal:(1.7062e+07,4.67484e+07)
-51628.3 136023 435336 0.892032
right wrist real:(373.625,462.006), cal:(-3.10161e+07,8.17481e+07)
16771.8 62036.5 118816 0.726328
left pinky real:(659.545,481.315), cal:(1.00763e+07,3.72833e+07)
-65095.5 150069 466414 0.69164
right pinky real:(433.545,479.699), cal:(-3.91067e+07,9.01894e+07)
11477.9 60398.2 123804 0.764434
left index real:(652.151,473.402), cal:(6.89581e+06,3.62987e+07)
-69678.3 135269 468933 0.680451
right index real:(444.253,454.045), cal:(-4.18599e+07,8.12951e+07)
14624.9 73734.5 158645 0.770576
left thumb real:(638.01,464.552), cal:(8.78645e+06,4.43136e+07)
-66560.6 126190 451572 0.694022
right thumb real:(424.966,441.78), cal:(-3.99869e+07,7.58389e+07)
23150.1 64454.1 181341 0.963784
left hip real:(460.465,539.048), cal:(1.39081e+07,3.87363e+07)
-7412.5 33328.3 98494.3 0.961499
right hip real:(288.798,533.491), cal:(-4.45283e+06,2.00301e+07)
2927.38 17623.3 36409.4 0.20668
left knee real:(478.136,751.899), cal:(1.75899e+06,1.05916e+07)
-1105.29 5723.31 13401.9 0.299057
right knee real:(280.79,769.774), cal:(-663688,3.43988e+06)
258.108 2618.61 4417.34 0.237197
left ankle real:(442.259,971.179), cal:(155394,1.574e+06)
-203.529 1350.36 2365.6 0.287022
right ankle real:(275.105,973.306), cal:(-121941,811798)
380.698 3737.18 6318.6 0.238043
left heel real:(430.839,1006.13), cal:(229042,2.24624e+06)
-121.301 944.388 1632.71 0.240658
right heel real:(270.048,1004.92), cal:(-72541.3,567812)
58.338 6882.61 9813.25 0.19967
left foot index real:(442.173,1054.03), cal:(35379.3,4.1366e+06)
-823.983 5123.09 7455.39 0.228589
right foot index real:(302.054,1053.87), cal:(-494687,3.07915e+06)
