camera0:
0.721008 0.240442 0.997672 0.58575
0.735065 0.179302 0.994288 0.591
0.747948 0.182989 0.994384 0.61075
0.761633 0.186733 0.993665 0.61375
0.691301 0.172889 0.99657 0.59675
0.671326 0.171825 0.997049 0.59825
0.648698 0.172179 0.997374 0.5935
0.759013 0.21212 0.995367 0.61175
0.592787 0.205996 0.998836 0.6125
0.733713 0.314351 0.998729 0.595
0.683785 0.31152 0.999605 0.59275
0.793192 0.519463 0.998167 0.68
0.444331 0.477347 0.999642 0.661
0.846252 0.832377 0.661746 0
0.291712 0.894014 0.988878 0
0.857245 1.0201 0.111689 -111
0.593053 0.948143 0.909835 0
0.882028 1.07323 0.0543155 -111
0.647882 0.970679 0.710445 0
0.86444 1.06547 0.0581301 -111
0.674274 0.912194 0.694798 0
0.847979 1.04872 0.095365 -111
0.655155 0.905613 0.708712 0
0.660367 1.0625 0.447486 -111
0.425638 1.05529 0.635183 -111
0.650763 1.48757 0.00462948 -111
0.41958 1.50894 0.00678929 -111
0.594953 1.8869 0.000284679 -111
0.385073 1.88146 0.000382329 -111
0.577843 1.95484 0.000552188 -111
0.370149 1.9459 0.000412737 -111
0.592556 2.03434 0.000697967 -111
0.426425 2.02027 0.00084985 -111
camera1:
0.36719 0.274867 0.999846 0.58475
0.389892 0.177523 0.999697 0.5895
0.416484 0.1725 0.999739 0.586
0.443711 0.179305 0.999729 0.58775
0.327794 0.173464 0.999599 0.575
0.310125 0.174731 0.999598 0.6095
0.296533 0.176821 0.999457 0.61775
0.492723 0.203157 0.999449 0.63525
0.29286 0.201172 0.998719 0.6195
0.420558 0.353372 0.999212 0.61225
0.359891 0.369789 0.998709 0.59825
0.60352 0.470559 0.99708 0.68575
0.251933 0.47081 0.993588 0.74625
0.688994 0.788214 0.922606 0
0.142173 0.714695 0.783463 0.6815
0.613132 1.05858 0.824272 -111
0.0323404 0.850581 0.732893 0
0.631641 1.11995 0.78904 -111
-0.0206268 0.870299 0.716963 -111
0.575825 1.0931 0.824835 -111
0.00448135 0.851475 0.731247 0
0.55363 1.06869 0.830699 -111
0.0413772 0.852672 0.747459 0
0.494978 0.87493 0.976056 0
0.304357 0.840019 0.968785 0
0.472079 0.874252 0.22981 0
0.257239 0.780666 0.32609 0.7355
0.464196 0.846307 0.275848 0
0.232048 0.792646 0.330174 0.731
0.458951 0.83333 0.270808 0
0.249613 0.789059 0.263318 0.7345
0.443267 0.953528 0.235247 0
0.195564 0.904893 0.27018 0
fused:
29606.9 -71912.2 341975 0.999846
nose real:(461.445,115.412), cal:(1.77871e+07,-4.3218e+07)
35546.9 -92513.6 337260 0.999697
left eye (inner) real:(470.442,86.0651), cal:(2.13556e+07,-5.55991e+07)
41874.7 -90952.8 330243 0.999739
left eye real:(478.687,87.8347), cal:(2.51571e+07,-5.46611e+07)
48125.1 -87737.6 322854 0.999729
left eye (outer) real:(487.445,89.6316), cal:(2.89122e+07,-5.27288e+07)
16722 -96015.1 346596 0.999599
right eye (inner) real:(442.432,82.9865), cal:(1.00463e+07,-5.77035e+07)
9678.57 -95565.2 345695 0.999598
right eye real:(429.649,82.476), cal:(5.81487e+06,-5.74331e+07)
2936.32 -93945.1 341596 0.999457
right eye (outer) real:(415.166,82.6461), cal:(1.76437e+06,-5.64594e+07)
51109.3 -74018.1 292936 0.999449
left ear real:(485.768,101.818), cal:(3.0705e+07,-4.44836e+07)
-7180.33 -79220.2 315251 0.998836
right ear real:(379.383,98.8779), cal:(-4.31335e+06,-4.761e+07)
39511.9 -48202.8 321274 0.999212
mouth (left) real:(469.576,150.888), cal:(2.37376e+07,-2.8969e+07)
20763.5 -47036.8 327678 0.999605
mouth (right) real:(437.623,149.53), cal:(1.24743e+07,-2.82682e+07)
58239 -5034.72 228626 0.998167
left shoulder real:(507.643,249.342), cal:(3.49882e+07,-3.02555e+06)
-28022.8 -8321.7 233587 0.999642
right shoulder real:(284.372,229.127), cal:(-1.68347e+07,-5.00098e+06)
53342.1 37057.5 163618 0.922606
left elbow real:(541.601,399.541), cal:(3.20463e+07,2.22713e+07)
-39302.8 37664.5 157458 0.988878
right elbow real:(186.695,429.127), cal:(-2.36114e+07,2.26361e+07)
23204.1 42822.6 99567.3 0.824272
left wrist real:(548.637,489.647), cal:(1.39405e+07,2.5736e+07)
-46473.7 131706 425041 0.909835
right wrist real:(379.554,455.108), cal:(-2.79194e+07,7.91537e+07)
16277 31007.6 64499 0.78904
left pinky real:(564.498,515.149), cal:(9.77899e+06,1.86354e+07)
-72789 141689 447668 0.716963
right pinky real:(414.644,465.926), cal:(-4.37287e+07,8.51533e+07)
13745.8 32875.6 72001.1 0.824835
left index real:(553.241,511.426), cal:(8.2583e+06,1.9758e+07)
-65855 127266 445614 0.731247
right index real:(431.535,437.853), cal:(-3.9563e+07,7.64851e+07)
16915.6 43896.4 100659 0.830699
left thumb real:(542.707,503.385), cal:(1.01626e+07,2.63814e+07)
-58685.9 121875 429866 0.747459
right thumb real:(419.299,434.694), cal:(-3.5256e+07,7.32454e+07)
17101.6 47733 155642 0.976056
left hip real:(422.635,510), cal:(1.02744e+07,2.86871e+07)
-7466.42 22934.6 76284.6 0.968785
right hip real:(272.408,506.54), cal:(-4.48523e+06,1.37836e+07)
1822.01 6711.22 24079.3 0.22981
left knee real:(416.489,714.034), cal:(1.09493e+06,4.0336e+06)
-3250.88 4437.17 21972.6 0.32609
right knee real:(268.531,724.29), cal:(-1.95268e+06,2.66692e+06)
173.871 667.197 2604.57 0.275848
left ankle real:(380.77,905.712), cal:(104787,401225)
-542.521 659.723 3131.67 0.330174
right ankle real:(246.447,903.103), cal:(-325595,396733)
223.118 897.695 3652.49 0.270808
left heel real:(369.82,938.321), cal:(134373,539751)
-440.527 588.857 2829.64 0.263318
right heel real:(236.896,934.03), cal:(-264321,354143)
283.635 2100.72 6167.8 0.235247
left foot index real:(379.236,976.485), cal:(170730,1.26275e+06)
-1730.95 2466.45 8323.95 0.27018
right foot index real:(272.912,969.729), cal:(-1.03956e+06,1.48255e+06)
