camera0:
0.695609 0.230542 0.999731 0.5845
0.716442 0.166087 0.999509 0.57175
0.732012 0.169322 0.999326 0.6015
0.745787 0.172572 0.999213 0.608
0.663655 0.156352 0.99959 0.593
0.643655 0.151671 0.999481 0.59175
0.622299 0.14758 0.999475 0.59075
0.7518 0.208543 0.997982 0.60975
0.565139 0.183836 0.999474 0.63475
0.720046 0.305138 0.998864 0.59
0.655448 0.289857 0.999471 0.59375
0.774331 0.480027 0.983369 0.666
0.448508 0.410516 0.996244 0.69025
0.827282 0.773964 0.52873 0.70625
0.354555 0.781306 0.927409 0.5145
0.876986 1.0103 0.308206 -111
0.498278 0.980842 0.713546 0
0.915707 1.06705 0.296262 -111
0.517039 1.04833 0.618381 -111
0.889283 1.05046 0.300928 -111
0.571282 0.997136 0.600844 0
0.855649 1.03258 0.333994 -111
0.556723 0.956912 0.586119 0
0.63645 0.819545 0.987853 0.66125
0.457144 0.812938 0.995824 0.62725
0.724195 0.852631 0.543746 0.67775
0.413776 0.917525 0.713816 0
0.659631 0.876146 0.443612 0
0.500657 0.910408 0.461958 0
0.627338 0.879818 0.460855 0
0.520406 0.910664 0.423335 0
0.682756 0.979349 0.373946 0
0.517607 0.998221 0.338809 0
camera1:
0.349476 0.3077 0.997635 0.5915
0.371932 0.189744 0.996944 0.58875
0.398114 0.189004 0.996721 0.58675
0.425756 0.191191 0.997098 0.59175
0.323584 0.195517 0.996208 0.57075
0.309083 0.196922 0.995291 0.5725
0.29468 0.22022 0.995775 0.60675
0.472866 0.210418 0.998063 0.63025
0.295975 0.224624 0.995927 0.6055
0.4015 0.361062 0.997966 0.64925
0.343712 0.371842 0.996782 0.64575
0.62499 0.505991 0.992333 0.63575
0.246311 0.498413 0.980693 0.738
0.725161 0.859094 0.953513 0
0.0729599 0.771833 0.772997 0.6525
0.575815 1.17065 0.6888 -111
-0.0822389 0.933129 0.565457 -111
0.55247 1.25926 0.535322 -111
-0.129782 0.960635 0.446696 -111
0.502024 1.21941 0.588492 -111
-0.125526 0.944829 0.510076 -111
0.497476 1.18726 0.634759 -111
-0.0856183 0.947109 0.551446 -111
0.539846 1.00199 0.909768 -111
0.351131 0.993748 0.925634 0.5845
0.539576 1.17355 0.183112 -111
0.313049 1.12743 0.183603 -111
0.531396 1.30683 0.0439334 -111
0.379883 1.23561 0.0371432 -111
0.535828 1.31136 0.0529613 -111
0.41265 1.23968 0.0561909 -111
0.502731 1.44272 0.0332985 -111
0.340947 1.36276 0.0311523 -111
fused:
21205.8 -66384.8 330644 0.999731
nose real:(445.19,110.66), cal:(1.274e+07,-3.98961e+07)
28597.7 -90396.4 329560 0.999509
left eye (inner) real:(458.523,79.7218), cal:(1.71808e+07,-5.43267e+07)
35465.2 -88791 324197 0.999326
left eye real:(468.488,81.2746), cal:(2.13066e+07,-5.33619e+07)
41774.7 -86296.3 316929 0.999213
left eye (outer) real:(477.304,82.8345), cal:(2.50971e+07,-5.18626e+07)
10586.5 -90035.7 327915 0.99959
right eye (inner) real:(424.739,75.049), cal:(6.36029e+06,-5.41099e+07)
4507.38 -89615.4 325341 0.999481
right eye real:(411.939,72.8021), cal:(2.7082e+06,-5.38573e+07)
-1638.81 -86029.6 321793 0.999475
right eye (outer) real:(398.271,70.8386), cal:(-984207,-5.17023e+07)
47137.1 -73781.7 294147 0.998063
left ear real:(481.152,100.101), cal:(2.83186e+07,-4.43415e+07)
-10140.6 -72647.4 289874 0.999474
right ear real:(361.689,88.2412), cal:(-6.09176e+06,-4.36598e+07)
33417.2 -47636.4 316796 0.998864
mouth (left) real:(460.83,146.466), cal:(2.00762e+07,-2.86286e+07)
12447.7 -47411.9 313846 0.999471
mouth (right) real:(419.487,139.131), cal:(7.47846e+06,-2.84936e+07)
43120.2 -4064.99 168640 0.992333
left shoulder real:(495.572,230.413), cal:(2.59054e+07,-2.44276e+06)
-28454.6 -12129.5 236871 0.996244
right shoulder real:(287.045,197.048), cal:(-1.70942e+07,-7.28942e+06)
6.00468 4.66964 18.3427 0.953513
left elbow real:(529.46,371.503), cal:(3939.35,3055.09)
-71670.8 59739 292994 0.927409
right elbow real:(226.915,375.027), cal:(-4.30569e+07,3.59025e+07)
49985.4 111803 223929 0.6888
left wrist real:(561.271,484.942), cal:(3.00297e+07,6.71922e+07)
-90078.3 146630 418294 0.713546
right wrist real:(318.898,470.804), cal:(-5.41155e+07,8.81231e+07)
61895.5 151389 272219 0.535322
left pinky real:(586.053,512.186), cal:(3.71849e+07,9.09828e+07)
-86798.3 172212 435787 0.618381
right pinky real:(330.905,503.199), cal:(-5.2145e+07,1.03498e+08)
46484.5 144645 272848 0.588492
left index real:(569.141,504.222), cal:(2.79265e+07,8.693e+07)
-93568.2 162494 450480 0.600844
right index real:(365.62,478.625), cal:(-5.62121e+07,9.76566e+07)
42929.6 134660 266503 0.634759
left thumb real:(547.615,495.636), cal:(2.57909e+07,8.09288e+07)
-97668.8 147676 431914 0.586119
right thumb real:(356.303,459.318), cal:(-5.86756e+07,8.87513e+07)
2.2959 5.67671 18.5995 0.987853
left hip real:(407.328,393.382), cal:(1711.24,3660.32)
-1.84696 8.17042 27.346 0.995824
right hip real:(292.572,390.21), cal:(-777.637,5159.01)
36440.2 50422.6 172205 0.543746
left knee real:(463.485,409.263), cal:(2.18923e+07,3.03035e+07)
-2.24509 6.58957 20.0316 0.713816
right knee real:(264.816,440.412), cal:(-1016.82,4208.94)
6143.85 11847.2 40959.5 0.443612
left ankle real:(422.164,420.55), cal:(3.69134e+06,7.12025e+06)
-22.3649 366.082 1162.31 0.461958
right ankle real:(320.42,436.996), cal:(-13104.1,220259)
1.76081 4.46644 15.228 0.460855
left heel real:(401.496,422.313), cal:(1389.78,2932.97)
0.0598186 11.1562 35.0827 0.423335
right heel real:(333.06,437.119), cal:(367.885,6953.39)
13455.8 28673.8 77234.2 0.373946
left foot index real:(436.964,470.088), cal:(8.0841e+06,1.72328e+07)
-135.85 30324 78587 0.338809
right foot index real:(331.268,479.146), cal:(-81281.6,1.82245e+07)
