camera0:
0.364774 0.326389 0.999093 0.86025
0.385862 0.278859 0.998872 0
0.400163 0.280825 0.999096 0
0.412742 0.283216 0.998899 0.87775
0.347271 0.277446 0.999147 0.875
0.33599 0.278545 0.99929 0.8755
0.326154 0.279967 0.999291 0.8875
0.434083 0.306968 0.999377 0.9085
0.31683 0.303386 0.99953 0.89075
0.392666 0.377121 0.999184 0.88175
0.341989 0.376195 0.999286 0.884
0.547441 0.568684 0.981198 0.88725
0.210655 0.554189 0.993492 0.91825
0.610188 0.853776 0.591214 0
0.0467743 0.780408 0.724528 0.7655
0.440397 0.905233 0.206707 0
-0.118916 0.857714 0.481205 -111
0.398639 0.955756 0.200228 0
-0.173828 0.89768 0.467143 -111
0.374503 0.918411 0.239583 0
-0.159805 0.885284 0.54065 -111
0.382559 0.903206 0.247009 0
-0.132946 0.875931 0.571129 -111
0.458688 1.12565 0.118875 -111
0.251131 1.10887 0.22725 -111
0.432342 1.44878 0.475297 -111
0.225533 1.45581 0.443679 -111
0.410709 1.86816 0.134972 -111
0.233712 1.87947 0.0925232 -111
0.422536 1.93664 0.169778 -111
0.236842 1.94663 0.106702 -111
0.346047 2.00463 0.0896325 -111
0.221217 2.02446 0.0539026 -111
camera1:
0.318336 0.328902 0.998052 0.87275
0.342479 0.282427 0.998213 0.894
0.358122 0.282665 0.998579 0.888
0.372703 0.283597 0.998554 0.892
0.306478 0.284387 0.99835 0.88575
0.296941 0.285671 0.998474 0.89725
0.287616 0.287042 0.998508 0.90475
0.3997 0.305176 0.99897 0.92325
0.286658 0.304895 0.998931 0.90325
0.352867 0.382307 0.99907 0.89475
0.304429 0.379874 0.998707 0.898
0.507444 0.552395 0.990537 0.8985
0.183694 0.545684 0.991106 0.944
0.543882 0.854274 0.811638 0.64275
0.0496486 0.75005 0.601601 0.83725
0.333897 0.889385 0.527181 0
0.00110911 0.757135 0.387598 -111
0.268389 0.937941 0.473786 0
-0.025032 0.795934 0.364527 -111
0.252081 0.899802 0.520346 0
-0.00704242 0.758804 0.406357 -111
0.266353 0.878883 0.504169 0
0.0133647 0.755091 0.445435 0.79775
0.405581 1.06222 0.233494 -111
0.192538 1.07188 0.363158 -111
0.320838 1.19771 0.561532 -111
0.110322 1.11376 0.713465 -111
0.194338 1.7086 0.206576 -111
0.0808853 1.69133 0.1826 -111
0.197361 1.76867 0.243642 -111
0.094224 1.75465 0.26572 -111
0.0995683 1.86622 0.134678 -111
0.035395 1.90862 0.10023 -111
fused:
-25249.9 -19801.3 132931 0.999093
nose real:(233.455,156.667), cal:(-1.51689e+07,-1.19001e+07)
-21572.4 -24252.5 130052 0.998872
left eye (inner) real:(246.952,133.852), cal:(-1.29596e+07,-1.45752e+07)
-19321.8 -23917.9 128866 0.999096
left eye real:(256.104,134.796), cal:(-1.16075e+07,-1.43741e+07)
-17204.1 -23400.4 126985 0.998899
left eye (outer) real:(264.155,135.943), cal:(-1.03353e+07,-1.4063e+07)
-26169.5 -23710.3 127292 0.999147
right eye (inner) real:(222.253,133.174), cal:(-1.57214e+07,-1.42493e+07)
-27187.7 -23253.4 125480 0.99929
right eye real:(215.034,133.701), cal:(-1.6333e+07,-1.39747e+07)
-28333.9 -23004.6 124889 0.999291
right eye (outer) real:(208.738,134.384), cal:(-1.70217e+07,-1.38252e+07)
-13311.4 -20157 121296 0.999377
left ear real:(277.813,147.345), cal:(-7.9967e+06,-1.21138e+07)
-26896.5 -19415.4 115758 0.99953
right ear real:(202.771,145.625), cal:(-1.61581e+07,-1.16681e+07)
-19902 -13635.6 126978 0.999184
mouth (left) real:(251.306,181.018), cal:(-1.19561e+07,-8.19453e+06)
-26050.7 -13520.3 124350 0.999286
mouth (right) real:(218.873,180.574), cal:(-1.565e+07,-8.12529e+06)
989.946 4720.5 127764 0.990537
left shoulder real:(350.362,272.968), cal:(595056,2.8372e+06)
-38221.3 3171.37 111215 0.993492
right shoulder real:(134.819,266.011), cal:(-2.29616e+07,1.9062e+06)
6957.38 38260.6 140521 0.811638
left elbow real:(390.52,409.812), cal:(4.18008e+06,2.29943e+07)
-66.5986 26.7694 132.478 0.724528
right elbow real:(29.9355,374.596), cal:(-39678.1,16336.7)
-23206.9 38275.6 126153 0.527181
left wrist real:(281.854,434.512), cal:(-1.39415e+07,2.30033e+07)
-0.567631 0.202226 0.835703 0.481205
right wrist real:(-76.1063,411.703), cal:(-9.06399,370.232)
-34487.2 47680.7 139205 0.473786
left pinky real:(255.129,458.763), cal:(-2.07183e+07,2.86557e+07)
-0.495532 0.184489 0.671704 0.467143
right pinky real:(-111.25,430.886), cal:(34.2501,359.572)
-37484.4 44478.6 142385 0.520346
left index real:(239.682,440.837), cal:(-2.2519e+07,2.67312e+07)
-0.472772 0.169374 0.654097 0.54065
right index real:(-102.275,424.936), cal:(47.9237,350.488)
-35630.8 42827 144328 0.504169
left thumb real:(244.838,433.539), cal:(-2.14054e+07,2.57387e+07)
-0.47443 0.171916 0.683447 0.571129
right thumb real:(-85.0854,420.447), cal:(46.9276,352.016)
-12562.9 50924 113251 0.233494
left hip real:(293.56,540.31), cal:(-7.54701e+06,3.06049e+07)
-41557.7 56995.2 125316 0.363158
right hip real:(160.724,532.258), cal:(-2.49661e+07,3.42536e+07)
-26931.7 104246 165526 0.561532
left knee real:(276.699,695.412), cal:(-1.61793e+07,6.26503e+07)
-61709.9 85248.5 153310 0.713465
right knee real:(144.341,698.788), cal:(-3.70727e+07,5.12334e+07)
-50573 180383 181699 0.206576
left ankle real:(262.854,896.716), cal:(-3.03821e+07,1.08408e+08)
-63697.1 142341 146432 0.1826
right ankle real:(149.576,902.145), cal:(-3.82666e+07,8.55449e+07)
-49429.8 194710 186098 0.243642
left heel real:(270.423,929.588), cal:(-2.96953e+07,1.17018e+08)
-55246.1 129291 127561 0.26572
right heel real:(151.579,934.38), cal:(-3.31896e+07,7.77023e+07)
-68339.6 207175 185916 0.134678
left foot index real:(221.47,962.223), cal:(-4.10556e+07,1.2451e+08)
-73387.2 176453 155402 0.10023
right foot index real:(141.579,971.743), cal:(-4.40881e+07,1.06046e+08)
