camera0:
0.529373 0.409527 0.998326
0.550234 0.355057 0.997936
0.560162 0.358359 0.998049
0.569755 0.360902 0.998185
0.506923 0.338985 0.997722
0.486155 0.331811 0.997757
0.468065 0.32435 0.997672
0.554962 0.381433 0.99844
0.412602 0.343965 0.998294
0.53111 0.477826 0.998218
0.476703 0.466444 0.998105
0.636993 0.682434 0.996615
0.236465 0.671709 0.98766
0.806601 0.940027 0.773558
0.220609 0.986831 0.720033
0.753746 1.00441 0.890693
0.37931 0.505264 0.72392
0.764187 1.02304 0.856066
0.390605 0.42601 0.676736
0.727241 0.971322 0.865461
0.404701 0.402222 0.708375
0.709243 0.974206 0.854672
0.408914 0.418495 0.694806
0.593215 1.44432 0.0238558
0.312162 1.4512 0.0189569
0.58029 2.04834 0.019309
0.34038 2.05625 0.00858661
0.566097 2.60216 0.00190894
0.341808 2.6003 0.00083686
0.563322 2.68077 0.00135877
0.329303 2.6711 0.00109431
0.549514 2.7738 0.00253809
0.387082 2.77393 0.00229204
camera1:
0.307511 0.379907 0.998702
0.346101 0.319259 0.998465
0.365751 0.323703 0.998558
0.38393 0.327777 0.998615
0.286679 0.312102 0.997981
0.274017 0.311112 0.99747
0.260241 0.304175 0.997209
0.413637 0.357541 0.999047
0.250796 0.333535 0.997488
0.349872 0.451382 0.998379
0.280276 0.452491 0.997652
0.531926 0.693417 0.991841
0.180643 0.648314 0.977734
0.660016 1.08351 0.785694
0.104119 0.900265 0.405189
0.655726 0.789778 0.941807
0.26072 0.71101 0.55384
0.674064 0.70225 0.910961
0.283616 0.65271 0.503861
0.709291 0.717577 0.920627
0.297349 0.627554 0.563531
0.659845 0.749705 0.890248
0.300989 0.659339 0.541867
0.526311 1.50758 0.00432365
0.251157 1.51111 0.00331461
0.53891 2.16434 0.0105197
0.293336 2.14692 0.00473288
0.553547 2.74953 0.000545178
0.315455 2.73089 0.000181077
0.560716 2.83577 0.000313049
0.310135 2.81542 0.000363581
0.522233 2.92597 0.00063952
0.362577 2.89762 0.000928952
fused:
-0.0159214 0.116721 -1.25772 0.998702
-0.0457413 0.177825 -1.31117 0.998465
-0.0608128 0.177814 -1.33893 0.998558
-0.0757833 0.177856 -1.36455 0.998615
0.0152009 0.186418 -1.27893 0.997981
0.0448195 0.197355 -1.31015 0.997757
0.0707363 0.209065 -1.32774 0.997672
-0.0617741 0.177995 -1.54215 0.999047
0.167493 0.217851 -1.50025 0.998294
-0.020909 0.0592984 -1.37346 0.998379
0.0582776 0.0653219 -1.34266 0.998105
-0.202996 -0.197543 -1.60129 0.996615
0.609719 -0.1858 -2.04731 0.98766
-0.380613 -0.444043 -1.23576 0.785694
0.527485 -0.562203 -1.65573 0.720033
-0.373907 -0.388511 -1.4862 0.941807
0.269335 -0.0733386 -1.74058 0.72392
-0.398498 -0.344962 -1.4948 0.910961
0.269858 0.028813 -1.85897 0.676736
-0.448236 -0.440738 -1.97604 0.920627
0.245559 0.0546233 -1.86785 0.708375
-0.367654 -0.426003 -1.7853 0.890248
0.23601 0.0242522 -1.85926 0.694806
-0.135904 -1.27647 -1.73505 0.0238558
0.423486 -1.426 -1.91992 0.0189569
-0.0865366 -2.41038 -2.04845 0.019309
0.437378 -2.52353 -2.1169 0.00858661
-0.0919102 -4.78418 -2.9173 0.00190894
0.518346 -4.35869 -2.63929 0.00083686
-0.107888 -5.50084 -3.21673 0.00135877
0.596216 -4.62189 -2.72599 0.00109431
-0.0437722 -5.56673 -3.12869 0.00253809
0.514999 -5.2896 -3.0048 0.00229204
