camera0:
0.62982 0.37087 0.998373
0.637189 0.304377 0.997399
0.642587 0.304966 0.997276
0.648063 0.305563 0.997139
0.603944 0.293522 0.997626
0.582274 0.285347 0.997689
0.563701 0.279187 0.997758
0.629102 0.308706 0.997832
0.488266 0.266031 0.998254
0.609019 0.424449 0.997853
0.576143 0.41838 0.998293
0.614165 0.602037 0.988662
0.313086 0.564371 0.989087
0.833839 0.706853 0.740641
0.56781 0.793705 0.777363
0.831369 0.582505 0.793104
0.889308 0.531802 0.788421
0.838714 0.559708 0.730307
1.021 0.563241 0.717506
0.803809 0.52734 0.741939
1.00241 0.518861 0.747635
0.793712 0.54286 0.726585
0.964038 0.538321 0.723972
0.597624 1.43222 0.0165755
0.349255 1.45779 0.0149352
0.659468 1.92961 0.0188259
0.463985 1.92524 0.00999796
0.655468 2.51867 0.00122388
0.476294 2.54472 0.000549397
0.637667 2.60283 0.000828874
0.430618 2.66052 0.00067087
0.684205 2.68828 0.00252334
0.617181 2.71198 0.00172314
camera1:
0.235751 0.24209 0.963351
0.239231 0.194985 0.960906
0.236846 0.197131 0.965499
0.238469 0.199126 0.9706
0.240069 0.192222 0.950444
0.242373 0.193115 0.941992
0.22819 0.194728 0.932759
0.293476 0.21373 0.981025
0.257475 0.210417 0.92793
0.247434 0.29972 0.951552
0.24734 0.301255 0.923089
0.43973 0.514195 0.988501
0.13803 0.517173 0.919313
0.658461 0.838545 0.70725
0.0697826 0.846722 0.306976
0.711673 0.776796 0.803948
0.163609 0.77714 0.384826
0.749258 0.759296 0.766149
0.176541 0.788297 0.346484
0.737728 0.720877 0.790309
0.19414 0.73198 0.395354
0.713957 0.743967 0.75652
0.197248 0.759773 0.385153
0.382231 1.42019 0.0117315
0.16113 1.42599 0.00798687
0.44264 2.10599 0.00941666
0.231055 2.0836 0.00397459
0.438739 2.74434 0.00051231
0.253683 2.7182 0.00030694
0.444326 2.82978 0.000405944
0.243939 2.80958 0.000342383
0.41754 2.92206 0.000846296
0.269986 2.87174 0.00104515
fused:
-0.11054 0.124432 -0.892752 0.998373
-0.115018 0.160115 -0.895196 0.997399
-0.118388 0.156469 -0.884716 0.997276
-0.122492 0.154033 -0.879172 0.997139
-0.0888095 0.17956 -0.9502 0.997626
-0.0698288 0.193881 -0.993683 0.997689
-0.0503862 0.199802 -1.00659 0.997758
-0.11863 0.174125 -0.987995 0.997832
0.0372843 0.264432 -1.2524 0.998254
-0.0961689 0.0966889 -0.937351 0.997853
-0.0672808 0.107658 -0.996131 0.998293
-0.142843 -0.0368454 -1.32868 0.988662
0.304464 -0.00922744 -1.41655 0.989087
-0.396469 -0.230304 -1.18935 0.740641
-0.0410643 -0.173055 -0.784629 0.777363
-0.46048 -0.185992 -1.41564 0.803948
-0.229485 -0.0469489 -0.595474 0.788421
-0.515275 -0.183905 -1.55297 0.766149
-0.27497 -0.055982 -0.523012 0.717506
-0.514039 -0.158733 -1.75134 0.790309
-0.272403 -0.0433784 -0.541209 0.747635
-0.473565 -0.173327 -1.67063 0.75652
-0.261047 -0.0515909 -0.562559 0.723972
-0.0848367 -0.813886 -1.22604 0.0165755
0.263036 -0.982676 -1.38697 0.0149352
-0.154495 -1.30736 -1.20889 0.0188259
0.0860069 -1.3498 -1.23002 0.00999796
-0.145598 -2.20545 -1.43337 0.00122388
0.142495 -2.25405 -1.46318 0.000549397
-0.110299 -2.46848 -1.55031 0.000828874
0.241418 -2.75148 -1.67775 0.00067087
-0.188293 -2.40476 -1.43118 0.00252334
-0.00698275 -2.06613 -1.27549 0.00172314
