camera0:
0.618429 0.360705 0.998
0.634762 0.299614 0.997081
0.642974 0.301866 0.996873
0.650814 0.303843 0.996624
0.595934 0.285142 0.997422
0.575016 0.277596 0.997538
0.556687 0.271815 0.997569
0.6282 0.311303 0.997209
0.487816 0.27009 0.998194
0.607668 0.41866 0.997276
0.567848 0.411954 0.99802
0.623919 0.613971 0.986695
0.320297 0.540603 0.988429
0.830917 0.790453 0.690025
0.517487 0.817192 0.795412
0.850261 0.67817 0.752822
0.872736 0.579587 0.802551
0.866451 0.666773 0.698602
0.979437 0.583582 0.732213
0.848174 0.621663 0.713494
0.954299 0.522722 0.761008
0.83288 0.632322 0.698137
0.913664 0.546321 0.735928
0.600192 1.40991 0.0194678
0.363879 1.45583 0.0170118
0.642862 1.90457 0.0269754
0.444937 1.91436 0.0177375
0.647057 2.49459 0.00228226
0.459275 2.522 0.00189577
0.634088 2.58099 0.00151765
0.426414 2.62138 0.00192059
0.675224 2.66807 0.00478558
0.567178 2.68126 0.00416094
camera1:
0.243876 0.259581 0.966948
0.274443 0.188533 0.964743
0.295058 0.190621 0.968879
0.318007 0.193449 0.973468
0.228474 0.188965 0.955305
0.225727 0.190539 0.947683
0.214081 0.191823 0.939355
0.36569 0.216626 0.982877
0.221179 0.202808 0.935035
0.284462 0.327352 0.956351
0.237542 0.327706 0.930714
0.523289 0.507938 0.989238
0.105857 0.521101 0.926349
0.668683 0.834654 0.688117
0.019349 0.90293 0.29907
0.688438 0.843317 0.778418
0.0914434 1.01803 0.368246
0.708929 0.914865 0.742989
0.09897 1.09563 0.338943
0.685482 0.861219 0.771764
0.128234 1.04462 0.391077
0.659371 0.834267 0.736583
0.134766 1.0204 0.380373
0.446074 1.42916 0.0110103
0.15897 1.42368 0.00751217
0.457564 2.12001 0.00923052
0.20008 2.11798 0.00421105
0.46074 2.76061 0.000496049
0.224199 2.74417 0.000307393
0.474397 2.8638 0.000380023
0.224461 2.83589 0.000391679
0.415994 2.93612 0.000792642
0.254043 2.93895 0.0010496
fused:
-0.101442 0.128623 -0.926378 0.998
-0.120103 0.176159 -0.946552 0.997081
-0.130763 0.178053 -0.962796 0.996873
-0.142057 0.180971 -0.984347 0.996624
-0.0800108 0.183576 -0.948338 0.997422
-0.0607422 0.195202 -0.982018 0.997538
-0.0419413 0.201897 -0.997899 0.997569
-0.13579 0.202583 -1.12439 0.997209
0.0345179 0.242775 -1.15818 0.998194
-0.0991613 0.0980469 -1.00325 0.997276
-0.0561733 0.101853 -1.00234 0.99802
-0.192766 -0.0433463 -1.61307 0.989238
0.270837 -0.000128165 -1.29667 0.988429
-0.402914 -0.264846 -1.21142 0.690025
0.00104365 -0.191694 -0.792011 0.795412
-0.426073 -0.231694 -1.21886 0.778418
-0.210877 -0.0814656 -0.572278 0.802551
-0.443854 -0.26364 -1.2111 0.742989
-0.249372 -0.0872514 -0.517986 0.732213
-0.424267 -0.226232 -1.23109 0.771764
-0.245114 -0.0767081 -0.544246 0.761008
-0.399077 -0.210927 -1.21301 0.736583
-0.232238 -0.0816818 -0.567441 0.735928
-0.107732 -0.932842 -1.38677 0.0194678
0.229551 -0.954461 -1.33272 0.0170118
-0.153889 -1.36344 -1.25349 0.0269754
0.0972403 -1.30579 -1.18014 0.0177375
-0.181334 -2.29622 -1.47095 0.00228226
0.0973068 -2.21391 -1.39149 0.00189577
-0.167579 -2.58331 -1.58903 0.00151765
0.167396 -2.56402 -1.53946 0.00192059
-0.219043 -2.4197 -1.42118 0.00478558
-0.0355128 -2.1839 -1.28633 0.00416094
