camera0:
0.61528 0.332011 0.998084
0.630556 0.271913 0.997228
0.638695 0.275175 0.997015
0.646726 0.278181 0.996779
0.59402 0.258059 0.997562
0.57426 0.251206 0.99767
0.555256 0.244664 0.997687
0.620996 0.297607 0.997279
0.485284 0.253631 0.998283
0.603173 0.395623 0.997219
0.563637 0.38971 0.998009
0.621202 0.609731 0.985097
0.327619 0.536691 0.987278
0.780576 0.808047 0.630175
0.534113 0.831761 0.802798
0.808795 0.701677 0.715456
0.85718 0.608541 0.812473
0.846869 0.691008 0.6747
0.947767 0.593557 0.746204
0.833658 0.652597 0.693104
0.926322 0.538246 0.774204
0.796586 0.631196 0.678276
0.890941 0.557996 0.748393
0.597359 1.3894 0.0186347
0.363958 1.44186 0.0160877
0.645348 1.90699 0.0258113
0.446866 1.9512 0.0177059
0.653292 2.52699 0.00213037
0.473476 2.58323 0.00183183
0.636857 2.62018 0.00141397
0.432971 2.69127 0.00182327
0.71308 2.6941 0.00479433
0.615014 2.72122 0.00421992
camera1:
0.245806 0.259341 0.970201
0.276722 0.190802 0.96821
0.296619 0.1926 0.971935
0.317888 0.194661 0.976069
0.229353 0.190981 0.959691
0.220946 0.192226 0.952816
0.209115 0.193419 0.9453
0.361431 0.217524 0.984553
0.214528 0.211541 0.941421
0.286786 0.326007 0.960676
0.233463 0.327414 0.937572
0.51717 0.487386 0.990119
0.104694 0.505062 0.932544
0.671202 0.839183 0.682534
-0.00332046 0.708638 0.346884
0.757903 0.828334 0.786905
0.170192 0.610461 0.406637
0.831178 0.874661 0.752306
0.283759 0.589548 0.369378
0.78756 0.821665 0.781493
0.311506 0.540844 0.419077
0.749891 0.812912 0.747207
0.29624 0.563689 0.406768
0.466583 1.36473 0.01158
0.178445 1.36256 0.00796941
0.481695 2.03981 0.0112633
0.215587 2.04919 0.00742604
0.486251 2.6841 0.000573084
0.241134 2.68654 0.000377128
0.49268 2.77613 0.000406487
0.23913 2.77004 0.000539199
0.455548 2.86923 0.000775522
0.280005 2.88246 0.00113426
fused:
-0.0971922 0.140976 -0.942012 0.998084
-0.115077 0.189602 -0.966533 0.997228
-0.125775 0.191216 -0.982293 0.997015
-0.137067 0.193545 -1.00129 0.996779
-0.0759868 0.19541 -0.961734 0.997562
-0.0568518 0.20466 -0.984978 0.99767
-0.0372417 0.212307 -1.00198 0.997687
-0.12719 0.211524 -1.13955 0.997279
0.0407166 0.246758 -1.15913 0.998283
-0.0942025 0.109602 -1.02254 0.997219
-0.0500812 0.111301 -1.00961 0.998009
-0.187545 -0.0275943 -1.59165 0.990119
0.254542 0.00877989 -1.26988 0.987278
-0.3985 -0.319892 -1.42697 0.682534
-0.0130427 -0.167939 -0.754548 0.802798
-0.524667 -0.324044 -1.71125 0.786905
-0.218783 -0.052312 -0.609722 0.812473
-0.651229 -0.388986 -1.88012 0.752306
-0.273971 -0.0463235 -0.602588 0.746204
-0.572691 -0.301432 -1.73051 0.781493
-0.27385 -0.025124 -0.636523 0.774204
-0.522743 -0.29099 -1.79845 0.747207
-0.257743 -0.0338971 -0.655156 0.748393
-0.108635 -0.961931 -1.49343 0.0186347
0.245993 -0.976569 -1.41034 0.0160877
-0.160639 -1.47133 -1.37329 0.0258113
0.118346 -1.41684 -1.27853 0.0177059
-0.205846 -2.71064 -1.72257 0.00213037
0.0985804 -2.5764 -1.58072 0.00183183
-0.188482 -3.16457 -1.92466 0.00141397
0.2169 -3.10584 -1.82812 0.00182327
-0.307378 -2.7528 -1.59914 0.00479433
-0.09264 -2.35581 -1.3716 0.00421992
