camera0:
0.547406 0.325639 0.997781
0.576174 0.261974 0.996878
0.595378 0.2666 0.996632
0.609166 0.270165 0.996351
0.521345 0.251841 0.997258
0.502686 0.248912 0.997351
0.48113 0.245284 0.997377
0.614681 0.290392 0.996809
0.449108 0.256432 0.997778
0.565413 0.392612 0.996558
0.517953 0.384464 0.997511
0.663161 0.583648 0.984338
0.303851 0.538858 0.984838
0.76641 0.8697 0.591899
0.173158 0.875607 0.772365
0.710551 0.832839 0.682103
0.449399 0.735715 0.79021
0.704948 0.86025 0.650455
0.518623 0.701254 0.728732
0.724536 0.812393 0.672864
0.513249 0.641978 0.758328
0.715128 0.796614 0.653968
0.498176 0.665619 0.72841
0.58969 1.37118 0.0176085
0.351678 1.38535 0.015242
0.581797 1.77937 0.0284673
0.358986 1.88905 0.0187371
0.59879 2.43072 0.0023127
0.392232 2.48236 0.00198401
0.598817 2.53293 0.00147962
0.373663 2.57676 0.00199426
0.604885 2.6094 0.00494633
0.45672 2.63915 0.00459638
camera1:
0.21246 0.265761 0.972871
0.244987 0.192584 0.971125
0.268195 0.195627 0.974516
0.293202 0.196378 0.978269
0.194149 0.20271 0.963298
0.182807 0.205401 0.957
0.169851 0.208444 0.950007
0.344835 0.219275 0.986015
0.175711 0.229113 0.946588
0.265714 0.337109 0.964385
0.204641 0.345449 0.94314
0.503948 0.530111 0.990592
0.0958616 0.55972 0.927915
0.814972 0.801226 0.709788
-0.0053596 0.728096 0.323615
0.641083 0.694777 0.794641
0.0696124 0.629136 0.381207
0.589414 0.678137 0.755109
0.0873645 0.597697 0.352471
0.460193 0.581689 0.784288
0.0944864 0.586926 0.401461
0.54853 0.659667 0.745722
0.101702 0.610107 0.387939
0.462806 1.47071 0.0117304
0.182729 1.46072 0.00771634
0.420877 1.91684 0.0127861
0.193193 1.9507 0.00776336
0.458957 2.58736 0.000663505
0.241347 2.58395 0.000456948
0.487147 2.69729 0.000463895
0.257358 2.67947 0.000643537
0.418283 2.76884 0.000901781
0.220078 2.77991 0.00140245
fused:
-0.0317668 0.158754 -1.01128 0.997781
-0.0625153 0.208823 -1.0172 0.996878
-0.0834481 0.205281 -1.01957 0.996632
-0.100268 0.206669 -1.03524 0.996351
-0.00214686 0.217924 -1.03884 0.997258
0.0188841 0.223755 -1.05622 0.997351
0.0440977 0.230847 -1.07701 0.997377
-0.116465 0.210191 -1.12252 0.996809
0.0864651 0.241062 -1.16113 0.997778
-0.0547733 0.114674 -1.06491 0.996558
0.000179299 0.115293 -1.05286 0.997511
-0.214977 -0.0396151 -1.36543 0.990592
0.302447 -0.0170384 -1.32439 0.984838
-0.71256 -0.594895 -2.67904 0.709788
0.513054 -0.358391 -1.39481 0.772365
-0.350911 -0.27665 -1.66833 0.794641
0.0673696 -0.138978 -0.934526 0.79021
-0.297727 -0.24078 -1.44682 0.755109
-0.00158106 -0.106519 -0.859439 0.728732
-0.23718 -0.117676 -1.02386 0.784288
0.00387182 -0.0755236 -0.87868 0.758328
-0.274424 -0.182275 -1.27104 0.745722
0.018543 -0.0934958 -0.908157 0.72841
-0.101963 -0.951567 -1.4456 0.0176085
0.253447 -0.945404 -1.39831 0.015242
-0.076115 -1.338 -1.36706 0.0284673
0.271357 -1.58634 -1.48977 0.0187371
-0.113236 -2.60332 -1.73659 0.0023127
0.261544 -2.77319 -1.7878 0.00198401
-0.117757 -3.07617 -1.95213 0.00147962
0.35509 -3.26357 -2.02301 0.00199426
-0.136736 -2.85873 -1.72788 0.00494633
0.143482 -2.54958 -1.53884 0.00459638
