camera0:
0.545354 0.295898 0.997704
0.564626 0.241411 0.996764
0.580587 0.245396 0.99649
0.58874 0.248321 0.996263
0.526091 0.238061 0.997191
0.509531 0.238412 0.997266
0.489045 0.238888 0.997324
0.59521 0.276748 0.996747
0.476333 0.255049 0.997718
0.556374 0.361289 0.996541
0.516569 0.359209 0.99752
0.662633 0.553288 0.98521
0.304096 0.529275 0.98463
0.910877 0.803494 0.613993
0.0995985 0.817285 0.774267
0.718539 0.681097 0.693636
0.331511 0.716893 0.783962
0.724917 0.650101 0.65413
0.378563 0.687715 0.717511
0.701021 0.626639 0.675848
0.401519 0.654339 0.747325
0.701284 0.660188 0.652614
0.39042 0.680156 0.716212
0.611119 1.34087 0.0168503
0.371484 1.35307 0.0145104
0.611016 1.94751 0.0271372
0.384174 1.95064 0.0179433
0.602907 2.51988 0.00211661
0.399411 2.53692 0.00184836
0.601382 2.60901 0.00134799
0.377632 2.63221 0.00185442
0.616706 2.68126 0.00455868
0.477393 2.68249 0.00431383
camera1:
0.206073 0.267345 0.975283
0.243226 0.191683 0.973758
0.26802 0.193855 0.97683
0.293256 0.194912 0.980227
0.187425 0.198948 0.966568
0.173026 0.201859 0.960837
0.157439 0.205321 0.954394
0.344597 0.219908 0.987311
0.155105 0.229514 0.951292
0.256149 0.338225 0.967701
0.188645 0.346032 0.948316
0.499906 0.581306 0.990253
0.0710828 0.559317 0.920834
0.758077 0.868987 0.724926
-0.0714312 0.774827 0.323679
0.473851 0.74992 0.791694
0.10176 0.586809 0.371125
0.408956 0.706627 0.745337
0.134192 0.536762 0.341472
0.38437 0.603529 0.776432
0.148004 0.529481 0.389503
0.397759 0.672949 0.732927
0.149153 0.564503 0.373306
0.423809 1.5234 0.0111806
0.120173 1.50101 0.0072026
0.404986 2.1235 0.0160298
0.14165 2.1039 0.0089694
0.4042 2.78388 0.000762966
0.157685 2.74996 0.000488151
0.424989 2.89165 0.000486007
0.164507 2.854 0.000665815
0.334106 2.97247 0.000970092
0.148445 2.9511 0.00151149
fused:
-0.0261717 0.169378 -1.01423 0.997704
-0.0493237 0.224346 -1.04381 0.996764
-0.0679857 0.224093 -1.05622 0.99649
-0.0798917 0.229833 -1.08661 0.996263
-0.00565445 0.219799 -1.02222 0.997191
0.0122871 0.221413 -1.02856 0.997266
0.0348623 0.224388 -1.04011 0.997324
-0.0968056 0.229811 -1.17815 0.996747
0.0499252 0.214756 -1.0605 0.997718
-0.0417589 0.128247 -1.07657 0.996541
0.00438024 0.121838 -1.03442 0.99752
-0.209342 -0.0535669 -1.37892 0.990253
0.286965 -0.0124815 -1.25464 0.98463
-0.486551 -0.277473 -1.16526 0.724926
0.62821 -0.316287 -1.40818 0.774267
-0.232422 -0.168273 -1.10067 0.791694
0.243536 -0.160867 -1.23429 0.783962
-0.211194 -0.124996 -0.970806 0.745337
0.174325 -0.12439 -1.18966 0.717511
-0.190665 -0.0764019 -0.976268 0.776432
0.14216 -0.0928153 -1.1671 0.747325
-0.193721 -0.115443 -0.996967 0.732927
0.160691 -0.120866 -1.19889 0.716212
-0.118315 -0.791924 -1.21308 0.0168503
0.181879 -0.761088 -1.15144 0.0145104
-0.0923603 -1.36617 -1.2541 0.0271372
0.194089 -1.3603 -1.2265 0.0179433
-0.0868348 -2.24844 -1.44234 0.00211661
0.195249 -2.18825 -1.37582 0.00184836
-0.0880018 -2.51378 -1.54204 0.00134799
0.258839 -2.444 -1.4785 0.00185442
-0.115077 -2.27176 -1.33149 0.00455868
0.0956602 -2.05386 -1.22044 0.00431383
