camera0:
0.546668 0.299593 0.997857
0.565456 0.243267 0.996999
0.581341 0.246813 0.996716
0.593178 0.248949 0.996491
0.528521 0.238762 0.997414
0.51137 0.23756 0.997481
0.490351 0.236161 0.997546
0.599796 0.284264 0.996961
0.447297 0.2556 0.997922
0.571671 0.372136 0.996837
0.521098 0.366982 0.997747
0.677365 0.611977 0.985954
0.268943 0.546609 0.985713
0.948143 0.754295 0.647046
0.0614839 0.896695 0.787933
0.65951 0.613161 0.720472
0.0259581 1.03197 0.789786
0.595434 0.545251 0.675388
0.015411 1.08744 0.719404
0.564826 0.51654 0.694995
0.0580156 1.03888 0.752324
0.57584 0.539644 0.673216
0.0675675 1.03476 0.72252
0.60548 1.40289 0.0171894
0.299092 1.39151 0.0149051
0.579827 2.06879 0.0251501
0.307926 2.0481 0.0164458
0.564417 2.65746 0.00192254
0.287246 2.63986 0.00166908
0.563092 2.74992 0.00122555
0.27502 2.73818 0.00167998
0.533504 2.85089 0.00413679
0.327227 2.82492 0.00393041
camera1:
0.206199 0.26827 0.977712
0.234717 0.19082 0.97635
0.258067 0.191058 0.979118
0.280667 0.190636 0.982176
0.185052 0.19939 0.969842
0.171826 0.202098 0.964662
0.157361 0.206284 0.958842
0.340838 0.215312 0.988563
0.157302 0.231147 0.956083
0.256581 0.338537 0.970869
0.189871 0.352527 0.953369
0.526342 0.61715 0.990556
0.0720409 0.58893 0.924583
0.664278 0.951545 0.690957
-0.171425 0.731877 0.334376
0.737263 0.800414 0.772156
-0.0256376 0.397119 0.366925
0.801143 0.731459 0.732994
0.00604535 0.302749 0.336905
0.809649 0.681514 0.767734
0.0311194 0.298816 0.384731
0.792601 0.69386 0.719243
0.0335091 0.340927 0.367652
0.435573 1.52226 0.0106677
0.129013 1.51659 0.00697654
0.471935 2.02301 0.0180683
0.143603 2.10692 0.00961965
0.456875 2.76562 0.00089806
0.17573 2.76371 0.000521262
0.46035 2.87131 0.000529633
0.183144 2.85842 0.000671484
0.419762 2.93491 0.00116844
0.196035 2.98392 0.00161871
fused:
-0.0277806 0.166932 -1.01101 0.997857
-0.0494725 0.219291 -1.02622 0.996999
-0.0676637 0.219163 -1.03531 0.996716
-0.0822977 0.221938 -1.05162 0.996491
-0.00810283 0.21691 -1.01362 0.997414
0.0104611 0.220136 -1.02347 0.997481
0.0338561 0.224564 -1.03873 0.997546
-0.101532 0.222326 -1.1521 0.996961
0.0866414 0.231886 -1.12557 0.997922
-0.0580133 0.117832 -1.04187 0.996837
-0.000726234 0.115014 -1.02682 0.997747
-0.236 -0.101254 -1.39358 0.990556
0.362776 -0.034306 -1.36213 0.985713
-0.407531 -0.23137 -0.892407 0.690957
0.596001 -0.330834 -1.2239 0.787933
-0.6189 -0.599898 -4.27491 0.772156
1.0745 -0.62461 -2.0417 0.789786
0.7804 0.831756 10.3801 0.732994
1.34372 -0.817849 -2.49292 0.719404
0.212808 0.225905 4.94217 0.767734
1.10346 -0.622687 -2.24797 0.752324
0.443842 0.47928 7.97634 0.719243
1.05468 -0.618712 -2.19279 0.72252
-0.11244 -0.882767 -1.2894 0.0171894
0.325083 -0.955687 -1.38226 0.0149051
-0.0228772 -2.17378 -1.92887 0.0251501
0.38334 -1.80214 -1.54367 0.0164458
0.00866111 -3.66983 -2.23863 0.00192254
0.529837 -3.34779 -2.00625 0.00166908
0.0090045 -4.10185 -2.38636 0.00122555
0.632943 -3.82 -2.20348 0.00167998
0.040468 -4.91622 -2.69058 0.00413679
0.477771 -3.59439 -2.00141 0.00393041
