camera0:
0.542118 0.291838 0.998058
0.564711 0.234068 0.99728
0.581153 0.238649 0.997025
0.595255 0.242724 0.996817
0.517712 0.228397 0.997654
0.497697 0.228745 0.997715
0.477331 0.228837 0.997771
0.607295 0.281032 0.997251
0.436745 0.255709 0.998114
0.567873 0.370902 0.997144
0.512811 0.363506 0.99796
0.693746 0.601641 0.987267
0.273312 0.546586 0.9867
0.946237 0.763466 0.678019
0.0595438 0.891536 0.796703
0.678298 0.625555 0.743888
0.0569551 0.614999 0.803151
0.639865 0.617298 0.694553
0.0586467 0.58286 0.732689
0.598491 0.569676 0.713444
0.0852853 0.542738 0.7647
0.6089 0.611908 0.6917
0.101978 0.581316 0.737158
0.623571 1.38398 0.0171519
0.307532 1.37471 0.0148032
0.605877 2.03311 0.02568
0.321653 2.03568 0.015947
0.594866 2.62041 0.00187127
0.322042 2.61986 0.00153054
0.598788 2.71096 0.00116365
0.29277 2.71712 0.00156259
0.557636 2.8086 0.00379045
0.363894 2.80336 0.00360547
camera1:
0.213765 0.284877 0.979308
0.242872 0.198692 0.97801
0.264716 0.201236 0.980679
0.291531 0.20467 0.983343
0.188683 0.199626 0.972165
0.174967 0.202351 0.967443
0.158358 0.205138 0.961859
0.350307 0.226136 0.989364
0.16165 0.226489 0.959124
0.264294 0.363097 0.972391
0.199181 0.37184 0.956041
0.494893 0.61864 0.981353
0.0852523 0.586214 0.92221
0.303067 0.991622 0.673167
-0.0101667 0.780155 0.307958
0.00766772 0.778818 0.735722
0.155537 0.561611 0.33775
-0.0810415 0.731821 0.702522
0.206844 0.515954 0.313359
-0.0493485 0.659772 0.740843
0.200312 0.487332 0.358268
-0.0190508 0.674825 0.688896
0.193103 0.513008 0.340843
0.417246 1.52114 0.010387
0.133513 1.51297 0.00737344
0.405363 2.0112 0.0180748
0.144147 2.01357 0.00967284
0.422091 2.7067 0.0009924
0.181933 2.68888 0.000632019
0.442288 2.82402 0.00064719
0.207557 2.79607 0.00074645
0.35543 2.86204 0.00147408
0.165549 2.86549 0.00190703
fused:
-0.0213979 0.169346 -1.03892 0.998058
-0.0479047 0.225276 -1.04772 0.99728
-0.0666787 0.222901 -1.05366 0.997025
-0.0842553 0.224271 -1.07432 0.996817
0.00440444 0.229424 -1.04386 0.997654
0.0266561 0.233544 -1.05825 0.997715
0.0498054 0.236512 -1.06804 0.997771
-0.109641 0.220099 -1.15996 0.997251
0.10107 0.242547 -1.15775 0.998114
-0.053227 0.112755 -1.06966 0.997144
0.0101926 0.114806 -1.06486 0.99796
-0.229555 -0.0892801 -1.23543 0.987267
0.363886 -0.0333898 -1.39134 0.9867
-0.274555 -0.165475 -0.602842 0.678019
0.917254 -0.521321 -1.87527 0.796703
-0.107244 -0.100512 -0.650164 0.743888
2.35091 -0.298602 -4.79329 0.803151
-0.0781967 -0.0851095 -0.628608 0.702522
4.59202 -0.322433 -9.40564 0.732689
-0.0538834 -0.0621383 -0.676841 0.740843
2.72571 -0.0070764 -5.93277 0.7647
-0.0636835 -0.0739746 -0.685692 0.6917
2.04527 -0.14344 -4.62974 0.737158
-0.126541 -0.793258 -1.17934 0.0171519
0.307847 -0.927083 -1.36352 0.0148032
-0.0562542 -1.58589 -1.44962 0.02568
0.377865 -1.77765 -1.56353 0.015947
-0.0223911 -2.94796 -1.85991 0.00187127
0.474535 -3.18795 -1.95703 0.00153054
-0.0186393 -3.28132 -1.98508 0.00116365
0.656256 -3.99723 -2.35089 0.00156259
0.0335452 -3.58544 -2.03877 0.00379045
0.42322 -3.20361 -1.84548 0.00360547
