camera0:
0.486913 0.322909 0.998244
0.512916 0.262601 0.997541
0.528969 0.264804 0.99731
0.54394 0.267537 0.997121
0.46601 0.263058 0.997877
0.450469 0.265199 0.997932
0.435637 0.268172 0.997982
0.571117 0.303183 0.997511
0.419826 0.303178 0.998294
0.519651 0.393038 0.997418
0.464686 0.394164 0.998155
0.691376 0.594082 0.988327
0.305243 0.560798 0.987931
0.803313 0.786201 0.689468
0.0847712 0.750271 0.812854
0.758708 0.633366 0.765903
0.0946921 0.652603 0.820482
0.769443 0.591909 0.719924
0.105321 0.623198 0.754706
0.747389 0.55805 0.737521
0.146477 0.586042 0.784324
0.728172 0.592049 0.71695
0.155236 0.610279 0.759463
0.627716 1.36497 0.0170682
0.348017 1.353 0.0155104
0.612142 2.01399 0.0237864
0.345457 1.98809 0.0148924
0.604891 2.58791 0.00171731
0.360828 2.5738 0.0013911
0.610376 2.66211 0.00106577
0.352473 2.64848 0.0014354
0.565932 2.75658 0.00343668
0.396269 2.75543 0.00327885
camera1:
0.239191 0.288454 0.981297
0.272314 0.227167 0.980098
0.284514 0.229723 0.982531
0.299636 0.232231 0.984924
0.254034 0.22396 0.974844
0.253584 0.224005 0.970597
0.253015 0.223825 0.965563
0.362716 0.26583 0.990315
0.311338 0.257066 0.963131
0.271623 0.363625 0.974726
0.245514 0.36648 0.959926
0.460507 0.613876 0.978603
0.337011 0.652566 0.925992
0.106788 0.805283 0.66342
0.112966 0.851202 0.279559
-0.0809492 0.674312 0.717743
0.0577104 0.787961 0.307799
-0.112776 0.616467 0.697731
0.0603446 0.759937 0.290631
-0.0761007 0.585845 0.73704
0.0724962 0.730252 0.333593
-0.0641252 0.611161 0.686611
0.0686364 0.738269 0.317193
0.427489 1.54278 0.0110671
0.304594 1.52319 0.0101709
0.29118 1.61093 0.0192807
0.138582 1.59586 0.00916793
0.285597 2.27711 0.00167188
0.171885 2.26632 0.000750892
0.339428 2.40423 0.00240779
0.208967 2.37437 0.00104662
0.139545 2.35741 0.00363175
0.0376886 2.39883 0.00266111
fused:
0.039724 0.193101 -1.2079 0.998244
0.00747032 0.251354 -1.23035 0.997541
-0.0129601 0.244803 -1.21734 0.99731
-0.0320321 0.240577 -1.21441 0.997121
0.0714676 0.277417 -1.3169 0.997877
0.0956605 0.289388 -1.3655 0.997932
0.120252 0.300888 -1.41415 0.997982
-0.073236 0.225434 -1.3013 0.997511
0.174509 0.336333 -1.74411 0.998294
-0.00222087 0.123813 -1.19339 0.997418
0.0715705 0.137117 -1.28141 0.998155
-0.211425 -0.079823 -1.15588 0.988327
0.775364 -0.161945 -3.38719 0.987931
-0.185007 -0.128062 -0.609751 0.689468
1.35443 -0.550876 -2.92952 0.812854
-0.141344 -0.0701984 -0.559845 0.765903
0.988051 -0.250024 -2.18513 0.820482
-0.142933 -0.0528443 -0.544087 0.719924
0.940424 -0.195332 -2.1326 0.754706
-0.135645 -0.0426595 -0.569664 0.737521
0.772759 -0.12643 -1.94386 0.784324
-0.128145 -0.0522595 -0.583582 0.71695
0.718562 -0.152273 -1.85229 0.759463
-0.134258 -0.785384 -1.17642 0.0170682
0.349023 -1.30834 -1.93786 0.0155104
-0.00568015 -1.21734 -1.29868 0.0237864
0.421972 -1.77794 -1.74699 0.0148924
0.139002 -2.2012 -1.64017 0.00171731
0.616003 -3.70709 -2.46228 0.0013911
0.216962 -2.2735 -1.7535 0.00240779
0.81889 -4.3522 -2.86418 0.0014354
0.247107 -2.01635 -1.44029 0.00363175
0.479179 -2.4775 -1.63709 0.00327885
