camera0:
0.530419 0.398611 0.998391
0.551109 0.345539 0.998
0.56124 0.351994 0.998084
0.572324 0.358625 0.998222
0.508689 0.319476 0.997813
0.496927 0.311494 0.997826
0.475352 0.300623 0.997777
0.569876 0.380255 0.998449
0.458171 0.339381 0.998302
0.5318 0.455562 0.998275
0.480888 0.436088 0.998182
0.658134 0.665831 0.996625
0.284373 0.651078 0.988444
0.846028 0.935641 0.783528
0.221944 0.992762 0.723805
0.72879 0.688306 0.897376
0.387607 0.716745 0.742418
0.714478 0.643117 0.862417
0.391916 0.70159 0.69544
0.690354 0.536913 0.871388
0.42182 0.654946 0.725805
0.682009 0.649335 0.860513
0.427024 0.690818 0.711638
0.595843 1.41999 0.0219297
0.323055 1.40843 0.0174489
0.584352 2.03682 0.0176435
0.346257 2.02061 0.00786837
0.568822 2.59548 0.00172833
0.338622 2.56997 0.000755134
0.571147 2.67481 0.00122882
0.324994 2.64149 0.000989853
0.534027 2.77261 0.00229512
0.366823 2.7423 0.00207269
camera1:
0.279005 0.38208 0.99881
0.316457 0.318944 0.998589
0.339096 0.321541 0.998676
0.36202 0.323494 0.998727
0.270825 0.316103 0.998141
0.260306 0.316939 0.997673
0.250577 0.316887 0.997419
0.412414 0.349959 0.999127
0.256389 0.335646 0.997677
0.321928 0.450647 0.998505
0.269338 0.453113 0.997813
0.540349 0.691862 0.991657
0.197875 0.624306 0.977209
0.644402 1.06902 0.771166
0.0375373 0.742268 0.401737
0.446795 0.745548 0.939114
0.0618114 0.576908 0.54168
0.395215 0.670897 0.907085
0.034276 0.53739 0.490429
0.390707 0.632971 0.919138
0.0753952 0.558215 0.553343
0.397862 0.670551 0.887794
0.0958035 0.584991 0.53336
0.555413 1.50731 0.00397096
0.264142 1.50668 0.00307453
0.55179 2.16195 0.00999924
0.287914 2.1392 0.00439286
0.561074 2.74345 0.000509753
0.305224 2.72171 0.000165311
0.580809 2.8357 0.000294197
0.305167 2.81307 0.0003328
0.499952 2.91329 0.000590477
0.335408 2.89098 0.000854756
fused:
-0.0144622 0.111328 -1.18533 0.99881
-0.0421973 0.168231 -1.22843 0.998589
-0.0573915 0.168381 -1.25769 0.998676
-0.0745578 0.16831 -1.28596 0.998727
0.0157142 0.186057 -1.24036 0.998141
0.0323574 0.191817 -1.24991 0.997826
0.0638937 0.20647 -1.29235 0.997777
-0.0821698 0.171174 -1.46582 0.999127
0.0877301 0.19043 -1.35219 0.998302
-0.0180174 0.0642615 -1.29146 0.998505
0.0543477 0.0762139 -1.30758 0.998182
-0.227588 -0.180924 -1.53194 0.996625
0.452896 -0.138352 -1.8368 0.988444
-0.376213 -0.377118 -1.07606 0.783528
0.440526 -0.432023 -1.38856 0.723805
-0.227356 -0.156489 -1.02181 0.939114
0.137989 -0.108438 -1.02209 0.742418
-0.201035 -0.107557 -0.969116 0.907085
0.125589 -0.0876879 -0.968722 0.69544
-0.181903 -0.0647468 -1.02999 0.919138
0.0979588 -0.0710168 -0.987975 0.725805
-0.180442 -0.114595 -1.04025 0.887794
0.0946548 -0.0971923 -1.0106 0.711638
-0.15211 -1.3395 -1.86712 0.0219297
0.396165 -1.34747 -1.89848 0.0174489
-0.0979458 -2.43205 -2.08208 0.0176435
0.390764 -2.30675 -1.97451 0.00786837
-0.0996211 -4.83358 -2.95894 0.00172833
0.488713 -3.99407 -2.4535 0.000755134
-0.13856 -5.71312 -3.35147 0.00122882
0.568072 -4.29463 -2.5653 0.000989853
0.00998557 -5.47532 -3.08091 0.00229512
0.516442 -4.71974 -2.71577 0.00207269
