camera0:
0.477633 0.323262 0.998397
0.50467 0.268584 0.99776
0.520508 0.270214 0.997553
0.535135 0.272612 0.997383
0.458468 0.271261 0.998055
0.443905 0.27379 0.9981
0.42992 0.277064 0.998143
0.560664 0.307186 0.997731
0.417438 0.31451 0.998422
0.508733 0.390899 0.997658
0.452196 0.393427 0.998316
0.676733 0.585043 0.989392
0.321767 0.568347 0.988958
0.722449 0.787645 0.686773
0.129988 0.736167 0.818072
0.687816 0.766435 0.781062
0.116947 0.657205 0.828899
0.707192 0.777727 0.738533
0.122772 0.653394 0.764846
0.684852 0.740244 0.756162
0.157649 0.610479 0.794132
0.665999 0.747767 0.736243
0.171047 0.621195 0.77253
0.619776 1.33368 0.0174438
0.356702 1.3171 0.0159253
0.599237 1.96003 0.0218867
0.348171 1.93455 0.0137535
0.59195 2.53249 0.00157528
0.357729 2.51379 0.00125859
0.597971 2.60408 0.000981551
0.350368 2.58211 0.00130557
0.555886 2.68828 0.00310822
0.392695 2.68555 0.00296458
camera1:
0.286555 0.342549 0.983133
0.314601 0.284659 0.982056
0.326734 0.286753 0.984252
0.339439 0.288423 0.986405
0.295228 0.282111 0.977325
0.293609 0.282399 0.973498
0.291836 0.281692 0.96896
0.399756 0.318791 0.991271
0.330989 0.31258 0.966779
0.313316 0.403751 0.977165
0.286348 0.405077 0.963779
0.501006 0.61355 0.980332
0.280252 0.642125 0.932902
0.142045 0.7451 0.683303
0.105846 0.846238 0.272721
-0.0740103 0.673038 0.704102
0.162951 0.793746 0.307387
-0.122539 0.628289 0.683637
0.173599 0.776951 0.297579
-0.0888485 0.630968 0.724665
0.202726 0.766876 0.34195
-0.0707181 0.648959 0.67851
0.211225 0.779733 0.328203
0.446285 1.52689 0.0133131
0.300364 1.48982 0.0134224
0.371042 2.16716 0.0174991
0.158074 2.1127 0.00834798
0.329541 2.82462 0.00150736
0.170868 2.77994 0.000678106
0.354813 2.94786 0.00217104
0.186166 2.89092 0.000945498
0.171915 2.90218 0.00327657
0.0535341 2.90615 0.00240288
fused:
0.0647963 0.201209 -1.39739 0.998397
0.0260458 0.260509 -1.40705 0.99776
0.00281181 0.253651 -1.39076 0.997553
-0.0184267 0.248003 -1.38013 0.997383
0.0998514 0.287975 -1.51504 0.998055
0.12684 0.29991 -1.57145 0.9981
0.154243 0.311702 -1.62727 0.998143
-0.0623067 0.2333 -1.49389 0.997731
0.203684 0.324788 -1.91706 0.998422
0.0166851 0.126988 -1.36005 0.997658
0.105554 0.143126 -1.47886 0.998316
-0.220481 -0.0832773 -1.31926 0.989392
0.475165 -0.112693 -2.2533 0.988958
-0.15107 -0.127838 -0.6904 0.686773
0.952497 -0.408599 -2.29948 0.818072
-0.109309 -0.0937774 -0.596608 0.781062
1.46372 -0.401965 -3.41651 0.828899
-0.116304 -0.0821505 -0.56484 0.738533
1.49496 -0.403043 -3.54109 0.764846
-0.107006 -0.07903 -0.591547 0.756162
1.36331 -0.300675 -3.5357 0.794132
-0.0979802 -0.0867084 -0.611046 0.736243
1.27289 -0.321479 -3.42832 0.77253
-0.133351 -0.806721 -1.23974 0.0174438
0.315121 -1.20608 -1.85269 0.0159253
-0.0659111 -1.29499 -1.19232 0.0218867
0.260875 -1.47509 -1.34085 0.0137535
0.00408113 -1.8538 -1.24556 0.00157528
0.287771 -2.23052 -1.4396 0.00125859
0.0233095 -1.9165 -1.26448 0.00217104
0.317538 -2.364 -1.4819 0.00130557
0.0973072 -1.74193 -1.12611 0.00327657
0.258077 -1.91494 -1.1918 0.00296458
