camera0:
0.481423 0.327091 0.998545
0.50955 0.276782 0.997968
0.524929 0.279581 0.997781
0.539034 0.283145 0.99763
0.463477 0.276617 0.998232
0.448541 0.278512 0.99827
0.433881 0.281144 0.998309
0.562673 0.317132 0.99794
0.421711 0.316387 0.998557
0.510581 0.391481 0.997882
0.456539 0.392572 0.998471
0.667046 0.584875 0.990416
0.328507 0.577823 0.98999
0.716635 0.883503 0.675291
0.147511 0.756098 0.818286
0.68742 1.08882 0.77004
0.178235 0.709191 0.836263
0.698464 1.15477 0.737245
0.145488 0.654445 0.774962
0.671692 1.11446 0.760489
0.198179 0.659826 0.804452
0.658783 1.09795 0.739481
0.216911 0.679787 0.785333
0.618413 1.29303 0.0164577
0.370447 1.28366 0.0151258
0.589533 1.91514 0.0198514
0.349043 1.89058 0.0124562
0.565952 2.493 0.00142689
0.350236 2.46447 0.00113387
0.570984 2.56487 0.000889568
0.343516 2.53271 0.00117744
0.523953 2.64256 0.00280125
0.371847 2.62556 0.00267076
camera1:
0.357473 0.370705 0.984334
0.384037 0.320809 0.983213
0.39724 0.325518 0.985265
0.410995 0.329056 0.987288
0.359128 0.313088 0.978948
0.355526 0.312882 0.97536
0.347587 0.310956 0.971241
0.441637 0.368181 0.991856
0.350762 0.345211 0.969385
0.383546 0.431398 0.978906
0.348707 0.424819 0.966618
0.529852 0.64178 0.981241
0.253746 0.62807 0.938898
0.359395 0.897673 0.684136
0.119857 0.857424 0.301046
0.0813868 0.679556 0.708877
0.364035 0.808953 0.327667
0.0085199 0.642141 0.679303
0.417341 0.808579 0.312733
0.0412655 0.628508 0.717958
0.43892 0.786568 0.357089
0.0596734 0.650697 0.677431
0.428139 0.804132 0.346786
0.465538 1.51613 0.0128758
0.231463 1.46421 0.0133934
0.434507 2.20164 0.0158464
0.202923 2.15812 0.00759821
0.407428 2.83973 0.00136224
0.197337 2.78507 0.000612203
0.423086 2.93843 0.00195783
0.18962 2.86824 0.000856628
0.331393 2.9765 0.00295427
0.183313 2.96334 0.0021755
fused:
0.0737432 0.232313 -1.70285 0.998545
0.0248623 0.295502 -1.70626 0.997968
-0.00231465 0.286005 -1.69069 0.997781
-0.0272597 0.278606 -1.68341 0.99763
0.113503 0.331556 -1.83595 0.998232
0.147358 0.34726 -1.91161 0.99827
0.179843 0.357331 -1.95622 0.998309
-0.0702421 0.232601 -1.70311 0.99794
0.214827 0.324501 -2.06176 0.998557
0.0190028 0.143823 -1.65506 0.997882
0.119855 0.164813 -1.772 0.998471
-0.229031 -0.105929 -1.47056 0.990416
0.396993 -0.0975737 -1.95731 0.98999
-0.189359 -0.240685 -0.897418 0.684136
0.896863 -0.438622 -2.26753 0.818286
-0.124074 -0.169476 -0.677907 0.77004
-59.5635 25.5398 164.163 0.836263
-0.122605 -0.158862 -0.628263 0.737245
-1.9562 0.57425 4.91344 0.774962
-0.112158 -0.155791 -0.663466 0.760489
-2.43347 0.852572 7.11741 0.804452
-0.105385 -0.16743 -0.686626 0.739481
-4.36505 1.84187 13.5599 0.785333
-0.140191 -0.812473 -1.28456 0.0164577
0.226286 -0.90738 -1.45393 0.0151258
-0.0809636 -1.41707 -1.30335 0.0198514
0.255754 -1.52268 -1.39658 0.0124562
0.00356561 -2.1447 -1.43004 0.00142689
0.28878 -2.22974 -1.46154 0.00113387
0.0237945 -2.23074 -1.45723 0.00195783
0.3124 -2.29531 -1.46433 0.00117744
0.094813 -2.25697 -1.41562 0.00295427
0.27916 -2.27506 -1.40406 0.00267076
