camera0:
0.541681 0.339652 0.998767
0.570074 0.294119 0.998282
0.585694 0.298802 0.998124
0.600757 0.304162 0.998007
0.526492 0.290128 0.998499
0.510877 0.292055 0.998522
0.494543 0.294575 0.998552
0.618397 0.341592 0.998273
0.474078 0.323157 0.998742
0.563561 0.408663 0.998228
0.514957 0.402565 0.998686
0.672062 0.603697 0.991806
0.358599 0.594019 0.990748
0.907634 0.759495 0.728376
0.182832 0.822777 0.812387
0.570302 0.608707 0.807976
0.252484 0.742944 0.822991
0.498355 0.593488 0.770617
0.261081 0.731809 0.754872
0.489072 0.583441 0.790078
0.282311 0.719684 0.786248
0.500517 0.591829 0.770358
0.28739 0.743472 0.770764
0.661207 1.35541 0.0227884
0.408362 1.35217 0.0195626
0.650788 1.95677 0.0229665
0.427682 1.96153 0.0131724
0.663668 2.5083 0.00145876
0.442988 2.50092 0.00104498
0.677455 2.59121 0.000843018
0.443528 2.57512 0.00118456
0.623624 2.66188 0.00247343
0.459445 2.66887 0.00255395
camera1:
0.405974 0.355063 0.987209
0.438645 0.316397 0.986233
0.455279 0.321843 0.987913
0.471869 0.326555 0.989573
0.399496 0.300964 0.982752
0.38903 0.296009 0.979788
0.378755 0.29067 0.976427
0.508168 0.348451 0.993282
0.383776 0.307875 0.974916
0.433729 0.409428 0.982708
0.386256 0.401918 0.972702
0.607125 0.613777 0.98435
0.275339 0.565557 0.949926
0.616559 1.00056 0.714312
0.194622 0.7897 0.37853
0.535303 0.755433 0.754565
0.275236 0.703088 0.414673
0.521002 0.713906 0.724134
0.262138 0.682378 0.386614
0.536841 0.653506 0.756641
0.279267 0.669534 0.427614
0.528475 0.674843 0.723371
0.297849 0.690806 0.423593
0.560065 1.28877 0.0149957
0.297779 1.27221 0.0148767
0.536146 1.95289 0.0131815
0.281514 1.92297 0.0064146
0.503793 2.57521 0.00111926
0.268648 2.53482 0.000500983
0.511951 2.65174 0.00159841
0.260417 2.59991 0.000703558
0.460121 2.74787 0.00241452
0.303067 2.72583 0.00178685
fused:
-0.0359023 0.21387 -1.60541 0.998767
-0.0833903 0.268091 -1.63618 0.998282
-0.110054 0.25992 -1.63408 0.998124
-0.13603 0.252089 -1.63307 0.998007
-0.0106254 0.29059 -1.66717 0.998499
0.0156678 0.29937 -1.69359 0.998522
0.0440416 0.309084 -1.72474 0.998552
-0.176912 0.224611 -1.69913 0.998273
0.0848308 0.30736 -1.8685 0.998742
-0.0758286 0.136956 -1.59711 0.998228
0.00599819 0.151697 -1.62178 0.998686
-0.299473 -0.119037 -1.82797 0.991806
0.311582 -0.0627356 -1.86355 0.990748
-0.373246 -0.247297 -0.900883 0.728376
0.979173 -0.625565 -2.73939 0.812387
-0.112773 -0.254348 -2.20798 0.807976
0.840427 -0.483018 -2.97352 0.822991
0.0767669 -0.279792 -3.11314 0.770617
0.720574 -0.399894 -2.63684 0.754872
0.121495 -0.231591 -3.71386 0.790078
0.648185 -0.363131 -2.58834 0.786248
0.0674077 -0.23844 -3.20044 0.770358
0.680836 -0.439418 -2.77744 0.770764
-0.221605 -0.963127 -1.59369 0.0227884
0.219298 -1.01331 -1.69839 0.0195626
-0.179068 -1.84686 -1.72531 0.0229665
0.205332 -1.84169 -1.68316 0.0131724
-0.107291 -2.6364 -1.82048 0.00145876
0.229349 -2.71515 -1.79744 0.00104498
-0.0259802 -2.57473 -1.82148 0.00159841
0.266658 -2.79649 -1.81548 0.00118456
0.017772 -2.90826 -1.88943 0.00247343
0.284014 -3.14725 -1.96842 0.00255395
