camera0:
0.585808 0.363225 0.998838
0.615649 0.310934 0.998385
0.634028 0.31537 0.998222
0.649933 0.320332 0.998105
0.565299 0.303383 0.998607
0.548709 0.302994 0.998632
0.530998 0.304242 0.998665
0.661952 0.349209 0.998349
0.499274 0.329435 0.998842
0.605529 0.437673 0.998355
0.554817 0.427333 0.998792
0.722144 0.635028 0.991568
0.362389 0.61872 0.991019
0.957663 0.784408 0.747043
0.128483 0.873518 0.820086
0.699344 0.640643 0.808383
0.213543 0.882653 0.807826
0.631758 0.616585 0.759423
0.245157 0.909034 0.734567
0.612883 0.608945 0.779776
0.267397 0.873995 0.769531
0.628208 0.61948 0.755016
0.278978 0.877914 0.748729
0.670072 1.39366 0.0213795
0.412201 1.39167 0.0184
0.649305 1.95685 0.0240418
0.424245 1.95487 0.0133288
0.663827 2.50799 0.00153389
0.440857 2.49863 0.00108268
0.675075 2.59241 0.000820661
0.443066 2.57544 0.0012359
0.625106 2.66156 0.00247896
0.457666 2.66826 0.00296154
camera1:
0.341418 0.35488 0.988225
0.360396 0.308493 0.987344
0.37129 0.308442 0.988834
0.381298 0.309157 0.990416
0.334976 0.301114 0.984125
0.329033 0.30066 0.981282
0.319311 0.302012 0.978266
0.43951 0.329503 0.99381
0.342542 0.322533 0.976842
0.382401 0.414835 0.984263
0.344249 0.417908 0.974889
0.610044 0.651474 0.985358
0.273649 0.664436 0.952835
0.769989 1.15518 0.659182
0.218707 1.04594 0.343851
0.711378 1.2137 0.694653
0.275727 1.00579 0.377393
0.711359 1.24377 0.669671
0.276146 1.00714 0.353624
0.704808 1.18719 0.704419
0.289169 0.967877 0.393077
0.695079 1.18128 0.674661
0.298028 0.971441 0.390664
0.593224 1.47455 0.0135186
0.325725 1.47367 0.0134137
0.558823 2.13863 0.0118984
0.317562 2.1324 0.00580479
0.559972 2.73527 0.00101004
0.34214 2.70686 0.00045228
0.587931 2.82665 0.00143992
0.351768 2.78207 0.000637254
0.479055 2.87908 0.00217811
0.330455 2.88735 0.00162088
fused:
-0.0829932 0.136517 -1.1968 0.998838
-0.115975 0.173199 -1.17311 0.998385
-0.135979 0.16548 -1.14815 0.998222
-0.152783 0.158417 -1.12806 0.998105
-0.0582054 0.198667 -1.2523 0.998607
-0.0377068 0.20705 -1.28676 0.998632
-0.0143302 0.212594 -1.31464 0.998665
-0.184604 0.153754 -1.22854 0.998349
0.0313626 0.227514 -1.51276 0.998842
-0.113926 0.0798879 -1.22922 0.998355
-0.0491938 0.0915304 -1.28642 0.998792
-0.327965 -0.142397 -1.51357 0.991568
0.307468 -0.149466 -1.84613 0.991019
-0.47666 -0.333334 -1.00867 0.747043
1.87415 -1.33549 -4.50999 0.820086
-0.439371 -0.650015 -2.26696 0.808383
1.21201 -1.11466 -3.72962 0.807826
-0.441448 -1.04335 -3.61365 0.759423
0.882884 -0.958425 -3.03087 0.734567
-0.430703 -1.16241 -4.3237 0.779776
0.776766 -0.836619 -2.90209 0.769531
-0.399166 -0.928691 -3.43808 0.755016
0.729413 -0.832698 -2.85694 0.748729
-0.248684 -1.08028 -1.60903 0.0213795
0.203838 -1.16736 -1.72737 0.0184
-0.194744 -1.77977 -1.59638 0.0240418
0.176129 -1.82282 -1.61506 0.0133288
-0.169868 -2.71813 -1.80532 0.00153389
0.19705 -2.86887 -1.85459 0.00108268
-0.111031 -2.88163 -1.9173 0.00143992
0.223999 -3.10331 -1.9478 0.0012359
-0.0357181 -2.77153 -1.7473 0.00247896
0.200765 -3.01412 -1.82139 0.00296154
