camera0:
0.601611 0.379167 0.998881
0.630937 0.321029 0.998423
0.649233 0.325265 0.998218
0.66567 0.32971 0.998082
0.57953 0.311159 0.998672
0.560835 0.309167 0.998692
0.54128 0.308408 0.998746
0.681277 0.357958 0.998288
0.509437 0.333218 0.998932
0.621938 0.458967 0.998447
0.568677 0.444322 0.998889
0.756018 0.649965 0.990762
0.358309 0.62212 0.991573
0.970641 0.82118 0.755525
0.108502 0.900693 0.822869
0.757745 0.681441 0.809113
0.117527 1.20638 0.791636
0.711951 0.654288 0.746823
0.108631 1.30292 0.713951
0.673516 0.624349 0.766797
0.155873 1.26605 0.755343
0.680254 0.668626 0.743332
0.166404 1.24413 0.734521
0.667189 1.42604 0.0196336
0.386866 1.41059 0.0169362
0.644052 2.04975 0.0221609
0.393954 2.02246 0.0122568
0.639522 2.60776 0.00139756
0.392103 2.57659 0.000980541
0.643819 2.69488 0.000746354
0.38743 2.66376 0.00112618
0.59772 2.78225 0.00225967
0.423646 2.762 0.00272201
camera1:
0.263693 0.354305 0.989333
0.297327 0.297128 0.988538
0.313444 0.295166 0.989861
0.329282 0.293821 0.991304
0.268162 0.295346 0.985644
0.262835 0.295007 0.98306
0.257543 0.295899 0.980353
0.41002 0.313997 0.994395
0.308888 0.317243 0.979075
0.303711 0.414795 0.985802
0.27244 0.418503 0.977302
0.629012 0.686973 0.984698
0.272049 0.683192 0.956046
0.773619 1.14757 0.654877
0.141929 1.00185 0.321884
0.472826 1.04266 0.672345
0.0863577 0.940232 0.365853
0.359617 1.04138 0.639958
0.0463862 0.926402 0.342767
0.357123 1.04276 0.677163
0.0705222 0.902142 0.384896
0.391357 1.02984 0.647659
0.100109 0.914076 0.385465
0.598098 1.59093 0.0122337
0.319441 1.5758 0.0121814
0.546278 2.22779 0.0109968
0.307549 2.21229 0.00547026
0.562652 2.84388 0.000917344
0.334152 2.81422 0.000414453
0.601633 2.95248 0.0013003
0.350936 2.90998 0.000587222
0.465939 2.99364 0.00197647
0.308576 3.00326 0.001522
fused:
-0.0859168 0.100799 -0.996912 0.998881
-0.11611 0.14173 -1.00499 0.998423
-0.134616 0.138044 -0.995199 0.998218
-0.15127 0.134757 -0.98834 0.998082
-0.0648439 0.159551 -1.05878 0.998672
-0.0454575 0.16762 -1.08914 0.998692
-0.0239857 0.175512 -1.12299 0.998746
-0.18868 0.134733 -1.09716 0.998288
0.0133631 0.197795 -1.34368 0.998932
-0.112148 0.0516555 -1.01268 0.998447
-0.0570771 0.0632213 -1.07104 0.998889
-0.35797 -0.162765 -1.42115 0.990762
0.319792 -0.166514 -1.86555 0.991573
-0.477464 -0.332111 -0.982249 0.755525
1.29596 -0.91533 -2.9662 0.822869
-0.250875 -0.245715 -0.993266 0.809113
1.0097 -1.15908 -2.33394 0.791636
-0.185293 -0.219575 -0.912604 0.746823
0.95996 -1.18567 -2.1517 0.713951
-0.158234 -0.228075 -0.98227 0.766797
0.776267 -1.0115 -1.96284 0.755343
-0.173271 -0.246534 -1.02159 0.743332
0.798721 -1.04394 -2.08308 0.734521
-0.246339 -1.13251 -1.58267 0.0196336
0.248127 -1.26836 -1.77371 0.0169362
-0.180446 -1.90982 -1.61458 0.0221609
0.241932 -2.02763 -1.71302 0.0122568
-0.134965 -3.20894 -2.02155 0.00139756
0.318046 -3.32061 -2.05588 0.000980541
-0.0646017 -3.58547 -2.24205 0.0013003
0.374785 -3.75047 -2.23901 0.00112618
0.0315746 -3.23499 -1.92726 0.00225967
0.278646 -3.28065 -1.89513 0.00272201
