camera0:
0.644012 0.0831055 0.998188
0.682392 0.0416123 0.997654
0.701069 0.0439601 0.997805
0.719603 0.0465091 0.997682
0.625592 0.0362506 0.997552
0.605079 0.0348649 0.997665
0.58395 0.0334911 0.997552
0.728815 0.0861589 0.998118
0.543879 0.071017 0.998225
0.682184 0.171324 0.998224
0.615953 0.163465 0.998217
0.832157 0.439086 0.996615
0.383935 0.445649 0.989365
0.898646 0.937316 0.797558
0.220801 0.937908 0.745734
0.732195 0.660717 0.905597
0.420685 0.582893 0.766653
0.683615 0.598254 0.871142
0.471594 0.53254 0.721734
0.691118 0.535536 0.879473
0.468264 0.441164 0.749195
0.685652 0.572446 0.868394
0.466523 0.480038 0.735409
0.709258 1.25103 0.024754
0.39252 1.22593 0.0213496
0.671038 1.8588 0.0169165
0.389298 1.82644 0.00750962
0.634271 2.39132 0.00159098
0.36888 2.35303 0.000689009
0.632955 2.47083 0.00113621
0.357898 2.43305 0.000903863
0.593557 2.57967 0.00210666
0.37692 2.53891 0.00190802
camera1:
0.274479 0.38236 0.998854
0.310855 0.319131 0.998631
0.334316 0.321349 0.998711
0.357096 0.323319 0.998776
0.268904 0.318493 0.998186
0.259288 0.319338 0.997713
0.250442 0.320473 0.997463
0.40925 0.349292 0.999155
0.259331 0.335692 0.997699
0.316151 0.448413 0.998529
0.267894 0.449503 0.997798
0.530954 0.669559 0.99106
0.195419 0.594784 0.973563
0.598247 1.00162 0.771151
0.0159019 0.676226 0.401163
0.32469 0.698011 0.938843
0.0457668 0.553854 0.522304
0.256508 0.641701 0.906001
0.0234375 0.521701 0.469549
0.256717 0.590208 0.919023
0.051888 0.54375 0.533533
0.269475 0.628112 0.88829
0.0715713 0.57166 0.517248
0.549004 1.46571 0.00367193
0.257382 1.4625 0.00283656
0.539467 2.12898 0.00942206
0.269168 2.10213 0.00403646
0.552671 2.72945 0.000473665
0.281191 2.70426 0.000150193
0.578653 2.82188 0.000276057
0.281836 2.79652 0.000302691
0.477369 2.90316 0.00054198
0.304793 2.88018 0.000780655
fused:
-0.0952023 0.199728 -1.05157 0.998854
-0.134433 0.23741 -1.05114 0.998631
-0.15544 0.2354 -1.05597 0.998711
-0.176264 0.232968 -1.05939 0.998776
-0.0759718 0.256661 -1.0917 0.998186
-0.0543784 0.266582 -1.11804 0.997713
-0.0310493 0.277693 -1.14861 0.997552
-0.204262 0.224762 -1.12858 0.999155
0.0110163 0.28899 -1.25648 0.998225
-0.140887 0.131951 -1.01989 0.998529
-0.0738703 0.148875 -1.07024 0.998217
-0.315977 -0.0519137 -0.998158 0.996615
0.215489 0.00869211 -1.42677 0.989365
-0.35968 -0.287616 -0.889417 0.797558
0.417417 -0.354556 -1.31623 0.745734
-0.190879 -0.109689 -0.844643 0.938843
0.0982832 -0.0392842 -0.953451 0.766653
-0.145448 -0.0747462 -0.84142 0.906001
0.0430999 -0.0104102 -0.857934 0.721734
-0.149528 -0.0431337 -0.837692 0.919023
0.0543978 0.0228454 -0.912656 0.749195
-0.1489 -0.064563 -0.856079 0.88829
0.0562316 0.000461602 -0.937098 0.735409
-0.247668 -0.714459 -1.21891 0.024754
0.194824 -0.823564 -1.45247 0.0213496
-0.201885 -1.3949 -1.33071 0.0169165
0.201169 -1.52364 -1.4585 0.00750962
-0.182427 -2.42211 -1.63683 0.00159098
0.258285 -2.34155 -1.60093 0.000689009
-0.201291 -2.75655 -1.78059 0.00113621
0.290135 -2.52082 -1.65509 0.000903863
-0.110046 -2.71605 -1.66737 0.00210666
0.28339 -2.80102 -1.75263 0.00190802
