camera0:
0.426558 0.384737 0.998472
0.474013 0.329488 0.997851
0.48914 0.333857 0.997939
0.511564 0.339144 0.99786
0.431307 0.322164 0.99783
0.416701 0.316852 0.99791
0.407456 0.314629 0.997881
0.53704 0.362623 0.998336
0.415974 0.338948 0.998421
0.464388 0.453457 0.998524
0.412709 0.438159 0.998504
0.66609 0.581725 0.997183
0.309724 0.614505 0.991972
0.958808 0.841644 0.8447
0.13344 0.93535 0.769522
0.716897 0.56921 0.917887
0.0932226 0.948295 0.759946
0.659962 0.452037 0.860848
0.0707663 0.973793 0.70897
0.643387 0.446584 0.865455
0.102991 0.943017 0.740213
0.639885 0.498763 0.856288
0.12177 0.948102 0.730752
0.618691 1.39182 0.0237974
0.349562 1.37582 0.0221533
0.600469 2.03312 0.0136511
0.344684 2.02114 0.00624403
0.592931 2.60261 0.00124484
0.335946 2.58397 0.000530901
0.599638 2.67779 0.000878448
0.330683 2.65878 0.000750464
0.540568 2.78519 0.00162815
0.357187 2.77456 0.00148518
camera1:
0.212401 0.444546 0.997012
0.240144 0.360845 0.995811
0.25086 0.359562 0.996244
0.282202 0.355549 0.996598
0.204318 0.361545 0.994748
0.189383 0.358985 0.993306
0.184147 0.355845 0.992288
0.357738 0.364274 0.998165
0.190062 0.361572 0.99419
0.254461 0.498632 0.996695
0.214518 0.499232 0.994179
0.511578 0.669086 0.988468
0.111367 0.619895 0.966814
0.600034 0.965379 0.771718
0.0535015 0.850143 0.409137
0.182925 0.66003 0.923624
0.264575 0.674279 0.510732
0.111202 0.619616 0.874433
0.305664 0.634255 0.453157
0.118422 0.571623 0.888181
0.319597 0.648322 0.510729
0.143122 0.61832 0.8591
0.315971 0.6867 0.49884
0.442461 1.54919 0.00333011
0.15085 1.51753 0.00265861
0.435879 2.21697 0.00793557
0.192902 2.17457 0.00337951
0.426273 2.80473 0.000399875
0.209814 2.75712 0.00012153
0.452324 2.90645 0.000232293
0.217397 2.85434 0.000247844
0.330502 2.97671 0.000441491
0.18582 2.95091 0.000648943
fused:
0.136289 0.110248 -1.32863 0.998472
0.0655285 0.166688 -1.26597 0.997851
0.044222 0.161515 -1.24896 0.997939
0.0137646 0.162286 -1.26608 0.99786
0.125958 0.177542 -1.29461 0.99783
0.146455 0.182769 -1.29662 0.99791
0.16048 0.188314 -1.3093 0.997881
-0.0257395 0.166779 -1.41092 0.998336
0.144374 0.170197 -1.29118 0.998421
0.079928 0.0465924 -1.3197 0.998524
0.159516 0.0600584 -1.3723 0.998504
-0.21601 -0.115777 -1.40859 0.997183
0.297453 -0.0858063 -1.34468 0.991972
-0.372995 -0.224867 -0.795267 0.8447
0.755921 -0.558016 -1.84027 0.769522
-0.151354 -0.0682409 -0.737531 0.923624
8.95573 -5.12874 -19.7863 0.759946
-0.1027 -0.0308293 -0.748363 0.874433
-5.56532 3.17472 11.6668 0.70897
-0.0933494 -0.0148653 -0.770477 0.888181
-9.02937 5.06206 20.4429 0.740213
-0.0952466 -0.0396596 -0.791717 0.8591
-90.4073 55.8329 214.096 0.730752
-0.132388 -0.867865 -1.24568 0.0237974
0.231283 -0.878473 -1.28319 0.0221533
-0.0849689 -1.60763 -1.38673 0.0136511
0.298967 -1.74697 -1.49572 0.00624403
-0.0850283 -2.76073 -1.69634 0.00124484
0.372877 -2.98752 -1.82614 0.000530901
-0.116395 -3.07343 -1.80979 0.000878448
0.412096 -3.1813 -1.88896 0.000750464
0.00691438 -3.04927 -1.71506 0.00162815
0.370042 -3.07069 -1.75525 0.00148518
