camera0:
0.445656 0.381146 0.998528
0.492076 0.321008 0.997898
0.504492 0.324229 0.99795
0.525927 0.331307 0.997894
0.450215 0.314099 0.997911
0.432884 0.311122 0.997975
0.423567 0.312239 0.997965
0.534766 0.361548 0.998387
0.42276 0.336881 0.998455
0.482962 0.451125 0.998586
0.432794 0.435463 0.998569
0.654277 0.603967 0.996756
0.30457 0.625275 0.992126
0.961184 0.837903 0.846899
0.228509 0.947133 0.743417
0.737936 0.574085 0.909034
0.302167 0.77745 0.740972
0.703087 0.454691 0.83948
0.306717 0.713092 0.686379
0.655764 0.449017 0.843305
0.319867 0.701075 0.718949
0.650066 0.498549 0.835481
0.331778 0.737301 0.711167
0.619395 1.41783 0.0232169
0.355226 1.41777 0.021673
0.604101 2.06245 0.013483
0.367408 2.07126 0.00619499
0.601705 2.62654 0.00117382
0.369985 2.62304 0.000492904
0.60503 2.7062 0.000818948
0.36749 2.69714 0.000701434
0.582126 2.80042 0.0015287
0.391739 2.80128 0.00139388
camera1:
0.164726 0.45128 0.997061
0.195486 0.361407 0.995946
0.218543 0.358921 0.996356
0.230479 0.354837 0.996734
0.170604 0.362699 0.994854
0.167465 0.360119 0.993315
0.155267 0.356841 0.992343
0.289531 0.354373 0.998253
0.173584 0.362002 0.9944
0.214061 0.494141 0.996871
0.166804 0.504736 0.994418
0.481484 0.664285 0.989055
0.124683 0.621973 0.967903
0.5585 0.983141 0.780285
0.0448409 0.807302 0.398225
0.176452 0.584229 0.924812
0.233187 0.640868 0.490083
0.145771 0.516213 0.873491
0.243813 0.591908 0.431008
0.113204 0.444851 0.886681
0.308523 0.604733 0.487004
0.138709 0.495742 0.857831
0.282961 0.639514 0.478713
0.435187 1.54581 0.00357682
0.148904 1.51366 0.00286196
0.416223 2.23855 0.00752675
0.178816 2.19179 0.00335035
0.412993 2.83446 0.00037464
0.190479 2.78654 0.000114033
0.438222 2.93386 0.000219997
0.197929 2.8785 0.000235769
0.323063 3.00451 0.000414215
0.165957 2.99175 0.000615165
fused:
0.0966633 0.0880819 -1.15145 0.998528
0.0385933 0.143683 -1.11438 0.997898
0.0237282 0.145895 -1.13366 0.99795
-0.00271435 0.138984 -1.10631 0.997894
0.0917119 0.156338 -1.15961 0.997911
0.116152 0.166185 -1.1955 0.997975
0.126649 0.166574 -1.18795 0.997965
-0.0188112 0.142449 -1.20786 0.998387
0.129155 0.160109 -1.22735 0.998455
0.0479143 0.0391046 -1.15829 0.998586
0.113391 0.0447455 -1.17943 0.998569
-0.190805 -0.118167 -1.34134 0.996756
0.317727 -0.095387 -1.40422 0.992126
-0.354822 -0.216558 -0.752187 0.846899
0.428453 -0.415378 -1.38385 0.743417
-0.163595 -0.0480241 -0.709639 0.924812
0.438314 -0.30307 -1.9246 0.740972
-0.136388 -0.00485949 -0.729839 0.873491
0.438523 -0.225549 -1.97092 0.686379
-0.105107 0.0198054 -0.746431 0.886681
0.514293 -0.263696 -2.46685 0.718949
-0.105257 -0.00385123 -0.770485 0.857831
0.409601 -0.28236 -2.08663 0.711167
-0.132001 -0.886084 -1.23701 0.0232169
0.222991 -0.916586 -1.27825 0.021673
-0.0836944 -1.5765 -1.33718 0.013483
0.258479 -1.69422 -1.41779 0.00619499
-0.0938419 -2.68113 -1.63006 0.00117382
0.284667 -2.7701 -1.66531 0.000492904
-0.119151 -3.02985 -1.76321 0.000818948
0.317825 -2.92821 -1.71553 0.000701434
-0.0565722 -2.80071 -1.56801 0.0015287
0.284927 -2.77521 -1.57435 0.00139388
