camera0:
0.457749 0.406801 0.998517
0.486003 0.320172 0.997737
0.510152 0.323777 0.997761
0.525917 0.330894 0.997685
0.437811 0.312847 0.997832
0.430348 0.309514 0.997908
0.410263 0.311587 0.997915
0.54568 0.342666 0.998315
0.423171 0.316396 0.998412
0.48942 0.462658 0.99855
0.428164 0.436377 0.998561
0.661941 0.580569 0.996643
0.291137 0.580624 0.992419
0.962139 0.828871 0.855154
0.207587 0.907456 0.73324
0.735719 0.575644 0.906161
0.309768 0.779449 0.741453
0.667848 0.501894 0.828489
0.325481 0.735242 0.680462
0.618751 0.48181 0.832991
0.342373 0.721594 0.713701
0.639823 0.501666 0.823046
0.352063 0.751911 0.703262
0.640012 1.36352 0.0212079
0.365141 1.3612 0.0197739
0.62596 2.01682 0.0133822
0.381596 2.00785 0.00599858
0.613228 2.57799 0.00109032
0.38648 2.56648 0.000455946
0.616084 2.65789 0.000749708
0.3864 2.64162 0.000644208
0.582133 2.76813 0.00142007
0.409268 2.7628 0.00130698
camera1:
0.176101 0.45704 0.99724
0.200409 0.370573 0.996232
0.228776 0.365758 0.996611
0.243841 0.360957 0.99694
0.158934 0.372314 0.995261
0.154261 0.369001 0.993848
0.147127 0.365055 0.992923
0.29865 0.384143 0.998372
0.172847 0.391579 0.994856
0.224082 0.504267 0.997024
0.170994 0.512684 0.994697
0.454693 0.667155 0.989541
0.146312 0.631031 0.970204
0.495638 0.98521 0.770135
0.36887 0.896321 0.422343
0.176821 0.598052 0.921019
0.676663 0.805472 0.503814
0.134254 0.543321 0.869111
0.769484 0.704411 0.434226
0.134568 0.467435 0.882076
0.765322 0.730385 0.4898
0.153958 0.510649 0.85124
0.725937 0.746859 0.475827
0.421985 1.55634 0.00586804
0.151771 1.53966 0.00487531
0.416714 2.24685 0.00821151
0.186552 2.22121 0.00357588
0.407551 2.82918 0.000427514
0.206992 2.80615 0.000124769
0.423174 2.92241 0.000256781
0.206894 2.88846 0.000246702
0.33612 3.0091 0.000477581
0.216544 3.0067 0.000697454
fused:
0.0791489 0.073453 -1.14091 0.998517
0.0475236 0.144834 -1.14133 0.997737
0.0177593 0.144463 -1.14467 0.997761
-0.00240024 0.141386 -1.13652 0.997685
0.108322 0.154259 -1.16522 0.997832
0.118254 0.159016 -1.17288 0.997908
0.145931 0.166685 -1.20389 0.997915
-0.0276732 0.137013 -1.21741 0.998372
0.135287 0.157081 -1.24083 0.998412
0.0398268 0.0298488 -1.16349 0.99855
0.12188 0.0423686 -1.20263 0.998561
-0.184538 -0.102952 -1.24055 0.996643
0.378083 -0.0829922 -1.55744 0.992419
-0.331458 -0.200083 -0.701187 0.855154
5.84392 -5.20165 -17.6263 0.73324
-0.162204 -0.0520597 -0.712305 0.921019
-0.489502 0.437251 2.20347 0.741453
-0.11473 -0.0203455 -0.750569 0.869111
-0.307242 0.226465 1.50327 0.680462
-0.0833789 0.0111998 -0.801376 0.882076
-0.304164 0.23906 1.62838 0.713701
-0.0998532 -0.00783534 -0.796232 0.85124
-0.367332 0.351259 2.08102 0.703262
-0.144996 -0.757885 -1.12557 0.0212079
0.201265 -0.829013 -1.23084 0.0197739
-0.108265 -1.40499 -1.2259 0.0133822
0.210306 -1.52444 -1.31516 0.00599858
-0.0921696 -2.34967 -1.47304 0.00109032
0.235689 -2.4735 -1.52989 0.000455946
-0.109099 -2.59669 -1.55749 0.000749708
0.2577 -2.58306 -1.55518 0.000644208
-0.0421614 -2.64528 -1.51206 0.00142007
0.261455 -2.73191 -1.58186 0.00130698
