camera0:
0.423702 0.354137 0.99838
0.46764 0.283387 0.997284
0.489044 0.286083 0.997256
0.512576 0.290274 0.99719
0.422424 0.277268 0.997368
0.413248 0.275177 0.997433
0.403273 0.273544 0.997504
0.562961 0.31586 0.997998
0.422485 0.286385 0.998001
0.474501 0.431496 0.998388
0.413181 0.416617 0.998333
0.704655 0.565079 0.996617
0.292487 0.579107 0.992675
0.979071 0.812842 0.867325
0.157749 0.883456 0.749353
0.749787 0.540741 0.910782
0.273872 0.547677 0.758657
0.684429 0.442654 0.830225
0.306276 0.414856 0.692364
0.64446 0.427169 0.834034
0.30805 0.402729 0.723741
0.6513 0.467141 0.822807
0.325137 0.459076 0.711858
0.644415 1.35584 0.0193669
0.364998 1.35152 0.0180005
0.62516 2.00686 0.013028
0.380704 1.9931 0.00567014
0.612902 2.57482 0.00102684
0.383681 2.55128 0.00041832
0.621534 2.65683 0.000690594
0.383632 2.6275 0.000595876
0.571143 2.7538 0.00131034
0.40274 2.75049 0.00121565
camera1:
0.217046 0.455253 0.996378
0.249531 0.367939 0.995682
0.272551 0.364837 0.995959
0.295088 0.360587 0.996506
0.164059 0.337211 0.994193
0.137904 0.33467 0.991987
0.130273 0.331766 0.990979
0.309526 0.343016 0.998155
0.100163 0.32748 0.992987
0.260616 0.504024 0.996277
0.18365 0.510006 0.992986
0.46476 0.651632 0.989472
0.0980191 0.63091 0.964364
0.676158 0.9975 0.741677
0.0978234 0.900437 0.388685
0.610674 0.825886 0.873862
0.203084 0.676354 0.479843
0.608425 0.782561 0.823902
0.22526 0.598833 0.41912
0.587057 0.72693 0.839604
0.217297 0.585865 0.473422
0.570593 0.752191 0.809469
0.223474 0.623217 0.459933
0.391125 1.55464 0.00665498
0.122458 1.53674 0.0051739
0.405648 2.14203 0.00849495
0.189504 2.11472 0.00396748
0.430121 2.73971 0.000402308
0.23033 2.68395 0.000143631
0.454014 2.84699 0.000240605
0.236913 2.77771 0.000255867
0.38071 2.90709 0.000479874
0.222713 2.87029 0.000733983
fused:
0.149308 0.124531 -1.37108 0.99838
0.0850254 0.197986 -1.34052 0.997284
0.0542252 0.196554 -1.34023 0.997256
0.0200163 0.192924 -1.32926 0.99719
0.133997 0.197467 -1.22247 0.997368
0.14114 0.192086 -1.1811 0.997433
0.154143 0.196081 -1.18711 0.997504
-0.0494589 0.163429 -1.1985 0.998155
0.11693 0.168813 -1.07446 0.998001
0.0684029 0.0531937 -1.31604 0.998388
0.152087 0.0588032 -1.28547 0.998333
-0.220637 -0.0856787 -1.14069 0.996617
0.330526 -0.0742579 -1.36831 0.992675
-0.414999 -0.239907 -0.845599 0.867325
0.759388 -0.556378 -1.9749 0.749353
-0.338105 -0.185513 -1.43387 0.910782
0.530861 -0.0857895 -2.01907 0.758657
-0.307018 -0.143777 -1.91759 0.830225
0.470342 0.102834 -2.03251 0.692364
-0.251439 -0.0974296 -2.13222 0.839604
0.452129 0.110613 -1.96358 0.723741
-0.24131 -0.131483 -1.88907 0.822807
0.390999 0.0299429 -1.85579 0.711858
-0.140496 -0.702249 -1.05399 0.0193669
0.190025 -0.773602 -1.16141 0.0180005
-0.0969473 -1.40656 -1.26268 0.013028
0.238035 -1.55492 -1.38729 0.00567014
-0.0970048 -2.64262 -1.66528 0.00102684
0.29374 -2.80164 -1.76232 0.00041832
-0.127384 -2.94019 -1.76966 0.000690594
0.320495 -2.95986 -1.8087 0.000595876
-0.019767 -3.15362 -1.82249 0.00131034
0.340883 -3.03061 -1.79367 0.00121565
