camera0:
0.74354 0.391559 0.999857 0.664
0.739835 0.333465 0.999701 0.644
0.744727 0.33742 0.99966 0.66725
0.75039 0.341634 0.999568 0.687
0.713703 0.324404 0.999843 0.65725
0.699708 0.321826 0.999857 0.6675
0.683682 0.319222 0.999852 0.66925
0.714751 0.368623 0.99962 0.65375
0.615866 0.336202 0.999942 0.675
0.736275 0.4516 0.999856 0.662
0.707039 0.444439 0.999945 0.659
0.772525 0.661239 0.999064 0.79575
0.419788 0.611694 0.999425 0.69325
0.908065 0.905155 0.604097 0.74975
0.342002 0.934029 0.852904 0
0.98244 0.873925 0.552933 0.61425
0.435663 0.876105 0.702962 0
1.01641 0.864771 0.504223 -111
0.46008 0.867484 0.663788 0
0.995952 0.827209 0.545195 0.6045
0.466056 0.818643 0.693041 0
0.966152 0.832061 0.553975 0.643
0.467285 0.828945 0.691546 0
0.716108 1.36046 0.0144928 -111
0.462988 1.3735 0.0160744 -111
0.703498 1.91743 0.00106046 -111
0.4756 1.94203 0.000974345 -111
0.700234 2.45096 7.4387e-05 -111
0.482721 2.45441 2.51156e-05 -111
0.690421 2.52397 3.51741e-05 -111
0.461239 2.52062 3.92242e-05 -111
0.732276 2.60226 0.000157817 -111
0.556763 2.60851 7.33311e-05 -111
camera1:
0.560654 0.320189 0.999892 0.58925
0.594743 0.252157 0.999818 0.6035
0.61406 0.254774 0.999831 0.6015
0.634157 0.258348 0.999831 0.59875
0.549373 0.25198 0.99978 0.6165
0.536698 0.253339 0.999766 0.621
0.525517 0.255373 0.999745 0.62675
0.680591 0.294615 0.999857 0.60575
0.519557 0.286194 0.999803 0.62625
0.597537 0.390587 0.999937 0.5945
0.536543 0.385339 0.999916 0.611
0.798006 0.613661 0.999435 0.7045
0.385112 0.606132 0.999356 0.73025
0.831046 1.04424 0.546077 -111
0.224385 0.945728 0.544145 0.77725
0.739859 0.75073 0.392508 0
0.0838846 0.754738 0.517096 0.49275
0.725804 0.653733 0.395119 0
0.0288478 0.659247 0.506626 0
0.738152 0.558295 0.438518 0
0.0544999 0.597736 0.582378 0
0.710059 0.598532 0.440585 0
0.0867085 0.645426 0.602624 0.495
0.703509 1.44775 0.00347497 -111
0.408801 1.41473 0.00422847 -111
0.683446 2.08346 0.000580055 -111
0.406395 2.0676 0.000221509 -111
0.682608 2.65643 4.30381e-05 -111
0.413444 2.62512 4.70011e-06 -111
0.695475 2.73446 2.94743e-05 -111
0.40799 2.70414 1.22975e-05 -111
0.624477 2.83013 4.24135e-05 -111
0.440008 2.81574 2.2475e-05 -111
fused:
0.668887 -0.458289 2.84724 0.999892
nose real0:(475.865,187.948), cal0:(473.082,151.963)
nose real1:(358.818,153.691), cal1:(362.368,191.385)

0.522662 -0.478096 2.27336 0.999818
left eye (inner) real0:(473.494,160.063), cal0:(470.068,122.307)
left eye (inner) real1:(380.636,121.035), cal1:(384.243,160.948)

0.498842 -0.438595 2.12078 0.999831
left eye real0:(476.625,161.961), cal0:(473.258,124.408)
left eye real1:(392.998,122.291), cal1:(396.607,162.084)

0.479422 -0.402807 1.98615 0.999831
left eye (outer) real0:(480.25,163.984), cal0:(476.962,126.812)
left eye (outer) real1:(405.86,124.007), cal1:(409.454,163.493)

0.515095 -0.549098 2.54834 0.999843
right eye (inner) real0:(456.77,155.714), cal0:(453.38,119.201)
right eye (inner) real1:(351.599,120.95), cal1:(355.031,159.17)

0.478218 -0.551707 2.55294 0.999857
right eye real0:(447.813,154.476), cal0:(444.483,118.82)
right eye real1:(343.487,121.603), cal1:(346.816,158.749)

0.428134 -0.543513 2.51261 0.999852
right eye (outer) real0:(437.556,153.227), cal0:(434.315,118.695)
right eye (outer) real1:(336.331,122.579), cal1:(339.534,158.365)

0.309752 -0.262905 1.51484 0.999857
left ear real0:(457.441,176.939), cal0:(454.792,144.394)
left ear real1:(435.579,141.415), cal1:(438.762,175.642)

0.195085 -0.383506 1.96857 0.999942
right ear real0:(394.154,161.377), cal0:(391.484,131.616)
right ear real1:(332.516,137.373), cal1:(335.25,167.525)

0.529488 -0.24562 2.31719 0.999937
mouth (left) real0:(471.216,216.768), cal0:(469.225,184.993)
mouth (left) real1:(382.424,187.482), cal1:(385.674,220.526)

0.54788 -0.31574 2.7797 0.999945
mouth (right) real0:(452.505,213.331), cal0:(450.359,180.432)
mouth (right) real1:(343.387,184.963), cal1:(346.688,218.768)

0.355533 0.105848 1.31669 0.999435
left shoulder real0:(494.416,317.395), cal0:(494.167,297.01)
left shoulder real1:(510.724,294.557), cal1:(513.116,315.718)

-0.180045 0.0595619 1.69206 0.999425
right shoulder real0:(268.665,293.613), cal0:(268.023,269.852)
right shoulder real1:(246.472,290.943), cal1:(248.823,312.568)

0.778996 0.663808 1.88902 0.604097
left elbow real0:(581.162,434.474), cal0:(579.691,459.885)
left elbow real1:(531.869,501.236), cal1:(527.545,469.015)

-0.421306 0.662695 2.26246 0.852904
right elbow real0:(218.882,448.334), cal0:(220.076,424.731)
right elbow real1:(143.607,453.949), cal1:(150.015,502.513)

2.00922 0.989423 4.05695 0.552933
left wrist real0:(628.762,419.484), cal0:(629.479,395.267)
left wrist real1:(473.51,360.35), cal1:(479.962,411.742)

-4.11975 9.50885 47.5952 0.702962
right wrist real0:(278.824,420.53), cal0:(279.947,368.766)
right wrist real1:(53.6862,362.274), cal1:(63.9158,445.332)

3.1025 1.19552 5.83549 0.504223
left pinky real0:(650.502,415.09), cal0:(651.35,371.821)
left pinky real1:(464.515,313.792), cal1:(473.881,390.227)

-2536.26 4649.95 28651.8 0.663788
right pinky real0:(294.452,416.392), cal0:(278.768,346.232)
right pinky real1:(18.4626,316.439), cal1:(53.8099,420.688)

2.02156 0.613431 3.97077 0.545195
left index real0:(637.41,397.06), cal0:(637.803,341.541)
left index real1:(472.417,267.982), cal1:(483.509,361.361)

-1968.9 2796.51 25402.6 0.693041
right index real0:(298.276,392.948), cal0:(285.384,314.858)
right index real1:(34.8799,286.913), cal1:(60.6387,384.134)

2.03965 0.718771 4.27075 0.553975
left thumb real0:(618.337,399.389), cal0:(618.864,349.843)
left thumb real1:(454.438,287.295), cal1:(464.524,371.459)

-1185.65 2370.49 18643.4 0.691546
right thumb real0:(299.063,397.894), cal0:(293.742,325.112)
right thumb real1:(55.4934,309.804), cal1:(71.2101,394.514)

0.384587 1.23111 1.82893 0.0144928
left hip real0:(458.309,653.02), cal0:(458.276,653.241)
left hip real1:(450.246,694.919), cal1:(449.671,691.391)

-0.116499 1.35835 2.01705 0.0160744
right hip real0:(296.313,659.279), cal0:(297.25,653.421)
right hip real1:(261.633,679.068), cal1:(273.3,749.084)

0.429404 2.44151 2.1831 0.00106046
left knee real0:(450.239,920.365), cal0:(450.115,920.822)
left knee real1:(437.405,1000.06), cal1:(437.141,998.765)

-0.098916 2.60565 2.31292 0.000974345
right knee real0:(304.384,932.173), cal0:(306.255,925.745)
right knee real1:(260.093,992.446), cal1:(280.212,1087.59)

0.496212 3.79891 2.48673 7.4387e-05
left ankle real0:(448.15,1176.46), cal0:(451.827,1166.81)
left ankle real1:(436.869,1275.09), cal1:(442.428,1297.83)

-0.0782308 3.61146 2.35412 2.51156e-05
right ankle real0:(308.941,1178.12), cal0:(311.984,1170.67)
right ankle real1:(264.604,1260.06), cal1:(303.197,1411.4)

0.457457 3.7 2.35238 3.51741e-05
left heel real0:(441.869,1211.51), cal0:(448.776,1193.97)
left heel real1:(445.104,1312.54), cal1:(449.971,1332.06)

-0.108027 3.6022 2.30107 3.92242e-05
right heel real0:(295.193,1209.9), cal0:(303.744,1189.51)
right heel real1:(261.113,1297.99), cal1:(298.935,1443.93)

0.980033 7.06556 4.26009 0.000157817
left foot index real0:(468.656,1249.08), cal0:(470.154,1245.46)
left foot index real1:(399.665,1358.46), cal1:(409.647,1397.34)

0.182549 5.80101 3.52933 7.33311e-05
right foot index real0:(356.328,1252.08), cal0:(363.022,1236.51)
right foot index real1:(281.605,1351.56), cal1:(313.025,1470.92)

