camera0:
0.745723 0.396253 0.999669 0.6505
0.758804 0.34021 0.999244 0.647
0.767742 0.344796 0.999132 0.6735
0.776185 0.349179 0.998874 0.6805
0.722325 0.327349 0.99963 0.65775
0.705618 0.323034 0.999666 0.66175
0.686887 0.318592 0.999656 0.66
0.763788 0.37595 0.999008 0.6475
0.636549 0.328059 0.999886 0.66825
0.745164 0.457021 0.999655 0.652
0.704733 0.450791 0.999891 0.6505
0.787867 0.688929 0.997812 0.796
0.422991 0.574255 0.99893 0
0.882446 0.980043 0.663903 0.77325
0.260559 0.89103 0.870634 0
0.995399 0.993532 0.531268 0.679
0.323402 0.656551 0.581395 0
1.04839 1.1252 0.403537 -111
0.325663 0.549518 0.529225 0
1.04001 1.07756 0.427789 -111
0.356782 0.514283 0.565617 0
1.00875 1.08174 0.462202 -111
0.368227 0.543598 0.57238 0
0.70878 1.37569 0.0144761 -111
0.454918 1.35361 0.0188103 -111
0.680536 1.91309 0.00129544 -111
0.454611 1.92506 0.00104697 -111
0.644799 2.41775 4.91887e-05 -111
0.440099 2.40574 1.75252e-05 -111
0.638067 2.48541 2.75693e-05 -111
0.425427 2.46317 2.94944e-05 -111
0.659123 2.56851 8.91364e-05 -111
0.486879 2.57138 5.22908e-05 -111
camera1:
0.602069 0.329835 0.99984 0.58475
0.632872 0.265634 0.999726 0.5825
0.649629 0.269571 0.999763 0.58225
0.666387 0.27376 0.999755 0.583
0.585538 0.257588 0.999635 0.58625
0.569671 0.255255 0.999626 0.58425
0.55409 0.253453 0.999567 0.602
0.699383 0.304666 0.999821 0.6
0.531948 0.275797 0.999718 0.61225
0.63381 0.398073 0.99992 0.5935
0.57095 0.385505 0.999884 0.58
0.812064 0.633985 0.999547 0.683
0.389909 0.588762 0.999035 0.7355
0.882161 0.987517 0.635451 0
0.19677 0.886757 0.755277 0.76075
0.873264 0.766856 0.406509 0
0.0411427 0.665007 0.596694 0.59525
0.878634 0.652486 0.397271 0
-0.0141058 0.578868 0.528682 -111
0.865394 0.562606 0.433791 0
-0.00449539 0.541628 0.614512 -111
0.848169 0.60461 0.441951 0
0.0354715 0.584461 0.66428 0.58825
0.707024 1.43608 0.00434741 -111
0.411891 1.41497 0.00465089 -111
0.684366 2.06882 0.0007241 -111
0.406159 2.06733 0.000263691 -111
0.675343 2.65079 4.01936e-05 -111
0.417516 2.63403 4.13138e-06 -111
0.681956 2.72661 3.08345e-05 -111
0.413739 2.70654 9.44983e-06 -111
0.644399 2.82234 4.20821e-05 -111
0.453004 2.81587 1.84056e-05 -111
fused:
0.549458 -0.353914 2.31166 0.99984
nose real0:(477.263,190.201), cal0:(474.744,156.686)
nose real1:(385.324,158.321), cal1:(388.661,193.523)

0.517917 -0.41514 2.06624 0.999726
left eye (inner) real0:(485.635,163.301), cal0:(482.534,127.95)
left eye (inner) real1:(405.038,127.505), cal1:(408.469,165.113)

0.517292 -0.391283 1.98739 0.999763
left eye real0:(491.355,165.502), cal0:(488.319,130.373)
left eye real1:(415.762,129.394), cal1:(419.196,166.878)

0.514665 -0.368341 1.91037 0.999755
left eye (outer) real0:(496.758,167.606), cal0:(493.797,132.82)
left eye (outer) real1:(426.488,131.405), cal1:(429.91,168.62)

0.469167 -0.466748 2.21677 0.999635
right eye (inner) real0:(462.288,157.127), cal0:(459.096,122.157)
right eye (inner) real1:(374.744,123.642), cal1:(378.062,160.417)

0.431809 -0.475498 2.2278 0.999666
right eye real0:(451.596,155.056), cal0:(448.392,120.424)
right eye real1:(364.589,122.523), cal1:(367.845,158.746)

0.385357 -0.478772 2.21608 0.999656
right eye (outer) real0:(439.608,152.924), cal0:(436.416,118.857)
right eye (outer) real1:(354.617,121.657), cal1:(357.789,157.076)

0.420049 -0.273233 1.63494 0.999821
left ear real0:(488.824,180.456), cal0:(486.296,148.26)
left ear real1:(447.605,146.24), cal1:(450.824,180.54)

0.243975 -0.408333 2.0171 0.999886
right ear real0:(407.391,157.468), cal0:(404.613,127.036)
right ear real1:(340.447,132.382), cal1:(343.251,163.466)

0.485761 -0.201936 2.03894 0.99992
mouth (left) real0:(476.905,219.37), cal0:(475.075,189.176)
mouth (left) real1:(405.639,191.075), cal1:(408.759,222.606)

0.447244 -0.250411 2.29735 0.999891
mouth (right) real0:(451.029,216.38), cal0:(448.904,183.19)
mouth (right) real1:(365.408,185.042), cal1:(368.754,219.199)

0.376846 0.132537 1.31516 0.999547
left shoulder real0:(504.235,330.686), cal0:(504.09,309.262)
left shoulder real1:(519.721,304.313), cal1:(522.27,326.546)

-0.173261 0.0251669 1.68358 0.999035
right shoulder real0:(270.714,275.643), cal0:(270.122,257.681)
right shoulder real1:(249.542,282.606), cal1:(251.298,299.027)

0.557602 0.529557 1.43865 0.663903
left elbow real0:(564.765,470.421), cal0:(564.797,469.916)
left elbow real1:(564.583,474.008), cal1:(564.66,474.576)

-0.482582 0.41718 1.76869 0.870634
right elbow real0:(166.758,427.695), cal0:(168.032,390.451)
right elbow real1:(125.932,425.643), cal1:(131.094,466.299)

0.974107 0.600054 1.90651 0.531268
left wrist real0:(637.055,476.895), cal0:(638.9,437.851)
left wrist real1:(558.889,368.091), cal1:(568.277,439.792)

-1.1247 0.286277 5.37366 0.596694
right wrist real0:(206.977,315.145), cal0:(206.209,280.714)
right wrist real1:(26.3313,319.203), cal1:(29.4081,347.155)

1.23009 0.6621 2.14954 0.403537
left pinky real0:(670.969,540.096), cal0:(675.739,433.812)
left pinky real1:(562.326,313.193), cal1:(577.957,433.242)

-2.25978 -0.204382 10.8876 0.529225
right pinky real0:(208.424,263.768), cal0:(207.257,237.415)
right pinky real1:(-9.02769,277.857), cal1:(-6.6657,300.64)

1.20441 0.52556 2.14563 0.433791
left index real0:(665.609,517.23), cal0:(669.175,395.905)
left index real1:(553.852,270.051), cal1:(570.151,399.93)

-4.17564 -1.16486 23.8846 0.614512
right index real0:(228.341,246.856), cal0:(226.919,219.387)
right index real1:(-2.87705,259.981), cal1:(-0.670949,280.393)

1.12133 0.577912 2.1214 0.462202
left thumb real0:(645.603,519.234), cal0:(649.5,412.418)
left thumb real1:(542.828,290.213), cal1:(559.016,417.037)

-1.9942 -0.264302 12.3 0.66428
right thumb real0:(235.665,260.927), cal0:(234.546,235.783)
right thumb real1:(22.7018,280.541), cal1:(24.4023,296.938)

0.354995 1.19672 1.75092 0.0144761
left hip real0:(453.619,660.333), cal0:(453.751,659.459)
left hip real1:(452.495,689.318), cal1:(453.951,698.203)

-0.129603 1.28125 1.94187 0.0188103
right hip real0:(291.147,649.735), cal0:(291.852,645.228)
right hip real1:(263.61,679.186), cal1:(273.696,740.143)

0.343499 2.20338 1.98288 0.00129544
left knee real0:(435.543,918.283), cal0:(436.02,916.515)
left knee real1:(437.994,993.031), cal1:(438.965,997.796)

-0.137647 2.3648 2.12774 0.00104697
right knee real0:(290.951,924.03), cal0:(293.084,916.641)
right knee real1:(259.942,992.318), cal1:(278.614,1081)

0.29586 3.08005 2.06272 4.91887e-05
left ankle real0:(412.671,1160.52), cal0:(418.117,1146.09)
left ankle real1:(432.22,1272.38), cal1:(436.307,1289.19)

-0.154398 2.98804 2.004 1.75252e-05
right ankle real0:(281.663,1154.75), cal0:(285.662,1144.79)
right ankle real1:(267.21,1264.33), cal1:(299.137,1390.95)

0.286934 3.12354 2.03403 3.08345e-05
left heel real0:(408.363,1193), cal0:(416.696,1171.6)
left heel real1:(436.452,1308.77), cal1:(439.721,1321.98)

-0.171762 3.01126 1.97681 2.94944e-05
right heel real0:(272.273,1182.32), cal0:(279.749,1164.17)
right heel real1:(264.793,1299.14), cal1:(296.446,1422.66)

0.392 4.06172 2.50562 8.91364e-05
left foot index real0:(421.839,1232.88), cal0:(425.936,1222.92)
left foot index real1:(412.415,1354.73), cal1:(421.133,1388.78)

-0.0456699 3.70713 2.30676 5.22908e-05
right foot index real0:(311.603,1234.26), cal0:(320.054,1214.52)
right foot index real1:(289.923,1351.62), cal1:(319.492,1464.24)

