camera0:
0.722781 0.405089 0.999777 0.6445
0.732791 0.348083 0.999496 0.63525
0.742434 0.351562 0.99942 0.6365
0.751323 0.355012 0.999251 0.66825
0.693876 0.337817 0.999751 0.65725
0.676712 0.334837 0.999773 0.65875
0.659048 0.332524 0.999767 0.6575
0.737097 0.380731 0.99934 0.6445
0.607311 0.351406 0.999921 0.677
0.724645 0.468337 0.999769 0.6515
0.680543 0.460854 0.999926 0.655
0.800899 0.706445 0.998501 0.78975
0.41555 0.660184 0.999245 0
0.896837 1.01226 0.692234 -111
0.256787 0.979107 0.871958 0
0.957508 1.34792 0.614035 -111
0.278683 1.08394 0.659334 -111
0.996466 1.43853 0.524483 -111
0.273132 1.11393 0.619379 -111
0.960795 1.43653 0.549396 -111
0.306943 1.07804 0.653227 -111
0.93732 1.41031 0.570793 -111
0.313375 1.07585 0.656641 -111
0.705853 1.41701 0.0179266 -111
0.449694 1.40933 0.0217864 -111
0.678818 1.99455 0.00111978 -111
0.439439 2.00347 0.000896733 -111
0.651107 2.52799 4.96398e-05 -111
0.418309 2.52992 1.62824e-05 -111
0.641886 2.61364 2.73065e-05 -111
0.391054 2.61338 2.78623e-05 -111
0.667044 2.66734 0.000108824 -111
0.500361 2.67865 5.29463e-05 -111
camera1:
0.567104 0.323912 0.999842 0.5815
0.59449 0.255121 0.999729 0.59525
0.612557 0.256212 0.999756 0.593
0.631196 0.25803 0.999748 0.59025
0.550961 0.258179 0.999666 0.58775
0.538353 0.259962 0.999654 0.61125
0.526722 0.262932 0.999614 0.61625
0.673963 0.292093 0.999792 0.59625
0.51689 0.297051 0.999736 0.61925
0.610485 0.393649 0.999911 0.59425
0.544481 0.388726 0.999886 0.5955
0.829197 0.69972 0.999466 0.66525
0.387304 0.631559 0.999173 0.716
0.910309 1.15367 0.613481 -111
0.269214 0.97701 0.625385 0.70225
0.909494 1.51226 0.488244 -111
0.209407 1.35371 0.539014 -111
0.946148 1.62755 0.480326 -111
0.162979 1.44009 0.506657 -111
0.891896 1.6363 0.514324 -111
0.192976 1.44573 0.588964 -111
0.868597 1.5881 0.517285 -111
0.219435 1.41497 0.625571 -111
0.699668 1.46698 0.00413031 -111
0.404649 1.43936 0.00453376 -111
0.661654 2.1151 0.000704091 -111
0.396232 2.09843 0.00025774 -111
0.650977 2.69418 4.31076e-05 -111
0.389671 2.67727 4.45149e-06 -111
0.65605 2.78745 3.29595e-05 -111
0.379959 2.76728 1.12546e-05 -111
0.607301 2.86307 5.46597e-05 -111
0.421433 2.86334 2.45666e-05 -111
fused:
0.527587 -0.379236 2.48035 0.999842
nose real0:(462.58,194.443), cal0:(459.735,156.809)
nose real1:(362.947,155.478), cal1:(366.655,194.643)

0.490955 -0.448069 2.20997 0.999729
left eye (inner) real0:(468.986,167.08), cal0:(465.41,126.848)
left eye (inner) real1:(380.474,122.458), cal1:(384.327,164.845)

0.49143 -0.423388 2.11403 0.999756
left eye real0:(475.157,168.75), cal0:(471.602,128.335)
left eye real1:(392.036,122.982), cal1:(395.932,165.715)

0.487609 -0.397867 2.0149 0.999748
left eye (outer) real0:(480.847,170.406), cal0:(477.334,130.025)
left eye (outer) real1:(403.966,123.854), cal1:(407.882,166.692)

0.418759 -0.478141 2.31416 0.999751
right eye (inner) real0:(444.081,162.152), cal0:(440.659,124.524)
right eye (inner) real1:(352.615,123.926), cal1:(356.149,163.052)

0.37212 -0.473448 2.2857 0.999773
right eye real0:(433.096,160.722), cal0:(429.754,124.212)
right eye real1:(344.546,124.782), cal1:(347.949,162.531)

0.323281 -0.463796 2.24251 0.999767
right eye (outer) real0:(421.791,159.612), cal0:(418.554,124.401)
right eye (outer) real1:(337.102,126.207), cal1:(340.362,162.401)

0.375116 -0.280758 1.64651 0.999792
left ear real0:(471.742,182.751), cal0:(468.817,146.219)
left ear real1:(431.337,140.205), cal1:(434.942,178.801)

0.173853 -0.355802 1.93187 0.999921
right ear real0:(388.679,168.675), cal0:(386.012,138.01)
right ear real1:(330.81,142.584), cal1:(333.639,173.52)

0.449782 -0.201746 2.08254 0.999911
mouth (left) real0:(463.773,224.802), cal0:(461.7,190.476)
mouth (left) real1:(390.711,188.951), cal1:(394.232,224.516)

0.39627 -0.24529 2.34852 0.999926
mouth (right) real0:(435.547,221.21), cal0:(433.316,185.927)
mouth (right) real1:(348.468,186.588), cal1:(351.999,222.547)

0.39362 0.17702 1.30902 0.999466
left shoulder real0:(512.575,339.094), cal0:(512.597,329.969)
left shoulder real1:(530.686,335.866), cal1:(531.799,345.346)

-0.184055 0.104519 1.66108 0.999245
right shoulder real0:(265.952,316.888), cal0:(265.381,286.512)
right shoulder real1:(247.875,303.148), cal1:(250.928,330.632)

0.564674 0.62677 1.41546 0.692234
left elbow real0:(573.975,485.887), cal0:(571.613,514.816)
left elbow real1:(582.598,553.763), cal1:(577.254,516.016)

-0.400447 0.458271 1.45152 0.871958
right elbow real0:(164.344,469.972), cal0:(166.209,438.439)
right elbow real1:(172.297,468.965), cal1:(179.009,518.836)

0.842915 1.31431 1.83459 0.614035
left wrist real0:(612.805,647.002), cal0:(607.973,679.246)
left wrist real1:(582.076,725.885), cal1:(573.766,675.006)

-0.496254 0.902294 1.92825 0.659334
right wrist real0:(178.357,520.291), cal0:(177.335,529.919)
right wrist real1:(134.02,649.779), cal1:(132.321,638.391)

0.905704 1.48528 1.82752 0.524483
left pinky real0:(637.738,690.493), cal0:(629.681,737.137)
left pinky real1:(605.535,781.223), cal1:(596.076,725.852)

-0.586642 1.11647 2.2146 0.619379
right pinky real0:(174.805,534.689), cal0:(172.807,551.679)
right pinky real1:(104.307,691.244), cal1:(101.278,671.44)

0.936526 1.65727 2.04607 0.549396
left index real0:(614.909,689.535), cal0:(606.929,735.483)
left index real1:(570.813,785.423), cal1:(562.011,733.992)

-0.537541 1.16086 2.32024 0.653227
right index real0:(196.444,517.457), cal0:(192.766,549.382)
right index real1:(123.505,693.952), cal1:(118.778,662.888)

0.900571 1.60299 2.06749 0.570793
left thumb real0:(599.885,676.95), cal0:(593.633,714.66)
left thumb real1:(555.902,762.288), cal1:(548.331,717.364)

-0.484271 1.06573 2.16119 0.656641
right thumb real0:(200.56,516.409), cal0:(197.331,545.056)
right thumb real1:(140.439,679.188), cal1:(136.636,654.069)

0.356448 1.2788 1.78521 0.0179266
left hip real0:(451.746,680.167), cal0:(451.901,679.202)
left hip real1:(447.787,704.153), cal1:(450.546,720.695)

-0.139517 1.36059 1.93122 0.0217864
right hip real0:(287.804,676.481), cal0:(288.547,672.106)
right hip real1:(258.975,690.891), cal1:(273.021,773.584)

0.381658 2.53018 2.17653 0.00111978
left knee real0:(434.444,957.382), cal0:(437.293,947.332)
left knee real1:(423.459,1015.25), cal1:(427.883,1036.44)

-0.158894 2.37997 2.04371 0.000896733
right knee real0:(281.241,961.665), cal0:(285.24,948.568)
right knee real1:(253.589,1007.25), cal1:(279.342,1126.17)

0.397641 3.76767 2.43371 4.96398e-05
left ankle real0:(416.708,1213.44), cal0:(430.106,1179.09)
left ankle real1:(416.626,1293.21), cal1:(425.368,1328.47)

-0.180989 3.06947 1.95036 1.62824e-05
right ankle real0:(267.718,1214.36), cal0:(276.198,1194.53)
right ankle real1:(249.389,1285.09), cal1:(297.439,1468.26)

0.402968 3.92464 2.46315 3.29595e-05
left heel real0:(410.807,1254.55), cal0:(430.232,1206.28)
left heel real1:(419.872,1337.97), cal1:(426.301,1363.42)

-0.206289 3.13289 1.9528 2.78623e-05
right heel real0:(250.274,1254.42), cal0:(268.485,1212.86)
right heel real1:(243.173,1328.29), cal1:(289.457,1501.96)

0.546569 5.32527 3.16566 0.000108824
left foot index real0:(426.908,1280.32), cal0:(435.673,1259.67)
left foot index real1:(388.673,1374.27), cal1:(404.834,1436.07)

0.0274607 4.96738 2.99182 5.29463e-05
right foot index real0:(320.231,1285.75), cal0:(337.462,1246.53)
right foot index real1:(269.717,1374.4), cal1:(304.037,1502.95)

