camera0:
0.734028 0.38906 0.999827 0.6645
0.737359 0.33183 0.999618 0.65125
0.745715 0.335831 0.999562 0.6765
0.753712 0.340006 0.999438 0.69
0.700466 0.323734 0.999806 0.66775
0.683611 0.322229 0.999823 0.67075
0.665501 0.320758 0.999818 0.671
0.73348 0.376248 0.999505 0.6645
0.611306 0.341108 0.999936 0.68075
0.735633 0.4531 0.999825 0.669
0.694152 0.445854 0.999942 0.66175
0.791878 0.707973 0.998856 0.792
0.400598 0.654809 0.999394 0
0.832852 1.02082 0.628255 -111
0.256518 0.987741 0.85214 0
0.886998 1.40015 0.529863 -111
0.362105 0.878372 0.673458 0
0.919979 1.49824 0.473891 -111
0.387772 0.831796 0.641729 0
0.885243 1.49077 0.513615 -111
0.399175 0.770564 0.674801 0
0.863467 1.45988 0.52807 -111
0.404676 0.79485 0.673568 0
0.6995 1.40982 0.0150575 -111
0.438098 1.40946 0.0176928 -111
0.676516 1.98919 0.000935841 -111
0.434116 2.00935 0.000756563 -111
0.655492 2.52554 5.23745e-05 -111
0.42254 2.53667 1.6034e-05 -111
0.644378 2.60928 2.89775e-05 -111
0.399614 2.61828 2.59512e-05 -111
0.680641 2.66787 0.000117872 -111
0.492274 2.67966 5.0602e-05 -111
camera1:
0.569189 0.317661 0.999871 0.59575
0.599666 0.251388 0.999778 0.608
0.619156 0.25477 0.999795 0.607
0.638553 0.258804 0.999794 0.6025
0.553164 0.251231 0.999731 0.6195
0.539803 0.253489 0.999718 0.62725
0.527626 0.256571 0.999691 0.6305
0.68207 0.300045 0.999825 0.6105
0.520588 0.295533 0.999779 0.631
0.608674 0.392537 0.999925 0.60025
0.54239 0.390105 0.999903 0.613
0.830568 0.750231 0.999426 0.65325
0.369015 0.632549 0.99929 0.719
0.890992 1.21693 0.549478 -111
0.227127 0.981204 0.541447 0.747
0.842684 1.55591 0.373325 -111
0.100094 0.821233 0.477288 0.60925
0.850392 1.67796 0.374136 -111
0.0717903 0.835294 0.459206 0.6
0.797404 1.66062 0.414249 -111
0.0886673 0.815424 0.535565 0.60075
0.787306 1.60871 0.417627 -111
0.122935 0.841091 0.562886 0.6315
0.671627 1.49487 0.00361986 -111
0.377794 1.47827 0.0041369 -111
0.628371 2.13064 0.000576908 -111
0.351327 2.10195 0.000215092 -111
0.589934 2.70802 3.66331e-05 -111
0.327949 2.67896 4.03197e-06 -111
0.592909 2.79623 2.79479e-05 -111
0.319502 2.76328 9.86503e-06 -111
0.534317 2.8849 4.64545e-05 -111
0.34836 2.8653 2.13551e-05 -111
fused:
0.580865 -0.41926 2.58378 0.999871
nose real0:(469.778,186.749), cal0:(467.007,151.177)
nose real1:(364.281,152.477), cal1:(367.778,189.675)

0.499747 -0.463798 2.19849 0.999778
left eye (inner) real0:(471.91,159.279), cal0:(468.51,121.912)
left eye (inner) real1:(383.786,120.666), cal1:(387.353,160.159)

0.491902 -0.431394 2.08137 0.999795
left eye real0:(477.257,161.199), cal0:(473.93,124.134)
left eye real1:(396.26,122.29), cal1:(399.822,161.591)

0.483533 -0.401076 1.97362 0.999794
left eye (outer) real0:(482.376,163.203), cal0:(479.134,126.566)
left eye (outer) real1:(408.674,124.226), cal1:(412.22,163.19)

0.442571 -0.506774 2.35323 0.999806
right eye (inner) real0:(448.298,155.392), cal0:(444.933,119.273)
right eye (inner) real1:(354.025,120.591), cal1:(357.405,158.275)

0.397639 -0.502459 2.33594 0.999823
right eye real0:(437.511,154.67), cal0:(434.214,119.425)
right eye real1:(345.474,121.674), cal1:(348.75,158.235)

0.346412 -0.491509 2.29268 0.999818
right eye (outer) real0:(425.921,153.964), cal0:(422.72,119.857)
right eye (outer) real1:(337.681,123.154), cal1:(340.828,158.32)

0.356663 -0.268159 1.58923 0.999825
left ear real0:(469.427,180.599), cal0:(466.774,147.29)
left ear real1:(436.525,144.022), cal1:(439.815,179.205)

0.182723 -0.365296 1.93371 0.999936
right ear real0:(391.236,163.732), cal0:(388.716,135.165)
right ear real1:(333.176,141.856), cal1:(335.807,170.738)

0.500023 -0.228157 2.19406 0.999925
mouth (left) real0:(470.805,217.488), cal0:(468.862,186.201)
mouth (left) real1:(389.551,188.418), cal1:(392.758,220.968)

0.46459 -0.279668 2.53138 0.999942
mouth (right) real0:(444.257,214.01), cal0:(442.208,182.3)
mouth (right) real1:(347.129,187.25), cal1:(350.305,219.719)

0.376153 0.201562 1.29254 0.999426
left shoulder real0:(506.802,339.827), cal0:(506.782,342.417)
left shoulder real1:(531.564,360.111), cal1:(531.245,357.434)

-0.211903 0.10089 1.67192 0.999394
right shoulder real0:(256.383,314.308), cal0:(255.806,284.963)
right shoulder real1:(236.169,303.624), cal1:(239.096,330.023)

0.431374 0.609045 1.31081 0.628255
left elbow real0:(533.025,489.995), cal0:(529.653,527.935)
left elbow real1:(570.235,584.126), cal1:(563.101,534.529)

-0.444174 0.524373 1.60808 0.85214
right elbow real0:(164.171,474.116), cal0:(166.009,444.67)
right elbow real1:(145.361,470.978), cal1:(153.363,529.996)

0.752395 1.44257 1.94644 0.529863
left wrist real0:(567.679,672.074), cal0:(564.173,694.108)
left wrist real1:(539.318,746.837), cal1:(532.171,703.87)

-0.827934 1.1131 5.02126 0.673458
right wrist real0:(231.747,421.619), cal0:(232.891,381.923)
right wrist real1:(64.0603,394.192), cal1:(72.4343,461.015)

0.912421 1.81995 2.18183 0.473891
left pinky real0:(588.787,719.154), cal0:(583.182,750.004)
left pinky real1:(544.251,805.419), cal1:(535.969,757.768)

-1.48734 2.17408 10.753 0.641729
right pinky real0:(248.174,399.262), cal0:(248.851,370.207)
right pinky real1:(45.9458,400.941), cal1:(52.064,449.27)

0.932149 1.99851 2.43589 0.513615
left index real0:(566.555,715.569), cal0:(561.844,741.772)
left index real1:(510.339,797.099), cal1:(503.705,758.793)

-1.33354 1.73078 10.5132 0.674801
right index real0:(255.472,369.871), cal0:(255.744,347.637)
right index real1:(56.747,391.404), cal1:(60.5362,421.794)

0.832347 1.8119 2.30324 0.52807
left thumb real0:(552.619,700.743), cal0:(549.052,721.477)
left thumb real1:(503.876,772.18), cal1:(498.506,740.698)

-0.863061 1.30789 7.1448 0.673568
right thumb real0:(258.993,381.528), cal0:(259.378,358.71)
right thumb real1:(78.6785,403.724), cal1:(82.1252,431.95)

0.377638 1.39473 1.95959 0.0150575
left hip real0:(447.68,676.714), cal0:(447.723,676.447)
left hip real1:(429.842,717.54), cal1:(430.539,721.731)

-0.17362 1.44653 2.05406 0.0176928
right hip real0:(280.382,676.543), cal0:(281.168,671.927)
right hip real1:(241.788,709.571), cal1:(253.462,778.227)

0.429782 2.90055 2.49794 0.000935841
left knee real0:(432.97,954.81), cal0:(435.312,946.55)
left knee real1:(402.158,1022.71), cal1:(405.927,1040.76)

-0.193974 2.7288 2.33614 0.000756563
right knee real0:(277.834,964.486), cal0:(282.065,950.696)
right knee real1:(224.849,1008.94), cal1:(252.465,1136.14)

0.540175 5.12373 3.29163 5.23745e-05
left ankle real0:(419.515,1212.26), cal0:(430.537,1184.19)
left ankle real1:(377.558,1299.85), cal1:(388.546,1344)

-0.215 3.80426 2.40482 1.6034e-05
right ankle real0:(270.425,1217.6), cal0:(278.237,1199.41)
right ankle real1:(209.888,1285.9), cal1:(261.858,1483.43)

0.544133 5.34204 3.34151 2.89775e-05
left heel real0:(412.402,1252.46), cal0:(429.777,1209.49)
left heel real1:(379.462,1342.19), cal1:(388.394,1377.44)

-0.238512 3.93414 2.44206 2.59512e-05
right heel real0:(255.753,1256.77), cal0:(273.272,1216.88)
right heel real1:(204.481,1326.37), cal1:(254.577,1514.08)

1.06561 9.88069 5.83483 0.000117872
left foot index real0:(435.611,1280.58), cal0:(441.665,1266.41)
left foot index real1:(341.963,1384.75), cal1:(359.971,1453.36)

-0.00289069 6.8367 4.10753 5.0602e-05
right foot index real0:(315.055,1286.24), cal0:(331.525,1249)
right foot index real1:(222.95,1375.34), cal1:(262.113,1521.41)

