camera0:
0.657939 0.364143 0.999549 0
0.673772 0.312558 0.998922 0.687
0.682063 0.315879 0.998779 0.685
0.690484 0.319771 0.998393 0.6815
0.641285 0.304949 0.999487 0.69175
0.624478 0.303455 0.999544 0.6895
0.606633 0.303401 0.999525 0.692
0.679345 0.349349 0.998581 0
0.552539 0.32471 0.999856 0.72725
0.659261 0.427101 0.99953 0
0.618387 0.418391 0.999867 0
0.749419 0.6507 0.997299 0.80025
0.395389 0.638464 0.998566 0.67125
0.946295 0.871673 0.656125 0.64575
0.265809 0.960899 0.809646 0
0.937939 0.851044 0.407904 0.64575
0.333497 1.22023 0.365681 -111
0.941626 0.847719 0.257207 0.64575
0.348364 1.30989 0.292279 -111
0.914202 0.817416 0.27397 0
0.379526 1.26559 0.346968 -111
0.902681 0.828892 0.311188 0.78825
0.376257 1.23464 0.356665 -111
0.676624 1.27232 0.00552079 -111
0.437136 1.27097 0.00623425 -111
0.667722 1.76231 0.000400095 -111
0.441478 1.77389 0.000322672 -111
0.645556 2.20257 1.13753e-05 -111
0.430634 2.19495 6.3726e-06 -111
0.636582 2.28278 1.50186e-05 -111
0.409326 2.26936 1.59289e-05 -111
0.654525 2.34049 5.4065e-05 -111
0.50005 2.34551 3.6716e-05 -111
camera1:
0.552417 0.306362 0.999769 0.62725
0.587418 0.246795 0.999594 0.637
0.60445 0.250365 0.999651 0.637
0.621491 0.25442 0.999638 0.63325
0.541491 0.24358 0.999462 0.651
0.528167 0.245382 0.999458 0.658
0.516126 0.248504 0.999372 0.66575
0.657801 0.288364 0.999736 0.63575
0.510276 0.283749 0.999592 0.665
0.585606 0.371674 0.99989 0.627
0.525344 0.372806 0.999844 0.642
0.79331 0.723393 0.999546 0.657
0.347196 0.618476 0.99934 0.72725
0.857847 1.16998 0.56484 -111
0.0875754 0.853747 0.757384 0.67075
0.81333 1.50999 0.0993298 -111
-0.160311 0.957894 0.403739 -111
0.828143 1.64722 0.08662 -111
-0.241218 0.987146 0.307247 -111
0.765375 1.63417 0.141405 -111
-0.216297 0.985103 0.43181 -111
0.755108 1.57473 0.15475 -111
-0.183256 0.985528 0.505229 -111
0.63611 1.49098 0.00167169 -111
0.332612 1.44182 0.00209864 -111
0.58371 2.13054 0.000325884 -111
0.303143 2.083 0.000109629 -111
0.564821 2.70021 2.26579e-05 -111
0.28422 2.65087 3.16612e-06 -111
0.57121 2.79639 2.24543e-05 -111
0.272003 2.73776 7.50686e-06 -111
0.503597 2.86469 1.92568e-05 -111
0.304362 2.83902 7.32288e-06 -111
fused:
0.29149 -0.355052 2.02425 0.999769
nose real0:(421.081,174.789), cal0:(418.458,143.284)
nose real1:(353.547,147.054), cal1:(356.531,179.32)

0.293447 -0.401688 1.83376 0.999594
left eye (inner) real0:(431.214,150.028), cal0:(428.085,117.05)
left eye (inner) real1:(375.948,118.462), cal1:(379.001,152.686)

0.299064 -0.381864 1.76984 0.999651
left eye real0:(436.52,151.622), cal0:(433.464,119.027)
left eye real1:(386.848,120.175), cal1:(389.885,154.1)

0.30456 -0.362663 1.7103 0.999638
left eye (outer) real0:(441.91,153.49), cal0:(438.928,121.26)
left eye (outer) real1:(397.754,122.122), cal1:(400.777,155.749)

0.245272 -0.438932 1.95653 0.999487
right eye (inner) real0:(410.422,146.376), cal0:(407.26,113.871)
right eye (inner) real1:(346.554,116.918), cal1:(349.509,150.292)

0.208896 -0.43536 1.94204 0.999544
right eye real0:(399.666,145.659), cal0:(396.569,113.97)
right eye real1:(338.027,117.783), cal1:(340.887,150.133)

0.169441 -0.425622 1.91049 0.999525
right eye (outer) real0:(388.245,145.633), cal0:(385.23,114.808)
right eye (outer) real1:(330.321,119.282), cal1:(333.085,150.558)

0.247149 -0.272461 1.48017 0.999736
left ear real0:(434.781,167.688), cal0:(432.26,138.071)
left ear real1:(420.993,138.415), cal1:(423.823,169.192)

0.0526847 -0.32605 1.64462 0.999856
right ear real0:(353.625,155.861), cal0:(351.193,129.55)
right ear real1:(326.577,136.199), cal1:(328.931,162.381)

0.265824 -0.2219 1.81598 0.99989
mouth (left) real0:(421.927,205.008), cal0:(419.888,175.261)
mouth (left) real1:(374.788,178.404), cal1:(377.718,208.709)

0.204132 -0.252508 1.98452 0.999867
mouth (right) real0:(395.768,200.828), cal0:(393.744,172.228)
mouth (right) real1:(336.22,178.947), cal1:(338.976,207.643)

0.319235 0.15491 1.29852 0.999546
left shoulder real0:(479.628,312.336), cal0:(479.643,320.393)
left shoulder real1:(507.719,347.229), cal1:(506.764,339.007)

-0.232236 0.0835268 1.75313 0.99934
right shoulder real0:(253.049,306.463), cal0:(252.365,277.331)
right shoulder real1:(222.206,296.869), cal1:(225.073,322.996)

0.895466 0.751659 1.9922 0.656125
left elbow real0:(605.629,418.403), cal0:(601.982,475.449)
left elbow real1:(549.022,561.59), cal1:(538.091,481.25)

-0.701715 0.626279 2.64446 0.809646
right elbow real0:(170.117,461.232), cal0:(172.534,391.026)
right elbow real1:(56.0482,409.799), cal1:(64.3663,475.287)

1.33774 0.878898 3.00267 0.407904
left wrist real0:(600.281,408.501), cal0:(599.598,424.609)
left wrist real1:(520.531,724.794), cal1:(483.663,439.996)

-9464.58 12311.7 38498.9 0.403739
right wrist real0:(213.438,585.71), cal0:(184.256,440.888)
right wrist real1:(-102.599,459.789), cal1:(-68.0635,553.826)

1.34542 0.972441 3.00616 0.257207
left pinky real0:(602.641,406.905), cal0:(600.822,443.105)
left pinky real1:(530.011,790.664), cal1:(486.06,457.305)

-12966.6 16743.5 46665.7 0.307247
right pinky real0:(222.953,628.745), cal0:(165.019,464.329)
right pinky real1:(-154.38,473.83), cal1:(-95.2338,588.952)

1.60924 1.42921 3.89241 0.27397
left index real0:(585.089,392.36), cal0:(580.322,469.366)
left index real1:(489.84,784.403), cal1:(449.787,488.67)

-12595.4 14815.3 46474.3 0.43181
right index real0:(242.897,607.485), cal0:(169.13,440.282)
right index real1:(-138.43,472.849), cal1:(-89.7749,557.134)

1.5134 1.34508 3.75951 0.311188
left thumb real0:(577.716,397.868), cal0:(573.787,463.718)
left thumb real1:(483.269,755.869), cal1:(446.631,483.959)

-11089.2 12501.4 42271.8 0.505229
right thumb real0:(240.804,592.627), cal0:(174.349,426.432)
right thumb real1:(-117.284,473.053), cal1:(-82.5598,538.264)

0.354319 1.29603 2.12046 0.00552079
left hip real0:(433.04,610.712), cal0:(432.333,616.022)
left hip real1:(407.111,715.669), cal1:(398.777,662.886)

-0.217203 1.50334 2.51419 0.00623425
right hip real0:(279.767,610.066), cal0:(280.048,608.051)
right hip real1:(212.872,692.075), cal1:(215.216,706.74)

0.416083 3.05779 2.90167 0.000400095
left knee real0:(427.342,845.91), cal0:(418.094,882.019)
left knee real1:(373.574,1022.66), cal1:(364.534,977.257)

-0.27371 3.36265 3.36404 0.000322672
right knee real0:(282.546,851.465), cal0:(283.068,849.435)
right knee real1:(194.012,999.84), cal1:(196.694,1013.29)

0.278568 4.11112 2.84294 2.26579e-05
left ankle real0:(413.156,1057.23), cal0:(390.814,1117.77)
left ankle real1:(361.486,1296.1), cal1:(358.686,1284.43)

-0.358526 5.25799 3.95131 6.3726e-06
right ankle real0:(275.606,1053.58), cal0:(277.437,1048.42)
right ankle real1:(181.901,1272.42), cal1:(185.402,1287.32)

0.255853 4.13789 2.76641 2.24543e-05
left heel real0:(407.413,1095.73), cal0:(387.51,1147.63)
left heel real1:(365.574,1342.27), cal1:(361.266,1324.71)

-0.405002 5.04114 3.64065 1.59289e-05
right heel real0:(261.969,1089.29), cal0:(265.116,1080.87)
right heel real1:(174.082,1314.12), cal1:(180.506,1340.7)

1.04956 11.2285 7.61711 5.4065e-05
left foot index real0:(418.896,1123.44), cal0:(414.727,1134.62)
left foot index real1:(322.302,1375.05), cal1:(306.009,1307.54)

-0.146595 10.9281 7.49098 3.6716e-05
right foot index real0:(320.032,1125.84), cal0:(320.191,1125.43)
right foot index real1:(194.792,1362.73), cal1:(196.622,1370.17)

