camera0:
0.724882 0.393267 0.999756 0.647
0.736867 0.337041 0.999445 0.638
0.746722 0.340883 0.999362 0.65175
0.755806 0.344881 0.999173 0.67375
0.697658 0.327071 0.999727 0.66
0.680915 0.323875 0.999753 0.6615
0.663507 0.321701 0.999746 0.65775
0.742571 0.37263 0.999272 0.6385
0.611931 0.343329 0.999915 0.67075
0.727805 0.454761 0.999745 0.6505
0.684852 0.449461 0.999919 0.652
0.801319 0.695274 0.998357 0.80075
0.415478 0.627994 0.999183 0
0.923624 1.00646 0.701736 -111
0.269498 0.956552 0.88138 0
0.963139 0.865114 0.648737 0
0.305284 1.03096 0.662998 -111
0.998594 0.807918 0.549335 0.577
0.306278 1.04995 0.620736 -111
0.970818 0.746982 0.567998 2.2205
0.335288 1.01115 0.651923 -111
0.95354 0.776427 0.591859 2.2535
0.341831 1.01156 0.657529 -111
0.710128 1.38732 0.0191019 -111
0.452898 1.38494 0.0234695 -111
0.685954 1.95674 0.0011934 -111
0.450565 1.97411 0.000960891 -111
0.662121 2.48302 4.99563e-05 -111
0.435441 2.48349 1.65107e-05 -111
0.653376 2.56388 2.7141e-05 -111
0.407743 2.56022 2.88514e-05 -111
0.682 2.62855 0.00010674 -111
0.520588 2.63304 5.32544e-05 -111
camera1:
0.566806 0.325892 0.999847 0.5835
0.59405 0.257133 0.999742 0.59525
0.612026 0.257837 0.99977 0.59225
0.630066 0.259213 0.999758 0.58975
0.550924 0.258633 0.999677 0.584
0.538559 0.259877 0.999669 0.611
0.527168 0.261821 0.999625 0.6145
0.670568 0.292107 0.999805 0.598
0.516833 0.290194 0.999756 0.61725
0.604761 0.393759 0.999915 0.59325
0.542692 0.387269 0.999893 0.592
0.796494 0.668302 0.99947 0.66525
0.384698 0.604027 0.999134 0.72875
0.85211 1.02233 0.636518 -111
0.254227 0.951111 0.671936 0.76625
0.831517 0.977913 0.536266 0
0.195757 1.24174 0.591194 -111
0.834362 0.952334 0.52596 0
0.1526 1.32244 0.55232 -111
0.828261 0.894056 0.558634 0
0.184614 1.28916 0.638387 -111
0.805312 0.906928 0.561718 0
0.212531 1.26226 0.677749 -111
0.675383 1.42528 0.00443352 -111
0.388554 1.39146 0.00484302 -111
0.638396 2.06032 0.000768348 -111
0.378749 2.03665 0.000280769 -111
0.622715 2.64008 4.55379e-05 -111
0.375485 2.60519 4.62973e-06 -111
0.624756 2.72218 3.46672e-05 -111
0.368012 2.68354 1.17627e-05 -111
0.58099 2.80537 5.71704e-05 -111
0.411621 2.78618 2.60888e-05 -111
fused:
0.541442 -0.395155 2.51508 0.999847
nose real0:(463.924,188.768), cal0:(461.279,154.273)
nose real1:(362.756,156.428), cal1:(366.148,192.37)

0.512054 -0.466719 2.25711 0.999742
left eye (inner) real0:(471.595,161.78), cal0:(468.239,124.427)
left eye (inner) real1:(380.192,123.424), cal1:(383.764,162.841)

0.512482 -0.441158 2.15908 0.99977
left eye real0:(477.902,163.624), cal0:(474.546,125.899)
left eye real1:(391.697,123.762), cal1:(395.328,163.716)

0.509436 -0.415489 2.06192 0.999758
left eye (outer) real0:(483.716,165.543), cal0:(480.378,127.595)
left eye (outer) real1:(403.242,124.422), cal1:(406.918,164.744)

0.436773 -0.497483 2.35715 0.999727
right eye (inner) real0:(446.501,156.994), cal0:(443.268,121.857)
right eye (inner) real1:(352.591,124.144), cal1:(355.886,160.742)

0.390285 -0.493396 2.3289 0.999753
right eye real0:(435.786,155.46), cal0:(432.626,121.373)
right eye real1:(344.678,124.741), cal1:(347.85,160.052)

0.340586 -0.483732 2.28318 0.999746
right eye (outer) real0:(424.644,154.417), cal0:(421.565,121.367)
right eye (outer) real1:(337.388,125.674), cal1:(340.441,159.716)

0.396359 -0.295438 1.69513 0.999805
left ear real0:(475.245,178.862), cal0:(472.42,143.954)
left ear real1:(429.164,140.211), cal1:(432.605,177.153)

0.186138 -0.373477 1.96227 0.999915
right ear real0:(391.636,164.798), cal0:(388.935,134.312)
right ear real1:(330.773,139.293), cal1:(333.578,170.117)

0.475488 -0.222727 2.16566 0.999915
mouth (left) real0:(465.795,218.285), cal0:(463.851,186.889)
mouth (left) real1:(387.047,189.004), cal1:(390.258,221.576)

0.419284 -0.265552 2.41693 0.999919
mouth (right) real0:(438.305,215.741), cal0:(436.167,182.666)
mouth (right) real1:(347.323,185.889), cal1:(350.626,219.663)

0.431632 0.16644 1.43379 0.99947
left shoulder real0:(512.844,333.732), cal0:(512.803,318.462)
left shoulder real1:(509.756,320.785), cal1:(511.595,336.65)

-0.185299 0.0671839 1.66724 0.999183
right shoulder real0:(265.906,301.437), cal0:(265.178,272.915)
right shoulder real1:(246.207,289.933), cal1:(249.033,315.832)

0.779767 0.708415 1.80802 0.701736
left elbow real0:(591.119,483.099), cal0:(591.046,484.174)
left elbow real1:(545.35,490.717), cal1:(545.164,489.361)

-0.410752 0.460472 1.56463 0.88138
right elbow real0:(172.479,459.145), cal0:(174.233,425.568)
right elbow real1:(162.705,456.533), cal1:(168.975,503.864)

1.06068 0.689575 2.24656 0.648737
left wrist real0:(616.409,415.255), cal0:(615.59,433.168)
left wrist real1:(532.171,469.398), cal1:(528.546,441.614)

-0.509534 0.921832 2.23977 0.662998
right wrist real0:(195.382,494.862), cal0:(195.278,496.047)
right wrist real1:(125.285,596.034), cal1:(125.112,594.833)

1.29008 0.704006 2.53207 0.549335
left pinky real0:(639.1,387.801), cal0:(638.036,415.793)
left pinky real1:(533.992,457.121), cal1:(529.787,424.295)

-0.616554 1.19946 2.70276 0.620736
right pinky real0:(196.018,503.977), cal0:(194.901,515.41)
right pinky real1:(97.6643,634.77), cal1:(95.975,623.246)

1.09724 0.523815 2.28369 0.567998
left index real0:(621.323,358.551), cal0:(620.595,386.546)
left index real1:(530.087,429.147), cal1:(526.217,398.053)

-0.544233 1.16483 2.74728 0.651923
right index real0:(214.584,485.352), cal0:(212.937,503.512)
right index real1:(118.153,618.795), cal1:(115.936,603.437)

1.11569 0.589455 2.41417 0.591859
left thumb real0:(610.266,372.685), cal0:(609.586,395.436)
left thumb real1:(515.399,435.325), cal1:(512.02,408.428)

-0.478304 1.04786 2.51171 0.677749
right thumb real0:(218.772,485.547), cal0:(217.545,499.422)
right thumb real1:(136.02,605.883), cal1:(134.489,595.228)

0.400041 1.35503 1.95809 0.0191019
left hip real0:(454.482,665.915), cal0:(454.685,664.59)
left hip real1:(432.245,684.135), cal1:(435.943,706.611)

-0.140541 1.3987 2.04373 0.0234695
right hip real0:(289.855,664.773), cal0:(290.635,660.004)
right hip real1:(248.674,667.902), cal1:(264.117,759.905)

0.450217 2.76598 2.45034 0.0011934
left knee real0:(439.01,939.237), cal0:(442.33,927.099)
left knee real1:(408.573,988.955), cal1:(413.618,1013.53)

-0.147387 2.56479 2.25188 0.000960891
right knee real0:(288.362,947.57), cal0:(292.628,933.194)
right knee real1:(242.399,977.591), cal1:(269.576,1104.91)

0.510001 4.39976 2.9129 4.99563e-05
left ankle real0:(423.758,1191.85), cal0:(437.132,1156.45)
left ankle real1:(398.538,1267.24), cal1:(406.634,1300.48)

-0.163084 3.35628 2.18531 1.65107e-05
right ankle real0:(278.682,1192.08), cal0:(287.115,1171.72)
right ankle real1:(240.311,1250.49), cal1:(286.867,1431.56)

0.529269 4.65479 3.00368 3.46672e-05
left heel real0:(418.16,1230.66), cal0:(437.807,1180.04)
left heel real1:(399.844,1306.65), cal1:(405.797,1330.67)

-0.191389 3.36303 2.15319 2.88514e-05
right heel real0:(260.955,1228.9), cal0:(278.548,1187.37)
right heel real1:(235.528,1288.1), cal1:(280.577,1460.85)

0.780163 6.77805 4.11483 0.00010674
left foot index real0:(436.48,1261.7), cal0:(445.852,1238.66)
left foot index real1:(371.834,1346.58), cal1:(387.465,1407.27)

0.113531 5.82367 3.5961 5.32544e-05
right foot index real0:(333.176,1263.86), cal0:(350.915,1221.96)
right foot index real1:(263.437,1337.36), cal1:(296.064,1462.31)

