camera0:
0.733427 0.412395 0.99981 0.65475
0.736503 0.35217 0.999579 0.64
0.744548 0.356186 0.999517 0.641
0.7522 0.360054 0.999379 0.6765
0.699739 0.340699 0.999788 0.6605
0.682594 0.337446 0.999806 0.66325
0.664486 0.334766 0.999801 0.663
0.73288 0.389492 0.999453 0.65725
0.61125 0.351915 0.999931 0.67725
0.729403 0.476387 0.999807 0.66325
0.690556 0.469133 0.999937 0.66
0.797938 0.707474 0.998746 0.79475
0.400564 0.658939 0.999363 0.6705
0.826918 1.01851 0.651831 -111
0.254499 0.988627 0.863151 0.511
0.87696 1.39735 0.552306 -111
0.326665 1.17748 0.65886 -111
0.907791 1.4954 0.48419 -111
0.325729 1.24069 0.626035 -111
0.871672 1.49297 0.517474 -111
0.361316 1.20584 0.659478 -111
0.850764 1.45997 0.534901 -111
0.362708 1.18664 0.659928 -111
0.687946 1.40727 0.0162437 -111
0.43234 1.39726 0.0192453 -111
0.656202 1.98208 0.000993678 -111
0.419213 1.99214 0.000803754 -111
0.626756 2.51983 5.16316e-05 -111
0.396104 2.52064 1.66097e-05 -111
0.612913 2.6033 2.8804e-05 -111
0.368884 2.60149 2.72881e-05 -111
0.649787 2.66161 0.000117212 -111
0.473808 2.66819 5.24496e-05 -111
camera1:
0.554847 0.316948 0.999859 0.58275
0.584131 0.248258 0.999757 0.60425
0.602731 0.250652 0.999776 0.60375
0.62308 0.253939 0.999775 0.59775
0.541846 0.249692 0.999706 0.6145
0.530561 0.252004 0.999691 0.62
0.5201 0.255085 0.999663 0.6275
0.675547 0.293367 0.999808 0.6035
0.520544 0.291998 0.99976 0.624
0.597208 0.390873 0.999918 0.59425
0.533016 0.388545 0.999896 0.6135
0.833477 0.744001 0.9994 0.6565
0.381439 0.631138 0.999255 0.71675
0.893134 1.21996 0.565176 -111
0.275141 1.00565 0.549899 -111
0.843923 1.57163 0.40188 -111
0.20805 1.31048 0.450732 -111
0.854302 1.69158 0.398405 -111
0.167694 1.38253 0.430405 -111
0.805754 1.68752 0.432501 -111
0.188462 1.37365 0.507353 -111
0.795243 1.63211 0.435494 -111
0.213049 1.34651 0.537957 -111
0.693172 1.4843 0.00368796 -111
0.409827 1.47381 0.00415993 -111
0.642163 2.12627 0.000600133 -111
0.380513 2.10271 0.000221314 -111
0.608847 2.70852 3.85833e-05 -111
0.352485 2.68121 4.19421e-06 -111
0.612627 2.7978 2.97603e-05 -111
0.344502 2.76944 1.05634e-05 -111
0.543693 2.88679 5.00975e-05 -111
0.365269 2.86837 2.28652e-05 -111
fused:
0.621568 -0.426919 2.7803 0.999859
nose real0:(469.394,197.949), cal0:(466.256,156.415)
nose real1:(355.102,152.135), cal1:(359.205,195.443)

0.530283 -0.480304 2.35004 0.999757
left eye (inner) real0:(471.362,169.041), cal0:(467.509,125.867)
left eye (inner) real1:(373.844,119.164), cal1:(377.976,164.669)

0.520931 -0.447056 2.2233 0.999776
left eye real0:(476.511,170.969), cal0:(472.71,127.852)
left eye real1:(385.748,120.313), cal1:(389.902,165.9)

0.506926 -0.412432 2.08959 0.999775
left eye (outer) real0:(481.408,172.826), cal0:(477.691,130.078)
left eye (outer) real1:(398.771,121.891), cal1:(402.917,167.225)

0.461814 -0.518064 2.47365 0.999788
right eye (inner) real0:(447.833,163.535), cal0:(444.107,122.831)
right eye (inner) real1:(346.781,119.852), cal1:(350.602,162.227)

0.408931 -0.508876 2.42551 0.999806
right eye real0:(436.86,161.974), cal0:(433.235,122.609)
right eye real1:(339.559,120.962), cal1:(343.227,161.716)

0.352645 -0.494239 2.3588 0.999801
right eye (outer) real0:(425.271,160.688), cal0:(421.763,122.772)
right eye (outer) real1:(332.864,122.441), cal1:(336.372,161.464)

0.360914 -0.268597 1.61704 0.999808
left ear real0:(469.043,186.956), cal0:(466.035,148.871)
left ear real1:(432.35,140.816), cal1:(436.115,180.992)

0.181227 -0.358541 1.92837 0.999931
right ear real0:(391.2,168.919), cal0:(388.407,136.956)
right ear real1:(333.148,140.159), cal1:(336.098,172.458)

0.496515 -0.214706 2.24899 0.999918
mouth (left) real0:(466.818,228.666), cal0:(464.58,191.322)
mouth (left) real1:(382.213,187.619), cal1:(386.05,226.311)

0.46647 -0.265533 2.60323 0.999937
mouth (right) real0:(441.956,225.184), cal0:(439.598,187.395)
mouth (right) real1:(341.13,186.502), cal1:(344.928,225.069)

0.386014 0.199135 1.29756 0.9994
left shoulder real0:(510.68,339.587), cal0:(510.67,340.929)
left shoulder real1:(533.425,357.12), cal1:(533.26,355.73)

-0.204185 0.0998754 1.61048 0.999363
right shoulder real0:(256.361,316.291), cal0:(255.78,285.968)
right shoulder real1:(244.121,302.946), cal1:(247.152,330.246)

0.415286 0.597087 1.28703 0.651831
left elbow real0:(529.227,488.886), cal0:(525.796,527.509)
left elbow real1:(571.605,585.579), cal1:(564.228,534.284)

-0.396715 0.47602 1.42329 0.863151
right elbow real0:(162.879,474.541), cal0:(164.496,449.698)
right elbow real1:(176.09,482.712), cal1:(182.856,532.313)

0.704208 1.39991 1.87886 0.552306
left wrist real0:(561.254,670.728), cal0:(557.118,696.483)
left wrist real1:(540.111,754.382), cal1:(532.286,707.477)

-0.479594 1.18923 2.3806 0.65886
right wrist real0:(209.066,565.188), cal0:(210.918,548.921)
right wrist real1:(133.152,629.032), cal1:(137.376,656.869)

0.828301 1.72127 2.05135 0.48419
left pinky real0:(580.986,717.791), cal0:(574.527,752.979)
left pinky real1:(546.753,811.957), cal1:(538.065,762.146)

-0.573384 1.55228 2.84561 0.626035
right pinky real0:(208.466,595.532), cal0:(210.895,576.535)
right pinky real1:(107.324,663.612), cal1:(112.293,695.422)

0.814368 1.84851 2.22295 0.517474
left index real0:(557.87,716.628), cal0:(552.035,748.451)
left index real1:(515.683,810.009), cal1:(508.173,766.939)

-0.532448 1.70279 3.22644 0.659478
right index real0:(231.242,578.803), cal0:(232.806,565.873)
right index real1:(120.615,659.352), cal1:(123.325,676.93)

0.735263 1.68762 2.12304 0.534901
left thumb real0:(544.489,700.787), cal0:(540.008,726.427)
left thumb real1:(508.956,783.411), cal1:(502.688,746.864)

-0.468558 1.46605 2.86454 0.659928
right thumb real0:(232.133,569.589), cal0:(233.68,556.278)
right thumb real1:(136.351,646.327), cal1:(138.823,662.535)

0.313509 1.23281 1.73752 0.0162437
left hip real0:(440.286,675.492), cal0:(440.347,675.109)
left hip real1:(443.63,712.462), cal1:(444.75,719.187)

-0.164597 1.25975 1.80945 0.0192453
right hip real0:(276.697,670.684), cal0:(277.299,667.106)
right hip real1:(262.289,707.428), cal1:(272.855,769.818)

0.323687 2.48694 2.15217 0.000993678
left knee real0:(419.969,951.398), cal0:(422.303,943.167)
left knee real1:(410.984,1020.61), cal1:(414.879,1039.26)

-0.198061 2.29612 1.98423 0.000803754
right knee real0:(268.296,956.228), cal0:(271.981,944.151)
right knee real1:(243.528,1009.3), cal1:(269.197,1127.87)

0.34928 3.99062 2.57933 5.16316e-05
left ankle real0:(401.124,1209.52), cal0:(413.3,1178.51)
left ankle real1:(389.662,1300.09), cal1:(400.227,1342.52)

-0.233005 3.10654 1.97936 1.66097e-05
right ankle real0:(253.507,1209.9), cal0:(261.228,1191.92)
right ankle real1:(225.59,1286.98), cal1:(276.206,1479.39)

0.339029 4.08805 2.57427 2.97603e-05
left heel real0:(392.264,1249.59), cal0:(411.068,1203.09)
left heel real1:(392.082,1342.94), cal1:(400.444,1375.93)

-0.25702 3.15387 1.97487 2.72881e-05
right heel real0:(236.086,1248.71), cal0:(253.762,1208.47)
right heel real1:(220.481,1329.33), cal1:(268.838,1510.51)

0.621093 6.89664 4.0963 0.000117212
left foot index real0:(415.864,1277.57), cal0:(423.038,1260.53)
left foot index real1:(347.963,1385.66), cal1:(366.077,1454.57)

-0.0651016 5.45566 3.29929 5.24496e-05
right foot index real0:(303.237,1280.73), cal0:(320.094,1242.48)
right foot index real1:(233.772,1376.82), cal1:(271.246,1516.86)

