camera0:
0.539487 0.384113 0.999846 0.602
0.556537 0.349434 0.999735 0.60475
0.565638 0.349699 0.999707 0.60475
0.581954 0.35096 0.999702 0.60825
0.523864 0.348878 0.999771 0.62
0.515595 0.349005 0.999752 0.6715
0.499643 0.348286 0.999778 0.869
0.593414 0.377862 0.999751 0.83375
0.48604 0.364609 0.999851 0.88425
0.561983 0.431046 0.999866 0.60475
0.521531 0.426272 0.999886 0.604
0.708015 0.612164 0.999181 0.93175
0.399486 0.607809 0.998889 0.849
0.965189 0.717444 0.917958 0.73475
0.347397 0.737135 0.900544 0.75125
0.812117 0.423726 0.887014 0.77625
0.435481 0.418189 0.808431 2.772
0.765489 0.335327 0.82289 0.776
0.443456 0.33704 0.707413 0
0.747888 0.324499 0.826362 0.7855
0.462899 0.328069 0.716474 0.89025
0.742019 0.357424 0.832895 0.779
0.466648 0.360083 0.73658 0.9105
0.702748 1.22572 0.0594791 -111
0.479568 1.24057 0.048107 -111
0.712542 1.73665 0.00372226 -111
0.506863 1.74594 0.00200828 -111
0.719971 2.19453 0.00018196 -111
0.516041 2.19191 7.99147e-05 -111
0.730717 2.25775 0.000203983 -111
0.513111 2.25184 0.000139864 -111
0.69807 2.32932 0.000254529 -111
0.544712 2.34148 0.000217149 -111
camera1:
0.617828 0.351862 0.999442 0.787
0.637367 0.293286 0.999163 0.8005
0.653009 0.292742 0.999182 0.799
0.667613 0.292098 0.99924 0.79475
0.597372 0.295899 0.999075 0.818
0.585036 0.297269 0.998919 0.828
0.573128 0.298913 0.998941 0.8455
0.702418 0.30998 0.999407 0.79675
0.568511 0.31928 0.999103 0.845
0.652897 0.407322 0.999525 0.79425
0.602353 0.413931 0.99948 0.80625
0.817042 0.564986 0.997023 0.583
0.481815 0.598007 0.99824 0.86075
0.993878 0.736021 0.91026 0.51625
0.307892 0.849987 0.885563 0.651
0.811301 0.335401 0.857529 0.57225
0.379455 0.468178 0.880231 0.63025
0.771854 0.238806 0.831021 0.5785
0.383519 0.362513 0.861179 0.63075
0.760991 0.228646 0.839996 0.58425
0.414241 0.349356 0.871744 0.6485
0.765221 0.263487 0.838743 0.582
0.425679 0.396493 0.871536 2.0175
0.801387 1.28885 0.0391635 -111
0.532655 1.29011 0.057348 -111
0.798656 1.86056 0.00759246 -111
0.548873 1.86806 0.00453976 -111
0.811021 2.36033 0.000569218 -111
0.563664 2.37585 0.000302942 -111
0.820678 2.42617 0.00042907 -111
0.560538 2.43855 0.00049458 -111
0.783331 2.5297 0.000760606 -111
0.599995 2.56372 0.0010609 -111
fused:
0.0233366 -0.169565 1.19589 0.999846
nose real0:(345.272,184.374), cal0:(343.671,163.484)
nose real1:(395.41,168.894), cal1:(397.366,189.614)

0.0428227 -0.209043 1.17156 0.999735
left eye (inner) real0:(356.183,167.728), cal0:(353.907,141.462)
left eye (inner) real1:(407.915,140.777), cal1:(410.33,167.164)

0.0532548 -0.204995 1.15092 0.999707
left eye real0:(362.008,167.856), cal0:(359.746,141.653)
left eye real1:(417.926,140.516), cal1:(420.347,166.939)

0.0731676 -0.204433 1.15008 0.999702
left eye (outer) real0:(372.45,168.461), cal0:(370.168,141.868)
left eye (outer) real1:(427.272,140.207), cal1:(429.748,167.178)

0.00211171 -0.214182 1.20113 0.999771
right eye (inner) real0:(335.273,167.462), cal0:(333.004,141.531)
right eye (inner) real1:(382.318,142.032), cal1:(384.666,167.753)

-0.00855064 -0.216261 1.21494 0.999752
right eye real0:(329.981,167.522), cal0:(327.72,141.721)
right eye real1:(374.423,142.689), cal1:(376.751,168.2)

-0.0289096 -0.214287 1.20673 0.999778
right eye (outer) real0:(319.771,167.177), cal0:(317.556,141.976)
right eye (outer) real1:(366.802,143.478), cal1:(369.061,168.254)

0.082667 -0.17252 1.08902 0.999751
left ear real0:(379.785,181.374), cal0:(377.552,153.49)
left ear real1:(449.547,148.79), cal1:(452.196,177.154)

-0.0452955 -0.193371 1.18762 0.999851
right ear real0:(311.065,175.012), cal0:(309.035,150.843)
right ear real1:(363.847,153.254), cal1:(366.024,176.849)

0.0514994 -0.116677 1.16568 0.999866
mouth (left) real0:(359.669,206.902), cal0:(358.49,188.542)
mouth (left) real1:(417.854,195.514), cal1:(419.642,213.774)

0.00151683 -0.121534 1.20568 0.999886
mouth (right) real0:(333.78,204.611), cal0:(332.704,188.117)
mouth (right) real1:(385.506,198.687), cal1:(387.082,214.832)

0.218703 0.0460591 1.08827 0.999181
left shoulder real0:(453.129,293.839), cal0:(452.68,274.133)
left shoulder real1:(522.907,271.193), cal1:(525.143,291.535)

-0.158273 0.045136 1.23739 0.998889
right shoulder real0:(255.671,291.748), cal0:(255.105,270.619)
right shoulder real1:(308.362,287.043), cal1:(310.459,306.327)

0.555397 0.192891 1.16773 0.917958
left elbow real0:(617.721,344.373), cal0:(617.685,347.971)
left elbow real1:(636.082,353.29), cal1:(635.601,349.265)

-0.317611 0.297545 1.74126 0.900544
right elbow real0:(222.334,353.825), cal0:(222.367,351.393)
right elbow real1:(197.051,407.994), cal1:(197.314,410.163)

0.402368 -0.166556 1.3018 0.887014
left wrist real0:(519.755,203.389), cal0:(517.635,171.805)
left wrist real1:(519.233,160.993), cal1:(522.794,197.669)

-0.160151 -0.165125 1.79112 0.880231
right wrist real0:(278.708,200.731), cal0:(278.231,193.292)
right wrist real1:(242.851,224.725), cal1:(243.434,230.591)

0.330798 -0.266459 1.28487 0.831021
left pinky real0:(489.913,160.957), cal0:(486.619,124.063)
left pinky real1:(493.987,114.627), cal1:(497.536,153.722)

-0.146182 -0.297954 1.78108 0.861179
right pinky real0:(283.812,161.779), cal0:(282.64,148.159)
right pinky real1:(245.452,174.006), cal1:(246.26,182.73)

0.30317 -0.27505 1.27116 0.839996
left index real0:(478.648,155.76), cal0:(475.229,118.658)
left index real1:(487.034,109.75), cal1:(490.511,148.386)

-0.10553 -0.301118 1.71604 0.871744
right index real0:(296.255,157.473), cal0:(295.004,143.241)
right index real1:(265.114,167.691), cal1:(265.959,176.903)

0.291177 -0.23444 1.25006 0.838743
left thumb real0:(474.892,171.564), cal0:(471.884,135.986)
left thumb real1:(489.742,126.474), cal1:(493.201,164.014)

-0.0959177 -0.241389 1.69134 0.871536
right thumb real0:(298.655,172.84), cal0:(297.878,162.924)
right thumb real1:(272.435,190.316), cal1:(273.074,197.081)

0.248344 0.720707 1.26868 0.0594791
left hip real0:(449.759,588.347), cal0:(449.548,590.103)
left hip real1:(512.888,618.646), cal1:(512.302,614.837)

-0.0540552 0.790581 1.48462 0.057348
right hip real0:(306.923,595.473), cal0:(310.074,568.73)
right hip real1:(340.899,619.25), cal1:(343.381,635.472)

0.292651 1.4202 1.43912 0.00759246
left knee real0:(456.027,833.594), cal0:(454.116,841.78)
left knee real1:(511.14,893.07), cal1:(510.809,891.342)

0.00398737 1.58262 1.7304 0.00453976
right knee real0:(324.393,838.052), cal0:(333.332,798.358)
right knee real1:(351.279,896.667), cal1:(352.479,902.981)

0.338335 2.09771 1.57035 0.000569218
left ankle real0:(460.781,1053.38), cal0:(461.384,1051.51)
left ankle real1:(519.054,1132.96), cal1:(519.089,1133.11)

0.0527587 2.42029 1.949 0.000302942
right ankle real0:(330.266,1052.12), cal0:(348.21,995.006)
right ankle real1:(360.745,1140.41), cal1:(361.449,1143.35)

0.361988 2.20773 1.59336 0.00042907
left heel real0:(467.659,1083.72), cal0:(468.433,1081.41)
left heel real1:(525.234,1164.56), cal1:(525.332,1164.98)

0.0553369 2.55553 1.99481 0.00049458
right heel real0:(328.391,1080.88), cal0:(348.613,1018.62)
right heel real1:(358.744,1170.5), cal1:(359.635,1174.15)

0.326183 2.39647 1.6703 0.000760606
left foot index real0:(446.765,1118.07), cal0:(449.268,1110.97)
left foot index real1:(501.332,1214.25), cal1:(501.483,1214.87)

0.112504 2.71395 1.97774 0.0010609
right foot index real0:(348.616,1123.91), cal0:(366.123,1073.4)
right foot index real1:(383.997,1230.58), cal1:(384.402,1232.02)

