camera0:
0.561496 0.393109 0.9999 0.838
0.574626 0.341124 0.999833 0.845
0.586256 0.340205 0.999809 0.84
0.598385 0.339468 0.999828 0.848
0.534933 0.34394 0.999839 0.601
0.519938 0.34602 0.999809 0.59525
0.505211 0.348189 0.999842 0.5905
0.608369 0.362339 0.99986 0.8565
0.476593 0.382363 0.999885 0.587
0.581188 0.445992 0.99991 0.835
0.534289 0.452889 0.999911 0.84925
0.714165 0.615927 0.999403 0.91925
0.410622 0.656146 0.999206 0.54575
0.940226 0.71523 0.949795 0.7625
0.340232 0.923911 0.938329 0.54925
0.847917 0.3851 0.935352 0.75375
0.393297 0.482918 0.880314 0.567
0.852694 0.273346 0.873906 0.68975
0.425689 0.321834 0.785489 0.567
0.79824 0.28926 0.872976 0
0.413012 0.35255 0.788437 0.57275
0.781224 0.342581 0.878377 2.34775
0.423601 0.391461 0.806984 0.571
0.725912 1.27084 0.067535 -111
0.494913 1.29097 0.0647371 -111
0.733819 1.77777 0.00295005 -111
0.521218 1.79717 0.00160499 -111
0.741404 2.22487 0.000135705 -111
0.528461 2.23716 5.33964e-05 -111
0.749808 2.28874 0.000142636 -111
0.523229 2.29761 9.96947e-05 -111
0.720609 2.36636 0.000203472 -111
0.571271 2.39558 0.000161982 -111
camera1:
0.609792 0.343544 0.999719 0.781
0.635715 0.280562 0.999543 0.7875
0.654616 0.28139 0.999529 0.7865
0.678531 0.281001 0.999547 0.781
0.590498 0.281918 0.999529 0.812
0.578475 0.283712 0.999462 0.81875
0.568925 0.284941 0.99949 0.82525
0.716645 0.305673 0.999612 0.797
0.55296 0.313796 0.99957 2.185
0.648923 0.405571 0.999701 0.78175
0.594462 0.400152 0.999719 0.78975
0.827484 0.585351 0.995907 0.758
0.467255 0.599904 0.998819 0.86125
1.0054 0.704182 0.945996 -111
0.242538 0.808029 0.946614 0.68025
0.826451 0.268917 0.933865 0.58075
0.2956 0.425769 0.945644 0.665
0.792122 0.140688 0.911405 0.5655
0.285717 0.297534 0.928178 0.6375
0.771354 0.138675 0.913672 0.56275
0.329125 0.26343 0.932992 0.64675
0.769382 0.185267 0.911802 0.556
0.349457 0.33241 0.932489 0.66525
0.782754 1.32819 0.0325853 -111
0.517949 1.31556 0.0484019 -111
0.758222 1.89881 0.00707931 -111
0.512225 1.89582 0.00352265 -111
0.75185 2.40759 0.000523725 -111
0.504182 2.39814 0.000205755 -111
0.765075 2.4817 0.000329574 -111
0.502117 2.46616 0.000416293 -111
0.705062 2.56248 0.00054092 -111
0.521144 2.58139 0.000858722 -111
fused:
0.0541488 -0.182423 1.27853 0.9999
nose real0:(359.358,188.693), cal0:(357.392,162.947)
nose real1:(390.267,164.901), cal1:(392.692,190.572)

0.0677223 -0.228914 1.22013 0.999833
left eye (inner) real0:(367.761,163.74), cal0:(365.293,135.944)
left eye (inner) real1:(406.857,134.67), cal1:(409.411,162.759)

0.0812799 -0.223676 1.195 0.999809
left eye real0:(375.204,163.299), cal0:(372.81,136.206)
left eye real1:(418.954,135.067), cal1:(421.459,162.579)

0.0937741 -0.216308 1.15726 0.999828
left eye (outer) real0:(382.967,162.945), cal0:(380.629,136.365)
left eye (outer) real1:(434.26,134.881), cal1:(436.734,162.021)

0.0163176 -0.232952 1.24837 0.999839
right eye (inner) real0:(342.357,165.091), cal0:(339.801,136.55)
right eye (inner) real1:(377.918,135.321), cal1:(380.495,163.721)

-0.00361833 -0.230004 1.24289 0.999809
right eye real0:(332.761,166.09), cal0:(330.199,137.481)
right eye real1:(370.224,136.182), cal1:(372.792,164.491)

-0.022911 -0.225855 1.23025 0.999842
right eye (outer) real0:(323.335,167.131), cal0:(320.76,138.365)
right eye (outer) real1:(364.112,136.772), cal1:(366.681,165.085)

0.0999982 -0.180473 1.08542 0.99986
left ear real0:(389.356,173.923), cal0:(387.296,148.771)
left ear real1:(458.653,146.723), cal1:(461.045,172.478)

-0.0589046 -0.190613 1.20259 0.999885
right ear real0:(305.02,183.534), cal0:(302.522,153.44)
right ear real1:(353.895,150.622), cal1:(356.598,179.831)

0.0786757 -0.11709 1.22501 0.99991
mouth (left) real0:(371.96,214.076), cal0:(370.532,191.253)
mouth (left) real1:(415.311,194.674), cal1:(417.554,217.467)

0.0173718 -0.121609 1.25883 0.999911
mouth (right) real0:(341.945,217.387), cal0:(340.239,190.639)
mouth (right) real1:(380.456,192.073), cal1:(383.027,218.301)

0.224101 0.0566654 1.07869 0.999403
left shoulder real0:(457.066,295.645), cal0:(456.758,280.268)
left shoulder real1:(529.59,280.969), cal1:(531.354,296.9)

-0.152693 0.0706884 1.31274 0.999206
right shoulder real0:(262.798,314.95), cal0:(262.069,281.059)
right shoulder real1:(299.043,287.954), cal1:(302.451,318.847)

0.483177 0.163906 1.07582 0.949795
left elbow real0:(601.745,343.31), cal0:(601.765,340.26)
left elbow real1:(643.458,338.007), cal1:(643.857,341.378)

-0.386785 0.43949 2.06632 0.946614
right elbow real0:(217.748,443.477), cal0:(219.494,376.522)
right elbow real1:(155.225,387.854), cal1:(162.219,443.866)

0.457994 -0.229167 1.32546 0.935352
left wrist real0:(542.667,184.848), cal0:(539.533,144.789)
left wrist real1:(528.929,129.08), cal1:(533.097,173.463)

-0.274583 -0.181553 1.99527 0.945644
right wrist real0:(251.71,231.801), cal0:(249.273,194.012)
right wrist real1:(189.184,204.369), cal1:(192.137,234.359)

0.500383 -0.400928 1.44157 0.911405
left pinky real0:(545.724,131.206), cal0:(540.479,81.5513)
left pinky real1:(506.958,67.5302), cal1:(511.362,118.622)

-0.243032 -0.481465 2.34253 0.928178
right pinky real0:(272.441,154.481), cal0:(269.62,125.175)
right pinky real1:(182.859,142.816), cal1:(184.742,162.665)

0.388997 -0.36596 1.34845 0.913672
left index real0:(510.873,138.845), cal0:(505.254,85.5942)
left index real1:(493.667,66.5641), cal1:(498.278,120.04)

-0.222039 -0.385337 1.84855 0.932992
right index real0:(264.328,169.224), cal0:(259.787,123.419)
right index real1:(210.64,126.446), cal1:(213.359,157.246)

0.357829 -0.301629 1.31883 0.911802
left thumb real0:(499.983,164.439), cal0:(494.949,111.246)
left thumb real1:(492.404,88.9281), cal1:(497.2,142.639)

-0.194627 -0.298104 1.82606 0.932489
right thumb real0:(271.105,187.901), cal0:(267.917,150.586)
right thumb real1:(223.652,159.557), cal1:(226.072,185.809)

0.313341 0.854317 1.41972 0.067535
left hip real0:(464.584,610.003), cal0:(464.54,610.339)
left hip real1:(500.962,637.533), cal1:(500.75,636.17)

-0.0326503 0.932369 1.61156 0.0647371
right hip real0:(316.744,619.664), cal0:(319.776,596.398)
right hip real1:(331.488,631.469), cal1:(337.1,667.203)

0.398176 1.77487 1.75108 0.00707931
left knee real0:(469.644,853.33), cal0:(468.555,857.848)
left knee real1:(485.262,911.427), cal1:(485.13,910.708)

0.0473041 1.96864 2.10642 0.00352265
right knee real0:(333.579,862.644), cal0:(345.439,810.373)
right knee real1:(327.824,909.995), cal1:(329.546,918.666)

0.492821 2.82756 2.0759 0.000523725
left ankle real0:(474.499,1067.94), cal0:(474.57,1067.29)
left ankle real1:(481.184,1155.64), cal1:(481.202,1155.45)

0.12745 3.36346 2.68903 0.000205755
right ankle real0:(338.215,1073.84), cal0:(360.422,1000.42)
right ankle real1:(322.676,1151.11), cal1:(323.791,1153.64)

0.506647 2.92315 2.06436 0.000329574
left heel real0:(479.877,1098.59), cal0:(479.391,1099.7)
left heel real1:(489.648,1191.22), cal1:(489.612,1190.83)

0.124381 3.52619 2.73127 0.000416293
right heel real0:(334.867,1102.85), cal0:(359.307,1024.6)
right heel real1:(321.355,1183.76), cal1:(322.433,1185.73)

0.555469 3.60749 2.48717 0.00054092
left foot index real0:(461.19,1135.85), cal0:(466.119,1120.39)
left foot index real1:(451.24,1229.99), cal1:(451.701,1230.81)

0.309123 4.54978 3.30384 0.000858722
right foot index real0:(365.613,1149.88), cal0:(388.158,1076.33)
right foot index real1:(333.532,1239.07), cal1:(334.702,1237.35)

