camera0:
0.814981 0.174607 0.999063 0
0.81914 0.113415 0.998311 0
0.844449 0.116844 0.998104 0
0.853182 0.121535 0.997751 0
0.770203 0.104518 0.998918 0
0.753125 0.102929 0.999075 0
0.722148 0.114687 0.999095 0
0.814921 0.148339 0.998138 0
0.644336 0.136889 0.99956 0
0.816337 0.249457 0.999253 0
0.759861 0.250536 0.999672 0
0.865216 0.535401 0.995552 0.5665
0.406581 0.532018 0.998498 0
0.89175 0.955886 0.606145 0.56525
0.298762 0.957479 0.864421 0.491
0.923597 1.37125 0.523854 -111
0.315151 1.42195 0.688306 -111
0.958419 1.49236 0.44506 -111
0.292422 1.5447 0.649988 -111
0.915607 1.49318 0.469966 -111
0.337361 1.54861 0.674633 -111
0.895099 1.44668 0.479035 -111
0.353378 1.5008 0.672092 -111
0.776308 1.35818 0.0141718 -111
0.486558 1.36307 0.0147704 -111
0.77296 2.01412 0.00559569 -111
0.5079 2.03149 0.00526834 -111
0.755865 2.60105 0.000291484 -111
0.498301 2.60232 0.000278634 -111
0.74251 2.71264 0.000158284 -111
0.464946 2.70266 0.000524995 -111
0.792731 2.78357 0.000848964 -111
0.612114 2.76456 0.000791265 -111
camera1:
0.327303 0.148773 0.999832 0
0.349392 0.0364159 0.999689 0
0.375595 0.0403418 0.999696 0
0.412506 0.0496191 0.999732 0
0.265047 0.057646 0.999623 0
0.250338 0.0678437 0.999545 0
0.278671 0.063246 0.99951 0
0.481527 0.0891494 0.999784 0
0.264178 0.0885518 0.99956 0
0.370411 0.222658 0.99992 0
0.29588 0.240378 0.999869 0
0.719603 0.510271 0.999335 0
0.191013 0.526873 0.99927 0.5515
0.821102 0.991158 0.728639 0.4945
0.207804 0.966161 0.693732 0.53425
0.849745 1.4238 0.537588 -111
0.228376 1.43007 0.65047 -111
0.885045 1.55544 0.522427 -111
0.206025 1.56141 0.606828 -111
0.821146 1.54939 0.564915 -111
0.23176 1.55391 0.645382 -111
0.798847 1.49077 0.570088 -111
0.254533 1.49733 0.663799 -111
0.671564 1.41962 0.00760505 -111
0.327924 1.43275 0.0103405 -111
0.672753 2.14305 0.00178089 -111
0.382555 2.14044 0.000710532 -111
0.674898 2.78613 0.000127644 -111
0.390356 2.79511 1.26392e-05 -111
0.689865 2.89239 0.000137611 -111
0.390834 2.90942 6.89561e-05 -111
0.608409 3.00446 6.43474e-05 -111
0.412355 3.01731 6.70247e-05 -111
fused:
100728 -136582 413014 0.999832
nose real0:(521.588,83.8113), cal0:(478.466,49.9535)
nose real1:(209.474,71.411), cal1:(253.808,104.733)

93576.2 -144910 361209 0.999689
left eye (inner) real0:(524.25,54.4392), cal0:(487.584,7.59366)
left eye (inner) real1:(223.611,17.4796), cal1:(259.849,65.8169)

102047 -141202 354204 0.999696
left eye real0:(540.448,56.0852), cal0:(505.03,9.11559)
left eye real1:(240.381,19.3641), cal1:(275.997,68.2415)

97244.9 -121988 310525 0.999732
left eye (outer) real0:(546.036,58.3366), cal0:(520.085,12.6027)
left eye (outer) real1:(264.004,23.8172), cal1:(289.826,72.27)

77548.8 -165433 418171 0.999623
right eye (inner) real0:(492.93,50.1688), cal0:(443.358,10.9408)
right eye (inner) real1:(169.63,27.6701), cal1:(217.915,66.2694)

70638 -164754 420523 0.999545
right eye real0:(482,49.4059), cal0:(432.862,13.2402)
right eye real1:(160.216,32.565), cal1:(207.731,67.8126)

57942.4 -135302 348928 0.99951
right eye (outer) real0:(462.174,55.0499), cal0:(431.71,15.6556)
right eye (outer) real1:(178.349,30.3581), cal1:(206.723,70.0441)

3.77972 -4.46417 12.3148 0.999784
left ear real0:(521.549,71.2029), cal0:(516.338,30.8365)
left ear real1:(308.177,42.7917), cal1:(311.68,86.7565)

24887.6 -78432 213882 0.99956
right ear real0:(412.375,65.7067), cal0:(401.854,28.3118)
right ear real1:(169.074,42.5049), cal1:(177.316,80.5269)

99953.1 -100868 374736 0.99992
mouth (left) real0:(522.456,119.739), cal0:(492.19,86.9281)
mouth (left) real1:(237.063,106.876), cal1:(268.858,139.778)

81396.1 -109808 419426 0.999869
mouth (right) real0:(486.311,120.257), cal0:(448.536,91.3557)
mouth (right) real1:(189.363,115.382), cal1:(227.476,143.17)

0.831665 -0.0431881 2.26035 0.999335
left shoulder real0:(553.738,256.992), cal0:(552.991,237.214)
left shoulder real1:(460.546,244.93), cal1:(462.773,266.026)

-0.440615 -0.129332 3.62146 0.99927
right shoulder real0:(260.212,255.369), cal0:(258.854,227.234)
right shoulder real1:(122.248,252.899), cal1:(124.847,278.251)

0.728983 0.654522 1.83604 0.728639
left elbow real0:(570.72,458.825), cal0:(570.476,462.94)
left elbow real1:(525.505,475.756), cal1:(525.11,472.821)

-0.463213 0.590064 2.0022 0.864421
right elbow real0:(191.208,459.59), cal0:(192.96,425.812)
right elbow real1:(132.995,463.757), cal1:(138.715,506.981)

0.878371 1.43433 2.04918 0.537588
left wrist real0:(591.102,658.202), cal0:(589.463,669.361)
left wrist real1:(543.837,683.426), cal1:(542.138,672.963)

-0.441497 1.35332 2.19655 0.688306
right wrist real0:(201.697,682.534), cal0:(211.197,618.973)
right wrist real1:(146.16,686.432), cal1:(155.283,742.33)

0.949298 1.66061 2.05049 0.522427
left pinky real0:(613.388,716.331), cal0:(610.079,735.412)
left pinky real1:(566.429,746.613), cal1:(564.101,733.005)

-0.486502 1.54966 2.21124 0.649988
right pinky real0:(187.15,741.455), cal0:(199.772,669.875)
right pinky real1:(131.856,749.477), cal1:(142.687,812.438)

0.991171 1.88176 2.36137 0.564915
left index real0:(585.989,716.726), cal0:(584.115,727.618)
left index real1:(525.534,743.707), cal1:(524.289,736.413)

-0.430115 1.75801 2.49392 0.674633
right index real0:(215.911,743.334), cal0:(228.337,672.343)
right index real1:(148.327,745.874), cal1:(158.71,806.387)

0.954098 1.79184 2.38767 0.570088
left thumb real0:(572.864,694.406), cal0:(572.01,699.71)
left thumb real1:(511.262,715.572), cal1:(510.657,711.949)

-0.383016 1.63104 2.43645 0.672092
right thumb real0:(226.162,720.382), cal0:(237.506,651.017)
right thumb real1:(162.901,718.716), cal1:(172.337,774.944)

0.727143 1.76989 2.64633 0.0141718
left hip real0:(496.837,651.925), cal0:(497.022,650.641)
left hip real1:(429.801,681.417), cal1:(430.475,685.587)

-0.0986737 2.20725 3.47252 0.0147704
right hip real0:(311.397,654.272), cal0:(314.877,630.704)
right hip real1:(209.872,687.722), cal1:(216.395,727.841)

0.888497 3.90554 3.27361 0.00559569
left knee real0:(494.694,966.777), cal0:(495.002,965.695)
left knee real1:(430.562,1028.67), cal1:(432.475,1037.81)

-0.0298845 3.58312 2.97573 0.00526834
right knee real0:(325.056,975.117), cal0:(325.915,972.354)
right knee real1:(244.835,1027.41), cal1:(270.108,1143.07)

0.927943 5.91788 3.58848 0.000291484
left ankle real0:(483.753,1248.51), cal0:(487.299,1239.8)
left ankle real1:(431.935,1337.34), cal1:(441.028,1373.06)

-0.0572426 4.46916 2.68619 0.000278634
right ankle real0:(318.913,1249.11), cal0:(319.146,1248.59)
right ankle real1:(249.828,1341.65), cal1:(297.593,1519.17)

0.877609 5.81878 3.40748 0.000158284
left heel real0:(475.207,1302.07), cal0:(486.677,1274.97)
left heel real1:(441.513,1388.35), cal1:(448.797,1416.29)

-0.121161 3.94604 2.27249 0.000524995
right heel real0:(297.566,1297.27), cal0:(299.918,1292.27)
right heel real1:(250.134,1396.52), cal1:(305.102,1593.42)

3.34091 20.6766 11.4315 0.000848964
left foot index real0:(507.348,1336.12), cal0:(507.524,1335.72)
left foot index real1:(389.382,1442.14), cal1:(403.634,1494.99)

0.70257 12.5173 6.98514 0.000791265
right foot index real0:(391.753,1326.99), cal0:(392.373,1325.66)
right foot index real1:(263.907,1448.31), cal1:(300.561,1580.49)

