camera0:
0.815361 0.207004 0.99918 0
0.815835 0.138908 0.998588 0
0.826297 0.143769 0.998356 0
0.835776 0.148911 0.998063 0
0.77385 0.130286 0.999142 0
0.752614 0.12974 0.999254 0
0.72724 0.13043 0.999296 0
0.807106 0.191585 0.998545 0
0.647248 0.176059 0.999661 0.513
0.814101 0.292351 0.999272 0
0.762969 0.288354 0.999678 0
0.828415 0.58031 0.995329 0.645
0.433893 0.554452 0.998425 0.55125
0.82682 0.958465 0.642215 0.62075
0.255494 0.95838 0.893133 0.548
0.875068 1.36671 0.57785 -111
0.24203 1.32449 0.7504 -111
0.908501 1.4747 0.490306 -111
0.217515 1.4337 0.70938 -111
0.881919 1.47808 0.516154 -111
0.267945 1.42598 0.732171 -111
0.859005 1.43969 0.52591 -111
0.278435 1.39024 0.729555 -111
0.759744 1.39191 0.0152554 -111
0.490043 1.40104 0.0160366 -111
0.75518 2.0307 0.00608736 -111
0.501459 2.06421 0.0057675 -111
0.744229 2.59196 0.00031411 -111
0.496124 2.6027 0.000306328 -111
0.724178 2.70274 0.000170584 -111
0.455126 2.69948 0.000576147 -111
0.811671 2.74474 0.000915551 -111
0.631296 2.74733 0.000866209 -111
camera1:
0.400241 0.171483 0.999883 0
0.432493 0.0999688 0.999802 0
0.458998 0.100758 0.999792 0
0.484548 0.102765 0.999818 0
0.372155 0.107814 0.999778 0
0.355411 0.113577 0.999726 0
0.340378 0.119499 0.999736 0
0.564795 0.143932 0.999842 0.518
0.366714 0.157957 0.999771 0
0.449467 0.250136 0.999934 0
0.394847 0.263809 0.9999 0
0.777877 0.587589 0.999331 0.546
0.289824 0.572124 0.999389 0.60025
0.85618 1.00219 0.755258 -111
0.21923 0.956293 0.758865 0.76475
0.888002 1.45341 0.584109 -111
0.182347 1.42595 0.719601 -111
0.921146 1.57392 0.566945 -111
0.146724 1.54101 0.670676 -111
0.868375 1.57551 0.605823 -111
0.174769 1.54003 0.710982 -111
0.847522 1.52403 0.612183 -111
0.199816 1.49504 0.731045 -111
0.687075 1.45508 0.00823632 -111
0.367794 1.44653 0.0113013 -111
0.662833 2.15585 0.00192803 -111
0.383527 2.13826 0.000768054 -111
0.664524 2.78632 0.000132602 -111
0.391018 2.78345 1.31729e-05 -111
0.677794 2.89152 0.000143807 -111
0.388173 2.8849 7.20924e-05 -111
0.603778 2.97906 6.6058e-05 -111
0.412922 2.98492 6.8269e-05 -111
fused:
49333.1 -53514 174321 0.999883
nose real0:(521.831,99.3617), cal0:(501.965,64.2028)
nose real1:(256.154,82.312), cal1:(276.524,118.829)

32544.9 -39292 107903 0.999802
left eye (inner) real0:(522.134,66.6761), cal0:(513.146,29.8532)
left eye (inner) real1:(276.795,47.985), cal1:(284.629,87.6285)

37.307 -42.1907 116.7 0.999792
left eye real0:(528.83,69.0093), cal0:(524.003,31.4211)
left eye real1:(293.759,48.364), cal1:(297.033,89.3623)

7.26469 -7.88297 22.0271 0.999818
left eye (outer) real0:(534.897,71.4771), cal0:(530.084,33.6186)
left eye (outer) real1:(310.111,49.3271), cal1:(313.435,90.7632)

37782.8 -56122.7 154068 0.999778
right eye (inner) real0:(495.264,62.5375), cal0:(479.276,29.7751)
right eye (inner) real1:(238.179,51.7506), cal1:(253.388,85.9239)

34019.8 -54890.4 151709 0.999726
right eye real0:(481.673,62.275), cal0:(466.665,31.2528)
right eye real1:(227.463,54.5168), cal1:(241.542,86.6862)

28102.9 -49893.8 139115 0.999736
right eye (outer) real0:(465.434,62.6063), cal0:(453.309,33.153)
right eye (outer) real1:(217.842,57.3593), cal1:(228.827,87.8226)

1.12996 -1.19561 3.75968 0.999842
left ear real0:(516.548,91.9608), cal0:(512.506,57.5788)
left ear real1:(361.469,69.0874), cal1:(364.571,106.513)

0.85282 -2.07684 6.49805 0.999771
right ear real0:(414.239,84.5082), cal0:(410.794,56.6162)
right ear real1:(234.697,75.8195), cal1:(237.027,104.501)

23246.6 -18052.4 75691.1 0.999934
mouth (left) real0:(521.025,140.329), cal0:(516.458,105.361)
mouth (left) real1:(287.659,120.065), cal1:(292.296,157.332)

28856.6 -27301 116101 0.9999
mouth (right) real0:(488.3,138.41), cal0:(481.267,107.376)
mouth (right) real1:(252.702,126.628), cal1:(259.852,158.901)

0.53005 0.0554648 1.60812 0.999331
left shoulder real0:(530.185,278.549), cal0:(529.966,269.425)
left shoulder real1:(497.841,282.043), cal1:(498.893,291.643)

-0.233872 -0.0121304 2.55265 0.999389
right shoulder real0:(277.691,266.137), cal0:(276.906,245.841)
right shoulder real1:(185.488,274.62), cal1:(187.435,293.112)

0.448142 0.496514 1.36805 0.755258
left elbow real0:(529.165,460.063), cal0:(528.745,466.817)
left elbow real1:(547.955,481.05), cal1:(547.285,476.1)

-0.45575 0.472846 1.64452 0.893133
right elbow real0:(163.516,460.022), cal0:(165.457,421.497)
right elbow real1:(140.307,459.021), cal1:(146.036,502.462)

0.57644 1.0902 1.53745 0.584109
left wrist real0:(560.043,656.019), cal0:(557.194,674.854)
left wrist real1:(568.321,697.636), cal1:(565.38,679.677)

-0.528386 1.05934 1.85758 0.7504
right wrist real0:(154.899,635.756), cal0:(161.062,591.425)
right wrist real1:(116.702,684.455), cal1:(122.612,721.436)

0.626233 1.24593 1.53799 0.566945
left pinky real0:(581.441,707.856), cal0:(576.565,735.557)
left pinky real1:(589.534,755.481), cal1:(586.078,735.382)

-0.58573 1.22791 1.91211 0.70938
right pinky real0:(139.209,688.178), cal0:(147.918,634.635)
right pinky real1:(93.9035,739.684), cal1:(101.417,784.535)

0.653847 1.38288 1.7191 0.605823
left index real0:(564.428,709.478), cal0:(560.444,732.145)
left index real1:(555.76,756.243), cal1:(553.048,740.461)

-0.550146 1.39691 2.16334 0.732171
right index real0:(171.485,684.47), cal0:(179.171,636.766)
right index real1:(111.852,739.216), cal1:(118.302,777.837)

0.614082 1.3108 1.71572 0.612183
left thumb real0:(549.763,691.049), cal0:(546.971,707.847)
left thumb real1:(542.414,731.537), cal1:(540.411,719.665)

-0.50491 1.28071 2.06814 0.731045
right thumb real0:(178.199,667.314), cal0:(185.279,620.862)
right thumb real1:(127.882,717.617), cal1:(133.742,753.309)

0.591107 1.5987 2.29846 0.0152554
left hip real0:(486.236,668.116), cal0:(486.45,666.715)
left hip real1:(439.728,698.439), cal1:(440.46,702.898)

-0.0670926 1.88582 2.85859 0.0160366
right hip real0:(313.628,672.5), cal0:(317.848,645.168)
right hip real1:(235.388,694.337), cal1:(242.961,740.285)

0.789648 3.76251 3.12266 0.00608736
left knee real0:(483.315,974.737), cal0:(483.867,972.828)
left knee real1:(424.213,1034.81), cal1:(427.616,1050.95)

-0.046144 3.41183 2.77499 0.0057675
right knee real0:(320.934,990.82), cal0:(321.958,987.605)
right knee real1:(245.457,1026.36), cal1:(275.827,1163.55)

0.871233 5.82039 3.54333 0.00031411
left ankle real0:(476.307,1244.14), cal0:(479.664,1235.9)
left ankle real1:(425.295,1337.43), cal1:(434.524,1373.7)

-0.0619336 4.35684 2.61811 0.000306328
right ankle real0:(317.519,1249.29), cal0:(317.736,1248.81)
right ankle real1:(250.252,1336.05), cal1:(299.724,1519.81)

0.777743 5.54587 3.26397 0.000170584
left heel real0:(463.474,1297.31), cal0:(475.099,1269.84)
left heel real1:(433.788,1387.93), cal1:(441.592,1417.87)

-0.137428 3.73092 2.15147 0.000576147
right heel real0:(291.281,1295.75), cal0:(293.573,1290.88)
right heel real1:(248.431,1384.75), cal1:(307.242,1595.18)

8.744 49.7786 27.9974 0.000915551
left foot index real0:(519.47,1317.48), cal0:(519.576,1317.23)
left foot index real1:(386.418,1429.95), cal1:(396.064,1466.27)

1.14147 16.8016 9.4466 0.000866209
right foot index real0:(404.03,1318.72), cal0:(404.541,1317.6)
right foot index real1:(264.27,1432.76), cal1:(299.671,1561.6)

