camera0:
0.56256 0.402452 0.999764 0.849
0.582787 0.359041 0.99957 0.8445
0.596074 0.361225 0.999516 0.87075
0.610049 0.364825 0.999464 0.8775
0.542818 0.354384 0.999698 0.86275
0.530874 0.353953 0.999719 0.86325
0.517048 0.354147 0.999738 0.865
0.623402 0.383044 0.999538 0.88525
0.490612 0.372054 0.999863 0.876
0.584905 0.454555 0.999795 0.85275
0.541637 0.452196 0.999893 0.85625
0.704929 0.596413 0.998688 0.588
0.409144 0.592668 0.999258 0.8495
0.88414 0.736498 0.853865 0.7945
0.522971 0.813868 0.860951 0.593
0.784422 0.445839 0.787727 0.61825
0.759814 0.438282 0.711206 0.62875
0.769761 0.361749 0.695983 0.76475
0.836782 0.40441 0.611737 0.622
0.740688 0.366339 0.704595 0.78175
0.797244 0.36103 0.629883 0.65875
0.743007 0.394688 0.7158 2.31725
0.766513 0.397164 0.659396 0.77425
0.706052 1.20342 0.0695045 -111
0.487248 1.22069 0.0615346 -111
0.714356 1.70959 0.00513107 -111
0.528976 1.72818 0.00302935 -111
0.713497 2.17338 0.000277948 -111
0.534012 2.19094 0.000145652 -111
0.714408 2.23412 0.00031789 -111
0.524564 2.25338 0.0002529 -111
0.704121 2.30141 0.000399155 -111
0.570554 2.32426 0.00034951 -111
camera1:
0.662216 0.338184 0.998877 0.517
0.680484 0.291422 0.998379 0.50775
0.687773 0.294589 0.998386 0.50775
0.704919 0.296614 0.998537 0.5125
0.646047 0.282723 0.998195 0.5195
0.637983 0.281511 0.997832 0.52375
0.615614 0.277742 0.997889 0.81475
0.710698 0.321184 0.998844 0.57025
0.596118 0.305888 0.998176 0.8245
0.675878 0.394814 0.99912 0.81425
0.635839 0.403398 0.999017 0.5605
0.798478 0.571242 0.994286 0.801
0.468054 0.562478 0.996557 0.552
0.938379 0.765311 0.830439 0.536
0.363107 0.813454 0.770054 0.61225
0.790712 0.374208 0.704305 0.595
0.593198 0.425469 0.751168 0.541
0.774564 0.246772 0.655526 0.5305
0.658778 0.311871 0.7157 0.51275
0.752996 0.241878 0.675943 0.515
0.663986 0.280465 0.738357 0.5105
0.754839 0.281344 0.673253 0.5255
0.65356 0.320603 0.738026 0.5145
0.792045 1.25074 0.0232661 -111
0.520615 1.26226 0.0307881 -111
0.802082 1.8305 0.012971 -111
0.560004 1.83361 0.00656767 -111
0.818225 2.37232 0.000878519 -111
0.591023 2.38756 0.000500255 -111
0.815868 2.44562 0.000613807 -111
0.583084 2.46174 0.000702723 -111
0.818216 2.52914 0.00124892 -111
0.653125 2.54309 0.0016745 -111
fused:
0.0488151 -0.155961 1.12728 0.999764
nose real0:(360.039,193.177), cal0:(357.963,165.55)
nose real1:(423.818,162.329), cal1:(426.444,190.027)

0.0718737 -0.194544 1.1175 0.99957
left eye (inner) real0:(372.983,172.339), cal0:(370.587,144.072)
left eye (inner) real1:(435.51,139.882), cal1:(438.155,168.615)

0.0886767 -0.19429 1.1291 0.999516
left eye real0:(381.487,173.388), cal0:(379.13,145.283)
left eye real1:(440.175,141.403), cal1:(442.823,170.085)

0.104299 -0.189111 1.11603 0.999464
left eye (outer) real0:(390.431,175.116), cal0:(388.092,146.86)
left eye (outer) real1:(451.148,142.375), cal1:(453.832,171.344)

0.0238938 -0.199974 1.11347 0.999698
right eye (inner) real0:(347.403,170.104), cal0:(344.84,140.763)
right eye (inner) real1:(413.47,135.707), cal1:(416.159,165.146)

0.00961758 -0.199368 1.1066 0.999719
right eye real0:(339.759,169.897), cal0:(337.169,140.421)
right eye real1:(408.309,135.125), cal1:(410.997,164.601)

-0.00708884 -0.205824 1.13001 0.999738
right eye (outer) real0:(330.911,169.99), cal0:(328.179,139.231)
right eye (outer) real1:(393.993,133.316), cal1:(396.774,163.899)

0.122785 -0.173157 1.13576 0.999538
left ear real0:(398.977,183.861), cal0:(396.895,157.071)
left ear real1:(454.847,154.168), cal1:(457.433,181.667)

-0.0380391 -0.184099 1.12301 0.999863
right ear real0:(313.992,178.586), cal0:(311.599,150.175)
right ear real1:(381.515,146.826), cal1:(384.088,174.72)

0.0782356 -0.109668 1.15394 0.999795
mouth (left) real0:(374.339,218.186), cal0:(372.679,191.58)
mouth (left) real1:(432.562,189.511), cal1:(435.189,216.193)

0.025396 -0.108495 1.15967 0.999893
mouth (right) real0:(346.648,217.054), cal0:(345.104,192.471)
mouth (right) real1:(406.937,193.631), cal1:(409.323,217.897)

0.22398 0.0422167 1.13228 0.998688
left shoulder real0:(451.155,286.278), cal0:(450.787,271.105)
left shoulder real1:(511.026,274.196), cal1:(512.746,289.903)

-0.153605 0.0209672 1.30062 0.999258
right shoulder real0:(261.852,284.481), cal0:(260.997,258.385)
right shoulder real1:(299.554,269.99), cal1:(302.127,294.031)

0.455133 0.211632 1.16927 0.853865
left elbow real0:(565.849,353.519), cal0:(565.793,357.473)
left elbow real1:(600.562,367.349), cal1:(600.023,362.886)

0.0164569 0.592375 3.04895 0.860951
right elbow real0:(334.702,390.656), cal0:(335.191,365.461)
right elbow real1:(232.388,390.458), cal1:(235.915,419.213)

0.367971 -0.131048 1.31151 0.787727
left wrist real0:(502.03,214.003), cal0:(500.505,188.646)
left wrist real1:(506.056,179.62), cal1:(509.421,213.589)

0.684296 -0.270284 2.68714 0.751168
right wrist real0:(486.281,210.375), cal0:(484.936,188.247)
right wrist real1:(379.647,204.225), cal1:(381.7,224.967)

0.338083 -0.24234 1.28944 0.695983
left pinky real0:(492.647,173.64), cal0:(489.464,135.747)
left pinky real1:(495.721,118.45), cal1:(499.975,164.546)

0.843556 -0.423982 2.53326 0.7157
right pinky real0:(535.541,194.117), cal0:(531.998,148.112)
right pinky real1:(421.618,149.698), cal1:(425.053,186.132)

0.295748 -0.24259 1.28179 0.704595
left index real0:(474.04,175.843), cal0:(470.562,134.955)
left index real1:(481.917,116.101), cal1:(486.285,163.582)

0.603987 -0.407512 2.07755 0.738357
right index real0:(510.236,173.294), cal0:(506.603,130.813)
right index real1:(424.951,134.623), cal1:(428.012,167.944)

0.303012 -0.207653 1.29378 0.7158
left thumb real0:(475.525,189.45), cal0:(472.651,152.239)
left thumb real1:(483.097,135.045), cal1:(487.317,179.845)

0.510976 -0.317821 1.97237 0.738026
right thumb real0:(490.568,190.639), cal0:(487.586,151.856)
right thumb real1:(418.278,153.889), cal1:(421.38,186.782)

0.259594 0.711256 1.30021 0.0695045
left hip real0:(451.873,577.64), cal0:(451.894,577.456)
left hip real1:(506.909,600.354), cal1:(507.145,601.906)

-0.0481274 0.835295 1.53795 0.0615346
right hip real0:(311.839,585.932), cal0:(313.148,575.107)
right hip real1:(333.193,605.885), cal1:(338.929,643.13)

0.291408 1.37594 1.42238 0.012971
left knee real0:(457.188,820.603), cal0:(455.028,830.059)
left knee real1:(513.333,878.639), cal1:(513.086,877.335)

0.0458554 1.60904 1.78772 0.00656767
right knee real0:(338.545,829.524), cal0:(347.358,789.613)
right knee real1:(358.402,880.132), cal1:(359.712,887.136)

0.300697 1.9949 1.48955 0.000878519
left ankle real0:(456.638,1043.22), cal0:(453.225,1053.58)
left ankle real1:(523.664,1138.72), cal1:(523.471,1137.86)

0.0771314 2.35532 1.87113 0.000500255
right ankle real0:(341.768,1051.65), cal0:(356.713,1005.2)
right ankle real1:(378.255,1146.03), cal1:(378.937,1149.09)

0.310387 2.11553 1.52662 0.000613807
left heel real0:(457.221,1072.38), cal0:(454.094,1081.52)
left heel real1:(522.155,1173.9), cal1:(521.694,1171.89)

0.0643804 2.46997 1.89513 0.000702723
right heel real0:(335.721,1081.62), cal0:(352.357,1031.98)
right heel real1:(373.174,1181.63), cal1:(374.299,1186.58)

0.28804 2.15301 1.49663 0.00124892
left foot index real0:(450.637,1104.68), cal0:(447.57,1113.26)
left foot index real1:(523.658,1213.99), cal1:(523.491,1213.28)

0.139098 2.44656 1.7766 0.0016745
right foot index real0:(365.155,1115.65), cal0:(378.985,1076.32)
right foot index real1:(418,1220.68), cal1:(418.31,1222.01)

