camera0:
0.958788 0.191511 0.997935 0
0.943925 0.0942367 0.996521 0
0.954473 0.0991229 0.995575 0
0.966869 0.103615 0.993736 0
0.893703 0.0893851 0.998941 0
0.865906 0.0926883 0.999253 0
0.841369 0.097678 0.999343 0
0.925785 0.12602 0.994677 0
0.767404 0.14176 0.999788 0
0.963558 0.27209 0.996608 0
0.914457 0.27757 0.999433 0
0.947033 0.426732 0.965823 0.58725
0.537657 0.556029 0.998358 0
0.987604 0.770527 0.440811 2.166
0.311291 1.01474 0.920412 -111
0.947159 1.0416 0.428463 -111
0.39145 1.34211 0.719521 -111
0.938934 1.13279 0.406732 -111
0.396765 1.44007 0.645279 -111
0.927043 1.10953 0.417355 -111
0.44556 1.40534 0.675151 -111
0.913006 1.08504 0.422245 -111
0.449602 1.36539 0.667439 -111
0.8638 1.17552 0.049499 -111
0.635624 1.27098 0.0605884 -111
0.864342 1.29656 0.010424 -111
0.757598 1.38964 0.0331458 -111
0.810288 1.64726 0.00198785 -111
0.737967 1.68193 0.00498356 -111
0.785214 1.72291 0.00191209 -111
0.672757 1.73341 0.00563604 -111
0.908966 1.76243 0.00594049 -111
0.913701 1.7878 0.00898912 -111
camera1:
0.3412 0.15157 0.987344 0
0.356662 0.00451998 0.975575 0
0.382232 0.00805587 0.977913 0
0.424633 0.0179161 0.981638 0
0.329331 0.0479762 0.962757 0
0.31543 0.0618456 0.956957 0
0.299459 0.0620929 0.95383 0
0.509961 0.0564552 0.987968 0
0.273611 0.0606517 0.964755 0
0.394312 0.231889 0.996132 0
0.32165 0.236544 0.993324 0
0.726623 0.423231 0.996635 0
0.176885 0.483219 0.994756 0.5235
0.934021 0.826026 0.812767 0
-0.0214479 0.900703 0.677893 -111
1.02116 1.26674 0.32227 -111
-0.15624 1.12623 0.405973 -111
1.0695 1.40283 0.283098 -111
-0.215648 1.20398 0.357181 -111
1.01685 1.40728 0.308619 -111
-0.194899 1.19044 0.384932 -111
0.987687 1.36281 0.324694 -111
-0.162306 1.17351 0.406859 -111
0.66188 1.25023 0.0686474 -111
0.324133 1.28295 0.0715358 -111
0.714261 1.97083 0.0654796 -111
0.411141 1.98931 0.0581518 -111
0.747705 2.60936 0.0329716 -111
0.448717 2.6214 0.0305148 -111
0.767957 2.70714 0.0332391 -111
0.448577 2.71937 0.0400995 -111
0.693105 2.83985 0.0233734 -111
0.485858 2.85555 0.0227556 -111
fused:
129518 -123941 381338 0.997935
nose real0:(613.624,91.9253), cal0:(535.993,53.3666)
nose real1:(218.368,72.7534), cal1:(306.535,109.997)

115666 -143500 338671 0.996521
left eye (inner) real0:(604.112,45.2336), cal0:(537.126,-5.94927)
left eye (inner) real1:(228.264,2.16959), cal1:(303.818,56.5564)

118032 -137313 326526 0.995575
left eye real0:(610.863,47.579), cal0:(549.111,-4.03434)
left eye real1:(244.629,3.86682), cal1:(314.414,59.012)

118493 -125643 302686 0.993736
left eye (outer) real0:(618.796,49.7352), cal0:(567.131,-0.768148)
left eye (outer) real1:(271.765,8.59972), cal1:(330.128,62.9896)

101638 -138947 341573 0.998941
right eye (inner) real0:(571.97,42.9049), cal0:(510.71,4.22513)
right eye (inner) real1:(210.772,23.0286), cal1:(280.864,64.1157)

93155.8 -135821 340480 0.999253
right eye real0:(554.18,44.4904), cal0:(496.318,8.95727)
right eye real1:(201.875,29.6859), cal1:(268.007,67.5889)

85085.7 -134514 339894 0.999343
right eye (outer) real0:(538.476,46.8854), cal0:(482.337,10.8546)
right eye (outer) real1:(191.654,29.8046), cal1:(255.15,68.5196)

71406.1 -67619.4 174225 0.994677
left ear real0:(592.502,60.4898), cal0:(578.171,15.4455)
left ear real1:(326.375,27.0985), cal1:(340.541,77.8886)

60208.3 -118696 315800 0.999788
right ear real0:(491.139,68.0446), cal0:(446.486,22.8108)
right ear real1:(175.111,29.1128), cal1:(221.623,77.6834)

133378 -93374.8 361771 0.996608
mouth (left) real0:(616.677,130.603), cal0:(553.438,93.5797)
mouth (left) real1:(252.36,111.307), cal1:(324.421,146.959)

118059 -100337 395025 0.999433
mouth (right) real0:(585.252,133.233), cal0:(511.496,96.0455)
mouth (right) real1:(205.856,113.541), cal1:(287.199,148.614)

1.39047 -0.31449 3.05865 0.996635
left shoulder real0:(606.101,204.831), cal0:(605.057,186.904)
left shoulder real1:(465.039,203.151), cal1:(466.906,221.886)

1827.42 -6868.19 146334 0.998358
right shoulder real0:(344.1,266.894), cal0:(339.45,220.49)
right shoulder real1:(113.206,231.945), cal1:(119.782,275.726)

0.750068 0.349337 1.50392 0.812767
left elbow real0:(632.067,369.853), cal0:(631.575,388.297)
left elbow real1:(597.774,396.492), cal1:(597.037,390.582)

-2.04762 2.79415 9.49523 0.920412
right elbow real0:(199.226,487.075), cal0:(202.395,425.548)
right elbow real1:(-13.7266,432.337), cal1:(-1.52473,524.615)

0.529873 0.574823 1.17746 0.428463
left wrist real0:(606.182,499.968), cal0:(602.3,542.092)
left wrist real1:(653.541,608.035), cal1:(642.314,530.526)

-53292.5 168025 309150 0.719521
right wrist real0:(250.528,644.212), cal0:(228.386,575.337)
right wrist real1:(-99.9935,540.592), cal1:(-2.72218,709.026)

0.464313 0.601718 1.05787 0.406732
left pinky real0:(600.917,543.74), cal0:(595.63,590.538)
left pinky real1:(684.478,673.361), cal1:(669.427,573.984)

-58813.6 198502 324215 0.645279
right pinky real0:(253.93,691.235), cal0:(222.968,616.654)
right pinky real1:(-138.014,577.912), cal1:(-8.69971,763.825)

0.501745 0.662504 1.18023 0.417355
left index real0:(593.308,532.573), cal0:(587.347,586.05)
left index real1:(650.783,675.493), cal1:(635.704,575.612)

-51725.6 208793 353170 0.675151
right index real0:(285.158,674.563), cal0:(243.96,603.997)
right index real1:(-124.735,571.413), cal1:(19.2983,739.274)

0.504799 0.661239 1.22817 0.422245
left thumb real0:(584.324,520.819), cal0:(578.872,572.264)
left thumb real1:(632.12,654.147), cal1:(618.895,565.522)

-50608.7 198286 355463 0.667439
right thumb real0:(287.745,655.387), cal0:(246.415,583.942)
right thumb real1:(-103.876,563.285), cal1:(21.8008,713.156)

1.67109 2.44729 4.5604 0.0686474
left hip real0:(552.832,564.251), cal0:(552.089,571.21)
left hip real1:(423.603,600.109), cal1:(423.073,596.564)

14549 61218.2 115005 0.0715358
right hip real0:(406.8,610.069), cal0:(407.949,568.608)
right hip real1:(207.445,615.817), cal1:(213.773,642.177)

0.620477 2.51979 2.38552 0.0654796
left knee real0:(553.179,622.349), cal0:(488.208,883.511)
left knee real1:(457.127,945.999), cal1:(455.988,940.202)

20694.6 112271 118948 0.0581518
right knee real0:(484.862,667.029), cal0:(436.469,815.945)
right knee real1:(263.13,954.871), cal1:(259.926,913.642)

0.165941 2.1645 1.4975 0.0329716
left ankle real0:(518.585,790.686), cal0:(398.52,1117.37)
left ankle real1:(478.531,1252.49), cal1:(478.31,1251.56)

0.382804 6.8921 5.00762 0.0305148
right ankle real0:(472.299,807.325), cal0:(377.873,1075.85)
right ankle real1:(287.179,1258.27), cal1:(285.906,1252.82)

0.10326 1.99491 1.33222 0.0332391
left heel real0:(502.537,826.995), cal0:(378.513,1148.63)
left heel real1:(491.492,1299.43), cal1:(491.292,1298.61)

0.00585459 4.24897 3.01305 0.0400995
right heel real0:(430.565,832.039), cal0:(333.115,1096.2)
right heel real1:(287.089,1305.3), cal1:(286.166,1301.45)

0.439967 3.82501 2.41826 0.0233734
left foot index real0:(581.738,845.967), cal0:(441.248,1199.29)
left foot index real1:(443.587,1363.13), cal1:(439.146,1345.42)

13991.2 105641 69024.1 0.0227556
right foot index real0:(584.769,858.144), cal0:(453.723,1168.51)
right foot index real1:(310.949,1370.66), cal1:(303.536,1333.04)

