camera0:
0.915295 0.142615 0.999593 0
0.914843 0.0827438 0.998972 0
0.927672 0.0871091 0.998771 0
0.937238 0.0917366 0.997823 0
0.868613 0.0751379 0.999595 0
0.846718 0.0745185 0.999696 0
0.819102 0.0739335 0.999687 0
0.908499 0.117985 0.998153 0
0.734783 0.100939 0.999865 0
0.920258 0.228585 0.998908 0
0.866786 0.231969 0.999831 0
0.921688 0.466345 0.974612 0.593
0.505806 0.523796 0.999355 0
0.93301 0.750422 0.721202 0.5955
0.268684 1.01237 0.877411 -111
0.937542 1.0886 0.695622 -111
0.347415 1.38386 0.693181 -111
0.939292 1.18101 0.652502 -111
0.35571 1.49325 0.647248 -111
0.919035 1.16527 0.665561 -111
0.403913 1.46137 0.672334 -111
0.905003 1.14041 0.673436 -111
0.403197 1.42186 0.685535 -111
0.831553 1.19391 0.0451416 -111
0.586631 1.24843 0.0572526 -111
0.830177 1.70086 0.0105794 -111
0.638149 1.7873 0.0243309 -111
0.816999 2.19681 0.00175409 -111
0.647972 2.28538 0.0037946 -111
0.798018 2.28876 0.00164976 -111
0.594357 2.37676 0.00401123 -111
0.906919 2.3648 0.00457773 -111
0.794183 2.43305 0.00621564 -111
camera1:
0.36647 0.213964 0.994227 0
0.403689 0.0969269 0.985694 0
0.428537 0.100069 0.988376 0
0.464016 0.103489 0.98849 0
0.341386 0.101755 0.981107 0
0.334702 0.115344 0.980494 0
0.320779 0.129098 0.978615 0
0.53603 0.121961 0.992819 0
0.300878 0.120828 0.986511 0
0.414649 0.28167 0.997657 0
0.351063 0.291065 0.997015 0
0.724893 0.430243 0.995715 0
0.200091 0.462932 0.997066 0.529
0.914576 0.835358 0.790051 0
0.0131864 0.844654 0.849844 0.57525
1.0056 1.24049 0.489377 -111
-0.0393863 1.10939 0.652874 -111
1.05708 1.3655 0.448722 -111
-0.0822531 1.20393 0.583321 -111
1.00613 1.37611 0.477331 -111
-0.0428622 1.18884 0.621894 -111
0.97637 1.33871 0.487036 -111
-0.0159517 1.16852 0.642708 -111
0.660026 1.21875 0.109545 -111
0.338958 1.23559 0.115137 -111
0.680211 1.87576 0.110432 -111
0.385263 1.8843 0.0982194 -111
0.691555 2.44231 0.0558267 -111
0.391538 2.44071 0.0516687 -111
0.70741 2.53299 0.0562817 -111
0.377647 2.53057 0.0678866 -111
0.627101 2.66569 0.0395755 -111
0.454715 2.66813 0.0385264 -111
fused:
118110 -116062 361897 0.999593
nose real0:(585.789,68.4554), cal0:(528.016,55.9587)
nose real1:(234.541,102.703), cal1:(299.608,112.084)

108311 -122006 310969 0.998972
left eye (inner) real0:(585.5,39.717), cal0:(541.195,12.9058)
left eye (inner) real1:(258.361,46.5249), cal1:(308.571,73.6966)

109768 -115769 297249 0.998771
left eye real0:(593.71,41.8123), cal0:(553.799,14.6326)
left eye real1:(274.264,48.033), cal1:(319.662,75.9116)

106091 -103941 269271 0.997823
left eye (outer) real0:(599.832,44.0335), cal0:(568.646,16.7101)
left eye (outer) real1:(296.97,49.6749), cal1:(332.547,78.5227)

96571 -132064 336381 0.999595
right eye (inner) real0:(555.912,36.0662), cal0:(504.42,12.7494)
right eye (inner) real1:(218.487,48.8423), cal1:(275.659,71.5301)

89495.4 -128084 331041 0.999696
right eye real0:(541.9,35.7689), cal0:(494.362,16.1669)
right eye real1:(214.21,55.3651), cal1:(266.633,74.1075)

80733 -124733 327405 0.999687
right eye (outer) real0:(524.225,35.4881), cal0:(480.087,19.7365)
right eye (outer) real1:(205.299,61.9668), cal1:(253.562,76.6286)

27.3119 -24.3528 66.6912 0.998153
left ear real0:(581.439,56.6329), cal0:(577.978,29.2423)
left ear real1:(343.059,58.5413), cal1:(345.566,89.7061)

51013.3 -101506 274041 0.999865
right ear real0:(470.261,48.4509), cal0:(443.781,26.09)
right ear real1:(192.562,57.9976), cal1:(219.167,80.6462)

119425 -86591 338220 0.998908
mouth (left) real0:(588.965,109.721), cal0:(544.077,94.8326)
mouth (left) real1:(265.375,135.201), cal1:(316.307,147.963)

104311 -91419 364700 0.999831
mouth (right) real0:(554.743,111.345), cal0:(503.778,98.0485)
mouth (right) real1:(224.68,139.711), cal1:(280.256,150.374)

1.16161 -0.223188 2.71932 0.995715
left shoulder real0:(589.881,223.845), cal0:(588.575,199.371)
left shoulder real1:(463.931,206.517), cal1:(466.542,232.352)

-0.183625 -0.682841 10.4494 0.999355
right shoulder real0:(323.716,251.422), cal0:(321.391,209.424)
right shoulder real1:(128.058,222.207), cal1:(132.022,261.664)

0.622303 0.305722 1.41212 0.790051
left elbow real0:(597.126,360.203), cal0:(596.698,378.81)
left elbow real1:(585.329,400.972), cal1:(583.271,384.321)

-1.0356 0.9611 3.97066 0.877411
right elbow real0:(171.958,485.938), cal0:(175.261,394.166)
right elbow real1:(8.4393,405.434), cal1:(18.565,484.854)

0.530021 0.600178 1.19928 0.695622
left wrist real0:(600.027,522.526), cal0:(597.456,549.46)
left wrist real1:(643.583,595.436), cal1:(635.359,539.07)

-27753.3 76727.6 163454 0.693181
right wrist real0:(222.345,664.255), cal0:(229.943,530.807)
right wrist real1:(-25.2072,532.507), cal1:(-2.1666,652.589)

0.478058 0.632711 1.08243 0.652502
left pinky real0:(601.147,566.885), cal0:(597.277,599.99)
left pinky real1:(676.534,655.44), cal1:(665.562,583.587)

-44416.1 132810 243505 0.647248
right pinky real0:(227.655,716.761), cal0:(222.367,576.48)
right pinky real1:(-52.642,577.885), cal1:(-10.8964,712.726)

0.498217 0.687877 1.1882 0.665561
left index real0:(588.182,559.329), cal0:(583.851,596.622)
left index real1:(643.923,660.532), cal1:(632.687,586.837)

-39306.2 143137 269286 0.672334
right index real0:(258.504,701.455), cal0:(244.258,568.146)
right index real1:(-27.4318,570.642), cal1:(18.3383,694.214)

0.503172 0.688186 1.24162 0.673436
left thumb real0:(579.202,547.397), cal0:(575.41,581.802)
left thumb real1:(624.877,642.58), cal1:(614.834,575.884)

-33059.7 124794 244336 0.685535
right thumb real0:(258.046,682.492), cal0:(250.662,555.648)
right thumb real1:(-10.2091,560.89), cal1:(26.3234,676.454)

1.22601 1.89277 3.65373 0.109545
left hip real0:(532.194,573.078), cal0:(533.535,560.03)
left hip real1:(422.417,585.002), cal1:(422.737,587.161)

0.803924 4.62686 9.70044 0.115137
right hip real0:(375.444,599.244), cal0:(381.736,535.352)
right hip real1:(216.933,593.084), cal1:(218.993,607.112)

1.19539 3.77978 3.76075 0.110432
left knee real0:(531.313,816.413), cal0:(522.907,852.725)
left knee real1:(435.335,900.366), cal1:(435.278,900.067)

9.46708 59.6977 64.5105 0.0982194
right knee real0:(408.415,857.904), cal0:(420.112,804.846)
right knee real1:(246.568,904.465), cal1:(247.08,907.203)

1.17413 5.45806 3.91507 0.0558267
left ankle real0:(522.879,1054.47), cal0:(512.117,1086.54)
left ankle real1:(442.595,1172.31), cal1:(442.589,1172.28)

4639.55 42894.4 33443 0.0516687
right ankle real0:(414.702,1096.98), cal0:(415.292,1019.53)
right ankle real1:(250.584,1171.54), cal1:(250.771,1171.86)

0.938755 4.7955 3.30258 0.0562817
left heel real0:(510.732,1098.6), cal0:(502.714,1121.36)
left heel real1:(452.742,1215.84), cal1:(452.739,1215.82)

2169.33 23580.9 17721.5 0.0678866
right heel real0:(380.388,1140.84), cal0:(405.489,1048.39)
right heel real1:(241.694,1214.67), cal1:(241.768,1214.92)

12378.9 52964 34165 0.0395755
left foot index real0:(580.428,1135.11), cal0:(549.621,1180.37)
left foot index real1:(401.345,1279.53), cal1:(401.412,1279.02)

14763.7 112216 77051.7 0.0385264
right foot index real0:(508.277,1167.87), cal0:(447.059,1123.95)
right foot index real1:(291.018,1280.7), cal1:(293.022,1281.49)

