camera0:
0.961658 0.239426 0.996862 0
0.946774 0.125558 0.99489 0
0.954799 0.128577 0.993163 0
0.963139 0.130724 0.990596 0
0.90335 0.119078 0.998607 0
0.875868 0.118801 0.999024 0
0.852844 0.12024 0.999202 0
0.922861 0.147147 0.992171 0
0.773462 0.158711 0.999758 0
0.961095 0.304916 0.994313 0
0.912475 0.303782 0.999184 0
0.941927 0.427865 0.952414 0.58825
0.523126 0.550754 0.997924 0
1.0368 0.675317 0.327771 -111
0.233495 0.917432 0.937446 0
0.979784 0.865489 0.32021 4.35375
0.257107 1.31185 0.74062 -111
0.968746 0.928823 0.30697 1.63775
0.254218 1.40335 0.657548 -111
0.955254 0.897602 0.316378 1.64575
0.309594 1.36073 0.689404 -111
0.945712 0.890228 0.319984 1.648
0.318779 1.3165 0.670895 -111
0.860422 1.1821 0.0451252 -111
0.627763 1.28573 0.056782 -111
0.864265 1.3707 0.0113362 -111
0.756755 1.45741 0.0346106 -111
0.82813 1.69465 0.00214714 -111
0.731978 1.72107 0.0051243 -111
0.803426 1.76369 0.00224188 -111
0.664873 1.76006 0.00575766 -111
0.915706 1.82237 0.00629914 -111
0.891714 1.83886 0.00941686 -111
camera1:
0.31866 0.158053 0.985309 0
0.350423 0.0428125 0.974214 0
0.384217 0.0435453 0.976449 0
0.42149 0.0532559 0.980861 0
0.295729 0.0513852 0.959217 0
0.290546 0.0635195 0.952346 0
0.304218 0.0885282 0.947731 0
0.513037 0.077992 0.987554 0
0.283601 0.0650446 0.958813 0
0.391008 0.25654 0.99567 0
0.324787 0.270731 0.991825 0
0.728931 0.435683 0.997048 0
0.188887 0.484683 0.993504 0.5285
0.93464 0.83484 0.827746 0
-0.0456464 0.866462 0.603021 -111
1.03032 1.29117 0.265084 -111
-0.20626 1.05306 0.30877 -111
1.08155 1.43129 0.223292 -111
-0.268862 1.11772 0.268672 -111
1.03211 1.43607 0.249643 -111
-0.255179 1.10546 0.292483 -111
1.00223 1.39026 0.268644 -111
-0.223387 1.09654 0.314567 -111
0.666423 1.25753 0.0531736 -111
0.329712 1.28512 0.0545617 -111
0.706656 1.98927 0.0480698 -111
0.394248 2.00469 0.0425792 -111
0.733588 2.63822 0.0240466 -111
0.427101 2.64939 0.0222528 -111
0.753089 2.73705 0.0242385 -111
0.428356 2.74536 0.0292516 -111
0.677852 2.86743 0.0170458 -111
0.462865 2.89061 0.0165971 -111
fused:
123284 -113323 375437 0.996862
nose real0:(615.461,114.925), cal0:(529.224,67.2944)
nose real1:(203.943,75.8653), cal1:(301.397,122.479)

111680 -129968 328908 0.99489
left eye (inner) real0:(605.935,60.2677), cal0:(535.936,11.2176)
left eye (inner) real1:(224.271,20.55), cal1:(303.84,71.8932)

112559 -122333 310724 0.993163
left eye real0:(611.071,61.7168), cal0:(549.574,12.0878)
left eye real1:(245.899,20.9018), cal1:(315.836,73.4157)

112049 -112784 289677 0.990596
left eye (outer) real0:(616.409,62.7477), cal0:(564.328,14.707)
left eye (outer) real1:(269.754,25.5628), cal1:(328.73,76.5264)

99119.8 -136195 346994 0.998607
right eye (inner) real0:(578.144,57.1575), cal0:(503.558,12.811)
right eye (inner) real1:(189.267,24.6649), cal1:(274.876,71.5381)

91054 -132013 341336 0.999024
right eye real0:(560.556,57.0246), cal0:(492.206,16.2637)
right eye real1:(185.949,30.4894), cal1:(264.647,74.0778)

84832.1 -122469 326005 0.999202
right eye (outer) real0:(545.82,57.7153), cal0:(488.277,22.9268)
right eye (outer) real1:(194.7,42.4935), cal1:(261.397,80.0215)

63788.9 -57711.7 155862 0.992171
left ear real0:(590.631,70.6308), cal0:(577.821,26.1667)
left ear real1:(328.344,37.4362), cal1:(340.946,87.3269)

58551.6 -107471 293318 0.999758
right ear real0:(495.016,76.1811), cal0:(451.871,28.4965)
right ear real1:(181.505,31.2214), cal1:(227.172,83.348)

125508 -80674.3 344371 0.99567
mouth (left) real0:(615.101,146.36), cal0:(550.9,107.907)
mouth (left) real1:(250.245,123.139), cal1:(323.135,159.975)

111428 -85423.5 372740 0.999184
mouth (right) real0:(583.984,145.815), cal0:(511.543,110.965)
mouth (right) real1:(207.864,129.951), cal1:(288.168,162.51)

1.32703 -0.287561 2.95251 0.997048
left shoulder real0:(602.833,205.375), cal0:(601.967,190.164)
left shoulder real1:(466.516,209.128), cal1:(468.058,224.544)

0.0282673 -1.25265 26.3564 0.997924
right shoulder real0:(334.801,264.362), cal0:(332.592,220.134)
right shoulder real1:(120.888,232.648), cal1:(125.151,274.434)

0.936811 0.395569 1.70584 0.827746
left elbow real0:(663.551,324.152), cal0:(661.874,388.06)
left elbow real1:(598.169,400.723), cal1:(596.792,389.665)

-1.25259 1.03767 4.15999 0.937446
right elbow real0:(149.436,440.367), cal0:(151.056,398.607)
right elbow real1:(-29.2137,415.902), cal1:(-18.896,496.294)

0.590544 0.513273 1.22806 0.32021
left wrist real0:(627.062,415.435), cal0:(620.84,499.881)
left wrist real1:(659.407,619.763), cal1:(641.227,489.049)

-34311.3 69114.1 126548 0.74062
right wrist real0:(164.548,629.687), cal0:(169.062,576.924)
right wrist real1:(-132.006,505.47), cal1:(-86.765,734.131)

0.507793 0.51219 1.08742 0.30697
left pinky real0:(619.998,445.835), cal0:(612.487,531.771)
left pinky real1:(692.192,687.021), cal1:(667.693,516.132)

-52069.3 113014 184699 0.657548
right pinky real0:(162.699,673.61), cal0:(162.584,616.429)
right pinky real1:(-172.072,536.507), cal1:(-95.5204,789.633)

0.541864 0.56567 1.20292 0.316378
left index real0:(611.362,430.849), cal0:(602.566,531.308)
left index real1:(660.549,689.313), cal1:(636.411,521.005)

-58079 141333 242214 0.689404
right index real0:(198.14,653.149), cal0:(187.895,599.374)
right index real1:(-163.315,530.619), cal1:(-58.6806,755.963)

0.557619 0.586655 1.26556 0.319984
left thumb real0:(605.256,427.31), cal0:(596.65,527.285)
left thumb real1:(641.425,667.326), cal1:(620.355,519.933)

-58181.9 136250 250710 0.670895
right thumb real0:(204.018,631.919), cal0:(192.53,575.308)
right thumb real1:(-142.967,526.341), cal1:(-52.6916,722.661)

1.5532 2.31549 4.27979 0.0531736
left hip real0:(550.67,567.407), cal0:(549.975,573.848)
left hip real1:(426.511,603.615), cal1:(425.831,599.076)

10.4621 46.4773 84.5807 0.056782
right hip real0:(401.768,617.153), cal0:(406.259,578.94)
right hip real1:(211.016,616.856), cal1:(216.631,653.584)

0.720805 2.80812 2.64224 0.0480698
left knee real0:(553.13,657.936), cal0:(495.837,887.414)
left knee real1:(452.26,954.852), cal1:(450.055,943.653)

27657.2 149778 161717 0.0425792
right knee real0:(484.323,699.558), cal0:(434.692,805.314)
right knee real1:(252.319,962.251), cal1:(257.326,902.05)

0.222804 2.44794 1.66803 0.0240466
left ankle real0:(530.003,813.43), cal0:(412.194,1130.68)
left ankle real1:(469.496,1266.34), cal1:(469.02,1264.37)

0.49961 8.88157 6.42038 0.0222528
right ankle real0:(468.466,826.113), cal0:(378.697,1080.07)
right ankle real1:(273.345,1271.7), cal1:(270.951,1261.48)

0.144873 2.22311 1.46318 0.0242385
left heel real0:(514.193,846.572), cal0:(391.431,1161.82)
left heel real1:(481.977,1313.78), cal1:(481.465,1311.72)

-0.005266 4.69941 3.31893 0.0292516
right heel real0:(425.519,844.827), cal0:(330.995,1099.66)
right heel real1:(274.148,1317.77), cal1:(272.404,1310.53)

0.638986 4.83919 3.05694 0.0170458
left foot index real0:(586.052,874.738), cal0:(457.525,1200.07)
left foot index real1:(433.825,1376.37), cal1:(425.151,1341.64)

18907.1 156568 104286 0.0165971
right foot index real0:(570.697,882.654), cal0:(440.867,1150.97)
right foot index real1:(296.234,1387.49), cal1:(288.315,1320.37)

