camera0:
0.95499 0.182491 0.998506 0
0.949493 0.0944587 0.99737 0
0.963894 0.100046 0.996609 0
0.972513 0.0977205 0.995032 0
0.900676 0.0841011 0.999212 0
0.879221 0.0838143 0.999445 0
0.852136 0.0839096 0.999501 0
0.938544 0.12449 0.99588 0
0.769401 0.115068 0.99983 0
0.960142 0.271739 0.997117 0
0.907292 0.270656 0.999571 0
0.945238 0.423419 0.968644 0.587
0.528934 0.546221 0.999016 0
0.967135 0.696351 0.588839 0.59675
0.221163 0.906695 0.898 0
0.929891 0.909764 0.571343 0
0.151483 1.34076 0.710152 -111
0.922293 0.970721 0.538234 0
0.121204 1.41955 0.651742 -111
0.909909 0.940284 0.549978 0.62225
0.170177 1.41238 0.678728 -111
0.898747 0.935887 0.556397 0.62075
0.191619 1.38729 0.682017 -111
0.839976 1.16792 0.0452951 -111
0.618602 1.25932 0.056591 -111
0.836446 1.4891 0.00970312 -111
0.729764 1.60271 0.0304997 -111
0.818369 1.85074 0.00172141 -111
0.710719 1.90008 0.0047247 -111
0.796836 1.92689 0.00156295 -111
0.648837 1.93486 0.00530491 -111
0.914657 1.97842 0.00533404 -111
0.874158 2.03983 0.00820779 -111
camera1:
0.321654 0.0980124 0.991765 0
0.357736 0.00127788 0.982519 -111
0.378412 -0.000275362 0.984936 -111
0.405129 -0.00164665 0.986543 -111
0.312733 0.0116056 0.974529 0
0.297814 0.0128575 0.971449 0
0.282651 0.0143141 0.968612 0
0.495462 0.0527541 0.991596 0
0.28712 0.0444138 0.977585 0
0.367451 0.172873 0.997239 0
0.308779 0.183771 0.995531 0
0.71642 0.410245 0.996191 0
0.166715 0.470454 0.995799 0.5245
0.923616 0.786092 0.80441 0
-0.00291348 0.908423 0.777296 -111
1.04504 1.17642 0.41465 -111
-0.0797627 1.18382 0.539363 -111
1.1073 1.29309 0.372224 -111
-0.121597 1.28078 0.47831 -111
1.05 1.30411 0.399534 -111
-0.0939348 1.26409 0.511923 -111
1.01882 1.26834 0.412885 -111
-0.0674549 1.23788 0.533516 -111
0.661942 1.21584 0.0909157 -111
0.329819 1.25132 0.0955112 -111
0.713944 1.91267 0.0895457 -111
0.41588 1.94497 0.0796133 -111
0.757383 2.52856 0.0452213 -111
0.463951 2.54698 0.041853 -111
0.777965 2.62848 0.0455896 -111
0.466363 2.64212 0.0549924 -111
0.706778 2.7556 0.0320573 -111
0.509218 2.77921 0.0312086 -111
fused:
109106 -117240 334643 0.998506
nose real0:(611.194,87.5958), cal0:(527.819,38.1457)
nose real1:(205.859,47.0459), cal1:(298.321,95.8488)

101988 -125881 295780 0.99737
left eye (inner) real0:(607.676,45.3402), cal0:(539.097,-7.07583)
left eye (inner) real1:(228.951,0.613381), cal1:(305.48,55.673)

105380 -122611 289020 0.996609
left eye real0:(616.892,48.0222), cal0:(550.994,-6.2592)
left eye real1:(242.184,-0.132174), cal1:(315.908,57.1494)

105968 -117515 275804 0.995032
left eye (outer) real0:(622.408,46.9058), cal0:(562.77,-7.37123)
left eye (outer) real1:(259.283,-0.790394), cal1:(325.98,56.8964)

88781.7 -129211 304596 0.999212
right eye (inner) real0:(576.433,40.3685), cal0:(507.055,-6.24315)
right eye (inner) real1:(200.149,5.57068), cal1:(276.916,54.3606)

82586.2 -129086 305166 0.999445
right eye real0:(562.701,40.2309), cal0:(494.531,-5.52183)
right eye real1:(190.601,6.1716), cal1:(265.502,54.1977)

74701.8 -127812 303290 0.999501
right eye (outer) real0:(545.367,40.2766), cal0:(479.919,-4.56931)
right eye (outer) real1:(180.897,6.87075), cal1:(251.989,54.1072)

77265 -73649.8 188348 0.99588
left ear real0:(600.668,59.7552), cal0:(578.397,13.6931)
left ear real1:(317.095,25.322), cal1:(340.617,76.3571)

51849 -103120 261350 0.99983
right ear real0:(492.417,55.2326), cal0:(451.133,11.5687)
right ear real1:(183.757,21.3186), cal1:(225.509,67.3337)

114085 -91424.9 324134 0.997239
mouth (left) real0:(614.491,130.435), cal0:(543.399,79.1834)
mouth (left) real1:(235.169,82.9791), cal1:(314.707,133.683)

98418 -95167.4 342383 0.999571
mouth (right) real0:(580.667,129.915), cal0:(504.638,81.6491)
mouth (right) real1:(197.618,88.2102), cal1:(280.041,135.103)

1.46168 -0.355205 3.23117 0.996191
left shoulder real0:(604.952,203.241), cal0:(603.714,182.63)
left shoulder real1:(458.509,196.918), cal1:(460.657,218.595)

390.494 -6996.32 124754 0.999016
right shoulder real0:(338.518,262.186), cal0:(333.828,214.993)
right shoulder real1:(106.698,225.818), cal1:(113.172,270.232)

0.700789 0.266239 1.4685 0.80441
left elbow real0:(618.966,334.249), cal0:(618.641,357.656)
left elbow real1:(591.114,377.324), cal1:(589.461,363.644)

-0.965213 0.724687 3.07045 0.898
right elbow real0:(141.544,435.213), cal0:(143.094,390.542)
right elbow real1:(-1.86463,436.043), cal1:(4.17919,483.594)

0.457313 0.411253 1.05632 0.571343
left wrist real0:(595.13,436.687), cal0:(592.036,482.676)
left wrist real1:(668.827,564.681), cal1:(656.208,472.631)

-1.07956 1.43466 2.90302 0.710152
right wrist real0:(96.9492,643.563), cal0:(108.54,545.702)
right wrist real1:(-51.0481,568.233), cal1:(-31.7938,693.922)

0.392104 0.418303 0.927943 0.538234
left pinky real0:(590.267,465.946), cal0:(585.802,519.613)
left pinky real1:(708.67,620.683), cal1:(691.989,503.249)

-1.16343 1.60794 2.90649 0.651742
right pinky real0:(77.5705,681.383), cal0:(91.4699,581.177)
right pinky real1:(-77.8219,614.776), cal1:(-56.3466,749.242)

0.422647 0.456138 1.03487 0.549978
left index real0:(582.341,451.336), cal0:(577.303,513.593)
left index real1:(671.999,625.972), cal1:(654.679,503.43)

-1.26541 1.98768 3.62752 0.678728
right index real0:(108.913,677.942), cal0:(122.379,578.005)
right index real1:(-60.1183,606.765), cal1:(-39.5735,736.445)

0.431272 0.466556 1.08534 0.556397
left thumb real0:(575.198,449.226), cal0:(570.668,507.044)
left thumb real1:(652.044,608.805), cal1:(636.774,500.147)

-1.22005 1.97013 3.72823 0.682017
right thumb real0:(122.636,665.899), cal0:(135.351,566.28)
right thumb real1:(-43.1711,594.181), cal1:(-24.1584,715.951)

1.29198 1.93868 3.76929 0.0909157
left hip real0:(537.585,560.602), cal0:(537.869,557.806)
left hip real1:(423.643,583.602), cal1:(423.743,584.28)

5.07078 21.6374 43.596 0.0955112
right hip real0:(395.905,604.475), cal0:(401.825,546.977)
right hip real1:(211.084,600.635), cal1:(213.757,618.666)

0.703989 2.59464 2.5283 0.0895457
left knee real0:(535.325,714.767), cal0:(499.227,865.452)
left knee real1:(456.924,918.08), cal1:(456.621,916.514)

13736 72550.3 75172.7 0.0796133
right knee real0:(467.049,769.299), cal0:(441.723,828.718)
right knee real1:(266.163,933.583), cal1:(266.349,926.107)

0.342937 2.5592 1.79459 0.0452213
left ankle real0:(523.756,888.354), cal0:(446.751,1105.75)
left ankle real1:(484.725,1213.71), cal1:(484.666,1213.46)

0.774676 8.79064 6.49386 0.041853
right ankle real0:(454.86,912.038), cal0:(403.615,1062.24)
right ankle real1:(296.929,1222.55), cal1:(296.587,1221.06)

0.257099 2.34552 1.58088 0.0455896
left heel real0:(509.975,924.907), cal0:(429.65,1140.36)
left heel real1:(497.898,1261.67), cal1:(497.849,1261.47)

0.164985 4.86758 3.50797 0.0549924
right heel real0:(415.255,928.735), cal0:(360.203,1082.61)
right heel real1:(298.472,1268.22), cal1:(298.218,1267.14)

0.828664 5.01336 3.17358 0.0320573
left foot index real0:(585.381,949.643), cal0:(488.816,1198.09)
left foot index real1:(452.338,1322.69), cal1:(450.979,1317.19)

11235.8 73589.7 47884.9 0.0312086
right foot index real0:(559.461,979.12), cal0:(472.913,1172.3)
right foot index real1:(325.9,1334.02), cal1:(324.175,1323.49)

