camera0:
0.983167 0.178212 0.994163 0
0.966818 0.101257 0.990879 0
0.971711 0.106039 0.988628 0
0.974488 0.109478 0.983506 0
0.929563 0.10013 0.997333 0
0.904031 0.10373 0.998316 0
0.886116 0.108149 0.998511 0
0.938788 0.136404 0.98464 0
0.80367 0.137486 0.999569 0
0.983837 0.268792 0.99176 0
0.94464 0.267326 0.998819 0
0.956944 0.422382 0.946021 0.61325
0.523662 0.558293 0.998072 0
1.03525 0.724196 0.107286 -111
0.312708 1.04613 0.945281 -111
0.972661 0.99118 0.113065 0
0.448235 1.39802 0.641606 -111
0.963481 1.07977 0.118092 -111
0.470997 1.51684 0.553852 -111
0.950102 1.05341 0.127071 -111
0.518505 1.46018 0.599464 -111
0.94106 1.03253 0.125346 -111
0.511876 1.41085 0.559844 -111
0.884145 1.20146 0.0313818 -111
0.612932 1.30359 0.0430334 -111
0.871323 1.63843 0.00623902 -111
0.688613 1.71329 0.0283776 -111
0.889472 2.10186 0.00147321 -111
0.696764 2.12986 0.00516483 -111
0.877267 2.1914 0.00136645 -111
0.653815 2.20209 0.00624949 -111
0.977767 2.26697 0.00681266 -111
0.844606 2.27032 0.0111113 -111
camera1:
0.383121 0.134144 0.979102 0
0.410319 0.0321495 0.961856 0
0.444401 0.0353343 0.961622 0
0.467076 0.0410855 0.969085 0
0.355227 0.0130813 0.947844 0
0.350448 0.0724472 0.940998 0
0.334437 0.0845003 0.94118 0
0.533686 0.0701146 0.977046 0
0.319877 0.0800018 0.95448 0
0.445824 0.225534 0.99459 0
0.369952 0.250499 0.991518 0
0.742457 0.450503 0.997992 0
0.176212 0.521525 0.996297 0.5265
0.934212 0.871098 0.859483 0
-0.0556119 0.943154 0.624839 -111
1.06299 1.33367 0.137581 -111
-0.20699 1.22571 0.157404 -111
1.11797 1.46334 0.0979646 -111
-0.273163 1.31892 0.116581 -111
1.07461 1.46652 0.123013 -111
-0.243638 1.30538 0.140048 -111
1.04357 1.42483 0.144444 -111
-0.209194 1.28423 0.169613 -111
0.691817 1.32312 0.021293 -111
0.340033 1.35343 0.0213438 -111
0.734212 2.07752 0.0130201 -111
0.412829 2.09769 0.0113865 -111
0.770456 2.7467 0.00614457 -111
0.458604 2.76406 0.00568062 -111
0.786425 2.84858 0.0061823 -111
0.456482 2.86232 0.00748745 -111
0.726684 2.97141 0.00435641 -111
0.518577 3.00362 0.00424816 -111
fused:
176058 -156748 464562 0.994163
nose real0:(629.227,85.5416), cal0:(559.623,45.9187)
nose real1:(245.197,64.3889), cal1:(326.699,104.133)

157423 -167027 408002 0.990879
left eye (inner) real0:(618.764,48.6032), cal0:(563.747,2.66621)
left eye (inner) real1:(262.604,15.4318), cal1:(327.458,65.828)

153601 -153323 377782 0.988628
left eye real0:(621.895,50.8989), cal0:(576.21,4.78673)
left eye real1:(284.417,16.9605), cal1:(338.191,68.4031)

148963 -143187 355373 0.983506
left eye (outer) real0:(623.672,52.5495), cal0:(583.773,6.54759)
left eye (outer) real1:(298.928,19.7211), cal1:(344.67,70.3655)

145590 -180171 434390 0.997333
right eye (inner) real0:(594.92,48.0623), cal0:(533.299,-0.572075)
right eye (inner) real1:(227.346,6.279), cal1:(300.778,61.1421)

138112 -169597 435075 0.998316
right eye real0:(578.58,49.7905), cal0:(522.657,14.4265)
right eye real1:(224.287,34.7746), cal1:(292.242,74.0651)

131475 -169128 441634 0.998511
right eye (outer) real0:(567.114,51.9113), cal0:(510.796,18.5441)
right eye (outer) real1:(214.04,40.5601), cal1:(281.809,77.1757)

79480.6 -69803.6 184673 0.98464
left ear real0:(600.824,65.4737), cal0:(590.508,21.5339)
left ear real1:(341.559,33.655), cal1:(351.284,83.8423)

93303.9 -145580 393299 0.999569
right ear real0:(514.349,65.9933), cal0:(474.47,26.2413)
right ear real1:(204.721,38.4008), cal1:(248.654,82.3883)

174416 -111443 426044 0.99459
mouth (left) real0:(629.656,129.02), cal0:(577.891,91.4935)
mouth (left) real1:(285.328,108.256), cal1:(345.308,145.447)

166502 -122149 483643 0.998819
mouth (right) real0:(604.57,128.316), cal0:(538.77,96.9116)
mouth (right) real1:(236.769,120.239), cal1:(311.756,149.791)

1.37101 -0.274664 2.94235 0.997992
left shoulder real0:(612.444,202.743), cal0:(611.879,192.596)
left shoulder real1:(475.172,216.241), cal1:(476.193,226.415)

0.280673 -3.55036 114.052 0.998072
right shoulder real0:(335.144,267.981), cal0:(333.426,229.989)
right shoulder real1:(112.776,250.332), cal1:(116.455,285.912)

0.933413 0.482034 1.71024 0.859483
left elbow real0:(662.559,347.614), cal0:(659.833,418.086)
left elbow real1:(597.896,418.127), cal1:(597.741,416.925)

-4.46133 6.89718 20.8767 0.945281
right elbow real0:(200.133,502.142), cal0:(203.565,447.249)
right elbow real1:(-35.5916,452.714), cal1:(-21.8487,554.044)

0.510441 0.611552 1.09963 0.137581
left wrist real0:(622.503,475.766), cal0:(610.817,582.93)
left wrist real1:(680.312,640.163), cal1:(669.031,565.05)

-28262 208144 307629 0.641606
right wrist real0:(286.87,671.047), cal0:(276.756,655.328)
right wrist real1:(-132.474,588.342), cal1:(64.3508,790.415)

0.452583 0.578965 0.988493 0.118092
left pinky real0:(616.628,518.291), cal0:(607.008,600.697)
left pinky real1:(715.5,702.404), cal1:(696.576,578.434)

-19186.5 220783 284574 0.553852
right pinky real0:(301.438,728.084), cal0:(291.443,714.963)
right pinky real1:(-174.824,633.08), cal1:(85.82,858.687)

0.465909 0.63565 1.06146 0.127071
left index real0:(608.065,505.635), cal0:(595.643,608.595)
left index real1:(687.753,703.931), cal1:(670.438,591.421)

-7513.61 235784 322805 0.599464
right index real0:(331.843,700.887), cal0:(317.965,687.671)
right index real1:(-155.928,626.581), cal1:(117.468,813.02)

0.473081 0.666461 1.10842 0.144444
left thumb real0:(602.279,495.614), cal0:(588.358,610.052)
left thumb real1:(667.882,683.919), cal1:(654.353,596.191)

-15599.7 255130 374903 0.559844
right thumb real0:(327.601,677.206), cal0:(306.95,657.682)
right thumb real1:(-133.884,616.429), cal1:(102.466,780.887)

1.66666 2.43298 4.305 0.0313818
left hip real0:(565.853,576.701), cal0:(564.531,588.346)
left hip real1:(442.763,635.099), cal1:(438.991,610.227)

1.5368 9.04111 14.8969 0.0430334
right hip real0:(392.276,625.721), cal0:(393.924,613.442)
right hip real1:(217.621,649.647), cal1:(224.527,693.288)

0.935988 3.29222 2.94695 0.0130201
left knee real0:(557.647,786.446), cal0:(522.758,920.096)
left knee real1:(469.896,997.208), cal1:(464.452,970.103)

20439.2 115344 118103 0.0283776
right knee real0:(440.713,822.38), cal0:(435.918,835.643)
right knee real1:(264.211,1006.89), cal1:(260.667,936.981)

0.645714 3.79428 2.3923 0.00614457
left ankle real0:(569.262,1008.89), cal0:(494.102,1201.88)
left ankle real1:(493.092,1318.41), cal1:(490.881,1309.49)

2.19559 22.2815 15.6392 0.00568062
right ankle real0:(445.929,1022.33), cal0:(416.289,1104.94)
right ankle real1:(293.506,1326.75), cal1:(281.077,1274.11)

0.54653 3.55346 2.15326 0.0061823
left heel real0:(561.451,1051.87), cal0:(484.431,1240.49)
left heel real1:(503.312,1367.32), cal1:(501.451,1360.02)

0.635004 10.1308 6.84513 0.00748745
right heel real0:(418.441,1057), cal0:(387.679,1138.16)
right heel real1:(292.148,1373.92), cal1:(281.806,1331.48)

49039.4 176698 114708 0.00681266
left foot index real0:(625.771,1088.15), cal0:(588.784,1174.47)
left foot index real1:(465.078,1426.28), cal1:(437.283,1246.22)

51958.3 247459 169606 0.0111113
right foot index real0:(540.548,1089.75), cal0:(515.99,1125.55)
right foot index real1:(331.889,1441.74), cal1:(364.269,1235.91)

