camera0:
0.586919 0.38507 0.999931 0.831
0.594676 0.339162 0.999874 0.839
0.606815 0.341565 0.999856 0.858
0.619326 0.342155 0.999869 0.865
0.558909 0.336619 0.999888 0.851
0.544855 0.338032 0.99987 0.8495
0.529965 0.33991 0.999888 0.853
0.629158 0.365778 0.999878 0.8695
0.500595 0.372732 0.999911 0.87525
0.609146 0.43724 0.999932 0.842
0.566137 0.439421 0.999942 0.83725
0.72803 0.623169 0.999485 0.91525
0.405318 0.646424 0.99952 0.819
0.901331 0.810395 0.952967 0.742
0.307341 0.957143 0.918601 0
1.05145 0.895834 0.928708 -111
0.305785 1.2674 0.866973 -111
1.11568 0.919053 0.883146 -111
0.291781 1.35737 0.824419 -111
1.0917 0.9104 0.889631 -111
0.324776 1.33921 0.831795 -111
1.06077 0.914032 0.892925 -111
0.33578 1.30965 0.843387 -111
0.698259 1.27626 0.0459064 -111
0.467115 1.29377 0.0441734 -111
0.710312 1.80313 0.00305732 -111
0.492657 1.83187 0.00169331 -111
0.721339 2.28137 0.000135474 -111
0.504026 2.30907 4.28974e-05 -111
0.722742 2.35371 0.000144481 -111
0.491909 2.38269 0.000100426 -111
0.730151 2.41131 0.000208757 -111
0.569967 2.4422 0.000146447 -111
camera1:
0.646138 0.344762 0.999649 0.7775
0.666613 0.291407 0.999239 0.78575
0.680353 0.293705 0.999259 0.77925
0.694222 0.296219 0.999163 0.77575
0.629926 0.288787 0.999278 0.7775
0.618526 0.289345 0.999311 0.78775
0.607559 0.290359 0.999304 0.795
0.726372 0.325 0.999205 0.80225
0.594971 0.32113 0.99946 0.8015
0.677225 0.404192 0.999648 0.78925
0.625453 0.400602 0.999714 0.7745
0.834298 0.620721 0.995171 0.74725
0.47357 0.621038 0.998966 0.85475
0.940611 0.918082 0.933442 0
0.23862 0.815233 0.971629 0.691
0.983755 1.18005 0.890017 -111
-0.00554476 0.867099 0.959266 -111
1.01527 1.27562 0.858379 -111
-0.105435 0.899035 0.927162 -111
0.982224 1.25916 0.86566 -111
-0.101137 0.889271 0.938626 -111
0.961758 1.22656 0.863384 -111
-0.0668457 0.895271 0.940215 -111
0.77825 1.33896 0.0258127 -111
0.525542 1.33366 0.0387769 -111
0.754037 1.88894 0.0101382 -111
0.529399 1.87647 0.00462089 -111
0.76874 2.43171 0.000865524 -111
0.532474 2.42317 0.000314192 -111
0.77899 2.51355 0.00046506 -111
0.526113 2.49819 0.000682551 -111
0.731822 2.57426 0.000605775 -111
0.556575 2.57637 0.000975436 -111
fused:
0.0863189 -0.178617 1.23673 0.999931
nose real0:(375.628,184.834), cal0:(373.879,161.899)
nose real1:(413.528,165.486), cal1:(415.713,188.607)

0.091744 -0.21721 1.18456 0.999874
left eye (inner) real0:(380.593,162.798), cal0:(378.477,138.496)
left eye (inner) real1:(426.633,139.875), cal1:(428.897,164.642)

0.106338 -0.213145 1.17587 0.999856
left eye real0:(388.361,163.951), cal0:(386.277,139.759)
left eye real1:(435.426,140.978), cal1:(437.696,165.738)

0.121295 -0.209965 1.1677 0.999869
left eye (outer) real0:(396.369,164.235), cal0:(394.353,140.633)
left eye (outer) real1:(444.302,142.185), cal1:(446.532,166.456)

0.0470294 -0.222712 1.19846 0.999888
right eye (inner) real0:(357.702,161.577), cal0:(355.523,137.015)
right eye (inner) real1:(403.152,138.618), cal1:(405.4,163.326)

0.0289537 -0.221079 1.19477 0.99987
right eye real0:(348.707,162.256), cal0:(346.507,137.491)
right eye real1:(395.857,138.885), cal1:(398.109,163.665)

0.00990777 -0.218282 1.18748 0.999888
right eye (outer) real0:(339.177,163.157), cal0:(336.96,138.224)
right eye (outer) real1:(388.838,139.373), cal1:(391.093,164.187)

0.127455 -0.174693 1.10947 0.999878
left ear real0:(402.661,175.573), cal0:(400.963,154.068)
left ear real1:(464.878,156), cal1:(466.955,178.159)

-0.0261953 -0.182388 1.15325 0.999911
right ear real0:(320.381,178.911), cal0:(318.302,153.651)
right ear real1:(380.782,154.143), cal1:(383.081,178.931)

0.114426 -0.120119 1.21441 0.999932
mouth (left) real0:(389.854,209.875), cal0:(388.554,189.252)
mouth (left) real1:(433.424,194.012), cal1:(435.47,214.84)

0.0603652 -0.126725 1.25474 0.999942
mouth (right) real0:(362.328,210.922), cal0:(360.851,187.999)
mouth (right) real1:(400.29,192.289), cal1:(402.518,215.056)

0.244376 0.0765735 1.09674 0.999485
left shoulder real0:(465.939,299.121), cal0:(465.81,290.657)
left shoulder real1:(533.951,297.946), cal1:(534.938,306.745)

-0.155897 0.0756876 1.2818 0.99952
right shoulder real0:(259.404,310.284), cal0:(258.881,284.184)
right shoulder real1:(303.085,298.098), cal1:(305.715,321.848)

0.504328 0.338603 1.24166 0.952967
left elbow real0:(576.852,388.99), cal0:(575.962,412.587)
left elbow real1:(601.991,440.679), cal1:(598.662,414.673)

-0.407384 0.405356 1.84034 0.971629
right elbow real0:(196.698,459.428), cal0:(198.961,381.071)
right elbow real1:(152.717,391.312), cal1:(160.095,450.18)

0.912751 0.675674 1.63122 0.928708
left wrist real0:(672.931,430), cal0:(668.107,497.635)
left wrist real1:(629.604,566.425), cal1:(618.6,486.887)

-1.63627 2.38942 7.7681 0.959266
right wrist real0:(195.703,608.352), cal0:(205.403,433.556)
right wrist real1:(-3.54865,416.208), cal1:(11.9668,532.464)

1.10086 0.82308 1.76455 0.883146
left pinky real0:(714.038,441.145), cal0:(706.749,529.029)
left pinky real1:(649.772,612.296), cal1:(635.349,510.702)

-883.467 1315.18 3952.23 0.927162
right pinky real0:(186.74,651.54), cal0:(197.656,448.686)
right pinky real1:(-67.4787,431.537), cal1:(-48.9155,559.97)

1.12873 0.8549 1.88385 0.889631
left index real0:(698.688,436.992), cal0:(691.904,521.428)
left index real1:(628.623,604.395), cal1:(614.976,507.714)

-1667.9 2563.2 7882.17 0.938626
right index real0:(207.857,642.819), cal0:(204.824,444.132)
right index real1:(-64.7275,426.85), cal1:(-39.1556,552.425)

1.05318 0.816159 1.85453 0.892925
left thumb real0:(678.895,438.735), cal0:(673.12,513.184)
left thumb real1:(615.525,588.747), cal1:(603.505,503.069)

-1250.78 2145.49 6575.43 0.940215
right thumb real0:(214.899,628.633), cal0:(217.67,444.792)
right thumb real1:(-42.7813,429.73), cal1:(-21.5585,549.897)

0.257508 0.815961 1.34642 0.0459064
left hip real0:(446.886,612.604), cal0:(446.846,612.908)
left hip real1:(498.08,642.703), cal1:(497.939,641.808)

-0.0722606 0.845115 1.46436 0.0441734
right hip real0:(298.953,621.011), cal0:(302.302,595.54)
right hip real1:(336.347,640.159), cal1:(340.776,668.302)

0.351888 1.68769 1.68044 0.0101382
left knee real0:(454.6,865.503), cal0:(457.749,852.275)
left knee real1:(482.584,906.69), cal1:(482.786,907.74)

0.00333972 1.69061 1.83796 0.00462089
right knee real0:(315.301,879.296), cal0:(333.04,801.501)
right knee real1:(338.815,900.703), cal1:(340.425,909.201)

0.42623 2.5991 1.88568 0.000865524
left ankle real0:(461.657,1095.06), cal0:(467.742,1077.05)
left ankle real1:(491.993,1167.22), cal1:(492.076,1167.59)

0.0863126 2.91204 2.29905 0.000314192
right ankle real0:(322.576,1108.36), cal0:(354.502,1009.92)
right ankle real1:(340.783,1163.12), cal1:(341.1,1164.54)

0.42431 2.6729 1.86117 0.00046506
left heel real0:(462.555,1129.78), cal0:(468.91,1111.8)
left heel real1:(498.554,1206.51), cal1:(498.885,1207.92)

0.0745534 3.06048 2.33604 0.000682551
right heel real0:(314.821,1143.69), cal0:(351.121,1036.06)
right heel real1:(336.712,1199.13), cal1:(337.119,1200.91)

0.568852 3.4885 2.37062 0.000605775
left foot index real0:(467.297,1157.43), cal0:(476.106,1133.08)
left foot index real1:(468.366,1235.64), cal1:(468.922,1237.99)

0.314683 4.10148 2.95209 0.000975436
right foot index real0:(364.779,1172.26), cal0:(395.987,1083.68)
right foot index real1:(356.208,1236.66), cal1:(356.569,1238.21)

