camera0:
0.9791 0.18077 0.9957 0
0.952224 0.0846725 0.993106 0
0.958622 0.0879065 0.991391 0
0.963538 0.0913901 0.987298 0
0.894752 0.0847861 0.997779 0
0.88068 0.0913947 0.998571 0
0.847817 0.0941716 0.998716 0
0.936172 0.129454 0.988627 0
0.790015 0.131085 0.999627 0
0.960454 0.228367 0.993808 0
0.9 0.227466 0.999045 0
0.959873 0.420485 0.948374 0.61225
0.533852 0.537232 0.998079 0
1.06549 0.78997 0.146138 -111
0.365932 1.04263 0.939514 -111
0.992621 1.0331 0.147871 -111
0.481984 1.32121 0.657723 -111
0.978517 1.11953 0.150461 -111
0.506828 1.42796 0.575613 -111
0.968889 1.08112 0.159576 -111
0.553905 1.36776 0.618227 -111
0.95948 1.05317 0.159502 -111
0.549824 1.32336 0.586041 -111
0.900273 1.21941 0.0367361 -111
0.633727 1.29383 0.0492263 -111
0.895826 1.64299 0.00767279 -111
0.686818 1.68755 0.0314851 -111
0.90467 2.12391 0.00167886 -111
0.70618 2.14795 0.00528168 -111
0.890206 2.21046 0.00163078 -111
0.668945 2.22723 0.00611008 -111
0.985497 2.29527 0.00686859 -111
0.845821 2.29656 0.0109125 -111
camera1:
0.375855 0.15704 0.982407 0
0.405218 0.0491971 0.967568 0
0.437626 0.0494265 0.968074 0
0.465998 0.0524547 0.973954 0
0.345944 0.0583358 0.954315 0
0.330094 0.0670504 0.94804 0
0.310521 0.0789847 0.946664 0
0.535657 0.0688069 0.980757 0
0.313595 0.0892177 0.95819 0
0.442007 0.256762 0.995077 0
0.370212 0.270634 0.991949 0
0.742856 0.447712 0.997804 0
0.174929 0.510056 0.995669 0.52625
0.935721 0.87351 0.852915 0
-0.0700909 0.938639 0.604968 -111
1.09104 1.30613 0.166128 -111
-0.246615 1.20216 0.181048 -111
1.15908 1.42558 0.123053 -111
-0.320443 1.28733 0.141221 -111
1.12261 1.4416 0.149478 -111
-0.292034 1.27231 0.164123 -111
1.08583 1.40618 0.171609 -111
-0.254508 1.25686 0.191737 -111
0.687309 1.31114 0.0270663 -111
0.338157 1.33818 0.0270105 -111
0.733598 2.06297 0.0192974 -111
0.415082 2.07958 0.0169576 -111
0.776732 2.72782 0.00934599 -111
0.464878 2.73876 0.00864261 -111
0.794876 2.83042 0.00940925 -111
0.463663 2.83491 0.0113803 -111
0.730496 2.95491 0.0066242 -111
0.521134 2.98011 0.00645679 -111
fused:
195917 -172432 526509 0.9957
nose real0:(626.624,86.7694), cal0:(555.496,51.8731)
nose real1:(240.547,75.3792), cal1:(323.516,109.326)

168819 -185317 451635 0.993106
left eye (inner) real0:(609.423,40.6428), cal0:(556.511,2.0972)
left eye (inner) real1:(259.339,23.6146), cal1:(321.207,64.9058)

165702 -171609 419834 0.991391
left eye real0:(613.518,42.1951), cal0:(569.059,3.04088)
left eye real1:(280.081,23.7247), cal1:(332.016,66.4626)

160032 -157937 388507 0.987298
left eye (outer) real0:(616.664,43.8672), cal0:(579.411,4.38308)
left eye (outer) real1:(298.239,25.1783), cal1:(340.865,68.2266)

146970 -192987 477252 0.997779
right eye (inner) real0:(572.641,40.6973), cal0:(516.954,5.67573)
right eye (inner) real1:(221.404,28.0012), cal1:(286.588,65.8051)

141868 -193386 486672 0.998571
right eye real0:(563.635,43.8694), cal0:(507.075,9.88697)
right eye real1:(211.26,32.1842), cal1:(277.906,69.0643)

126810 -189878 485964 0.998716
right eye (outer) real0:(542.603,45.2024), cal0:(488.715,13.8773)
right eye (outer) real1:(198.734,37.9127), cal1:(261.269,71.6811)

79472.2 -70530 184870 0.988627
left ear real0:(599.15,62.138), cal0:(590.205,19.4144)
left ear real1:(342.821,33.0273), cal1:(350.892,81.9707)

97656.5 -159864 432692 0.999627
right ear real0:(505.61,62.921), cal0:(467.537,26.6541)
right ear real1:(200.701,42.8245), cal1:(242.107,82.4187)

182832 -123952 465172 0.995077
mouth (left) real0:(614.69,109.616), cal0:(568.074,88.5554)
mouth (left) real1:(282.884,123.246), cal1:(336.74,142.648)

161348 -132761 508666 0.999045
mouth (right) real0:(576,109.184), cal0:(522.509,91.8409)
mouth (right) real1:(236.936,129.904), cal1:(296.917,144.887)

1.3954 -0.283574 2.97498 0.997804
left shoulder real0:(614.319,201.833), cal0:(613.734,191.411)
left shoulder real1:(475.428,214.902), cal1:(476.482,225.418)

1964.43 -9379.7 215364 0.998079
right shoulder real0:(341.665,257.871), cal0:(337.428,222.522)
right shoulder real1:(111.954,244.827), cal1:(117.596,278.011)

1.08396 0.533308 1.86936 0.852915
left elbow real0:(681.912,379.186), cal0:(680.306,420.152)
left elbow real1:(598.861,419.285), cal1:(598.691,417.958)

-64787.3 122057 367100 0.939514
right elbow real0:(234.196,500.46), cal0:(225.923,448.518)
right elbow real1:(-44.8582,450.547), cal1:(-10.3706,552.33)

0.520585 0.584916 1.0624 0.166128
left wrist real0:(635.278,495.889), cal0:(626.329,579.578)
left wrist real1:(698.263,626.945), cal1:(687.865,557.408)

-29175.2 260042 422815 0.657723
right wrist real0:(308.47,634.179), cal0:(290.494,618.32)
right wrist real1:(-157.833,577.039), cal1:(80.13,739.17)

0.437689 0.54582 0.918713 0.150461
left pinky real0:(626.251,537.372), cal0:(618.161,605.751)
left pinky real1:(741.814,684.279), cal1:(725.479,577.617)

-17152 279440 397481 0.575613
right pinky real0:(324.37,685.419), cal0:(306.024,671.206)
right pinky real1:(-205.084,617.917), cal1:(101.981,797.85)

0.451174 0.586322 0.977483 0.159576
left index real0:(620.089,518.937), cal0:(609.241,609.185)
left index real1:(718.472,691.968), cal1:(702.107,585.532)

-276.547 289637 441140 0.618227
right index real0:(354.499,656.525), cal0:(331.571,643.283)
right index real1:(-186.902,610.71), cal1:(131.595,753.809)

0.465493 0.614493 1.03492 0.171609
left thumb real0:(614.067,505.519), cal0:(602.163,605.538)
left thumb real1:(694.928,674.967), cal1:(681.285,586.016)

-9397.58 304920 496478 0.586041
right thumb real0:(351.888,635.215), cal0:(320.576,617.803)
right thumb real1:(-162.885,603.294), cal1:(117.112,727.379)

2.06376 2.92402 5.09629 0.0367361
left hip real0:(576.174,585.315), cal0:(575.229,593.516)
left hip real1:(439.878,629.348), cal1:(437.61,614.444)

5.81439 27.5734 46.2721 0.0492263
right hip real0:(405.585,621.039), cal0:(407.438,606.822)
right hip real1:(216.42,642.324), cal1:(222.957,683.96)

1.13976 3.74601 3.32861 0.0192974
left knee real0:(573.328,788.637), cal0:(537.657,925.045)
left knee real1:(469.503,990.224), cal1:(465.65,971.054)

19365.4 111553 114924 0.0314851
right knee real0:(439.564,810.022), cal0:(433.181,832.055)
right knee real1:(265.652,998.197), cal1:(257.509,934.075)

0.736716 4.01092 2.5232 0.00934599
left ankle real0:(578.989,1019.48), cal0:(507.358,1204.04)
left ankle real1:(497.108,1309.35), cal1:(495.915,1304.53)

1.83624 18.2342 12.5828 0.00864261
right ankle real0:(451.955,1031.01), cal0:(419.619,1119.61)
right ankle real1:(297.522,1314.6), cal1:(291.448,1289.13)

0.606436 3.66741 2.21908 0.00940925
left heel real0:(569.732,1061.02), cal0:(496.126,1241.93)
left heel real1:(508.721,1358.6), cal1:(507.618,1354.27)

0.735956 10.3213 6.86777 0.0113803
right heel real0:(428.125,1069.07), cal0:(396.326,1151.89)
right heel real1:(296.744,1360.76), cal1:(292.334,1342.8)

37.4811 145.494 89.5674 0.00686859
left foot index real0:(630.718,1101.73), cal0:(583.349,1224.94)
left foot index real1:(467.517,1418.36), cal1:(440.38,1307.94)

56622.4 306816 201917 0.0109125
right foot index real0:(541.325,1102.35), cal0:(500.417,1161.91)
right foot index real1:(333.526,1430.45), cal1:(351.638,1290.72)

