camera0:
0.576457 0.385386 0.99993 0.8235
0.584942 0.338695 0.999866 0.8265
0.595522 0.340362 0.99985 0.83025
0.606183 0.342274 0.999862 0.83525
0.550303 0.340014 0.999883 0.8235
0.536173 0.342919 0.999866 0.8335
0.522886 0.345919 0.999875 0.83175
0.616029 0.371651 0.999867 0.84425
0.497188 0.377124 0.999902 0.8565
0.600716 0.441168 0.999929 0.82
0.55383 0.441029 0.999942 0.83125
0.707591 0.624262 0.999553 0.922
0.401002 0.649157 0.999533 0.81225
0.872809 0.782222 0.951843 0.74425
0.340129 0.967064 0.87269 0
1.05986 0.848288 0.923589 -111
0.374681 1.30315 0.759966 -111
1.13744 0.868825 0.872548 -111
0.370157 1.40715 0.726576 -111
1.11501 0.868762 0.884139 -111
0.400143 1.39305 0.74156 -111
1.07865 0.877282 0.888318 -111
0.40546 1.3579 0.757567 -111
0.699872 1.27078 0.0431752 -111
0.475035 1.2963 0.0393408 -111
0.727834 1.79391 0.00256506 -111
0.515056 1.83683 0.00154045 -111
0.744076 2.27045 0.000123584 -111
0.525369 2.32332 4.90369e-05 -111
0.740905 2.3465 0.000130165 -111
0.503663 2.4038 0.000107617 -111
0.785438 2.39601 0.000233519 -111
0.622961 2.44812 0.000158584 -111
camera1:
0.619401 0.349359 0.999376 0.75425
0.640214 0.294125 0.998533 0.775
0.655181 0.295534 0.998629 0.769
0.671551 0.297209 0.998301 0.76775
0.602707 0.294281 0.998652 0.78375
0.591859 0.295601 0.998821 0.78775
0.582054 0.297721 0.998776 0.7955
0.711396 0.325112 0.998465 0.79075
0.576773 0.32933 0.999041 0.804
0.653392 0.407279 0.999452 0.76825
0.603251 0.408418 0.999529 0.7805
0.838056 0.625416 0.994785 0.7535
0.470785 0.62724 0.998848 0.85475
0.920282 0.947948 0.864331 0
0.232432 0.816525 0.966869 0.66175
0.901687 1.26624 0.755826 -111
-0.0165415 0.888438 0.934091 -111
0.906025 1.38332 0.724517 -111
-0.109715 0.920399 0.882046 -111
0.860285 1.35638 0.742071 -111
-0.105887 0.906669 0.909765 -111
0.850502 1.31034 0.740577 -111
-0.0715248 0.910159 0.914311 -111
0.777631 1.35323 0.0221366 -111
0.524846 1.33977 0.0330912 -111
0.743659 1.85911 0.0146955 -111
0.52158 1.84186 0.00677353 -111
0.758822 2.40494 0.00132909 -111
0.519763 2.404 0.000626264 -111
0.77247 2.49544 0.000647228 -111
0.518644 2.49251 0.00117627 -111
0.7148 2.55396 0.000814993 -111
0.530091 2.56215 0.00126189 -111
fused:
0.0759782 -0.185709 1.29427 0.99993
nose real0:(368.932,184.985), cal0:(367.215,162.464)
nose real1:(396.417,167.692), cal1:(398.552,190.285)

0.0831198 -0.227171 1.23874 0.999866
left eye (inner) real0:(374.363,162.574), cal0:(372.259,138.483)
left eye (inner) real1:(409.737,141.18), cal1:(411.972,165.643)

0.0958025 -0.222135 1.22167 0.99985
left eye real0:(381.134,163.374), cal0:(379.06,139.42)
left eye real1:(419.316,141.856), cal1:(421.551,166.273)

0.107874 -0.216103 1.20078 0.999862
left eye (outer) real0:(387.957,164.291), cal0:(385.919,140.538)
left eye (outer) real1:(429.793,142.66), cal1:(432.026,166.99)

0.0378555 -0.230652 1.2585 0.999883
right eye (inner) real0:(352.194,163.207), cal0:(350.019,138.551)
right eye (inner) real1:(385.732,141.255), cal1:(387.983,165.958)

0.0187512 -0.227309 1.25194 0.999866
right eye real0:(343.151,164.601), cal0:(340.946,139.578)
right eye real1:(378.79,141.888), cal1:(381.061,166.817)

0.00100318 -0.223367 1.24453 0.999875
right eye (outer) real0:(334.647,166.041), cal0:(332.432,140.832)
right eye (outer) real1:(372.515,142.906), cal1:(374.794,167.897)

0.112703 -0.173766 1.11912 0.999867
left ear real0:(394.258,178.392), cal0:(392.449,155.382)
left ear real1:(455.293,156.054), cal1:(457.509,179.671)

-0.0313712 -0.184063 1.19548 0.999902
right ear real0:(318.2,181.019), cal0:(316.183,156.165)
right ear real1:(369.135,158.078), cal1:(371.399,182.409)

0.107863 -0.123018 1.26646 0.999929
mouth (left) real0:(384.458,211.761), cal0:(383.115,190.32)
mouth (left) real1:(418.171,195.494), cal1:(420.291,217.053)

0.0453925 -0.12676 1.29229 0.999942
mouth (right) real0:(354.451,211.694), cal0:(353.05,189.747)
mouth (right) real1:(386.081,196.041), cal1:(388.206,217.718)

0.210822 0.0759806 1.04845 0.999553
left shoulder real0:(452.858,299.646), cal0:(452.75,292.25)
left shoulder real1:(536.356,300.2), cal1:(537.215,307.85)

-0.161212 0.0796622 1.27785 0.999533
right shoulder real0:(256.641,311.595), cal0:(256.157,286.163)
right shoulder real1:(301.302,301.075), cal1:(303.867,324.174)

0.468289 0.331496 1.24781 0.951843
left elbow real0:(558.598,375.467), cal0:(557.408,408.356)
left elbow real1:(588.98,455.015), cal1:(583.65,413.223)

-0.400819 0.472984 2.152 0.966869
right elbow real0:(217.683,464.191), cal0:(220.053,380.787)
right elbow real1:(148.757,391.932), cal1:(155.982,449.643)

1.45953 1.00986 2.56956 0.923589
left wrist real0:(678.311,407.178), cal0:(673.188,484.89)
left wrist real1:(577.08,607.794), cal1:(559.997,482.807)

-2851.65 5773.98 18713.9 0.934091
right wrist real0:(239.796,625.511), cal0:(240.403,434.125)
right wrist real1:(-10.5866,426.45), cal1:(8.36079,531.288)

2.60746 1.79054 4.03288 0.872548
left pinky real0:(727.96,417.036), cal0:(720.372,515.526)
left pinky real1:(579.856,663.992), cal1:(558.03,508.235)

-6023.15 10043.6 29483.7 0.882046
right pinky real0:(236.901,675.433), cal0:(209.22,453.422)
right pinky real1:(-70.2176,441.792), cal1:(-32.8654,562.75)

3.36467 2.34719 5.39541 0.884139
left index real0:(713.607,417.006), cal0:(706.595,510.147)
left index real1:(550.583,651.06), cal1:(530.625,508.08)

-6274.32 10666.5 32261.7 0.909765
right index real0:(256.091,668.663), cal0:(215.11,447.399)
right index real1:(-67.7674,435.201), cal1:(-25.0009,553.766)

2.51423 1.81072 4.28564 0.888318
left thumb real0:(690.336,421.095), cal0:(684.394,502.619)
left thumb real1:(544.321,628.961), cal1:(526.853,503.143)

-5287.26 10116.3 30542.4 0.914311
right thumb real0:(259.494,651.793), cal0:(227.949,447.756)
right thumb real1:(-45.7758,436.876), cal1:(-7.67213,550.878)

0.261644 0.822202 1.35897 0.0431752
left hip real0:(447.918,609.976), cal0:(447.614,612.305)
left hip real1:(497.684,649.549), cal1:(496.388,641.297)

-0.0619418 0.873641 1.49991 0.0393408
right hip real0:(304.022,622.225), cal0:(307.138,598.749)
right hip real1:(335.901,643.088), cal1:(340.366,671.382)

0.424892 1.81688 1.84314 0.0146955
left knee real0:(465.814,861.078), cal0:(470.44,841.118)
left knee real1:(475.942,892.373), cal1:(476.044,892.908)

0.0639081 1.86858 2.08533 0.00677353
right knee real0:(329.636,881.68), cal0:(350.359,787.215)
right knee real1:(333.811,884.095), cal1:(334.562,888.121)

0.531971 2.89604 2.11895 0.00132909
left ankle real0:(476.208,1089.82), cal0:(482.772,1070.08)
left ankle real1:(485.646,1154.37), cal1:(485.678,1154.51)

0.179605 3.46666 2.75103 0.000626264
right ankle real0:(336.236,1115.2), cal0:(371.17,1006.02)
right ankle real1:(332.648,1153.92), cal1:(332.764,1154.44)

0.502456 2.89746 2.02791 0.000647228
left heel real0:(474.179,1126.32), cal0:(480.8,1107.38)
left heel real1:(494.381,1197.81), cal1:(494.527,1198.44)

0.130337 3.42502 2.61471 0.00117627
right heel real0:(322.344,1153.82), cal0:(361.895,1035.93)
right heel real1:(331.932,1196.4), cal1:(332.104,1197.16)

0.985979 4.9385 3.35395 0.000814993
left foot index real0:(502.68,1150.09), cal0:(508.558,1133.61)
left foot index real1:(457.472,1225.9), cal1:(457.734,1227.02)

0.848015 7.28107 5.22213 0.00126189
right foot index real0:(398.695,1175.1), cal0:(429.505,1086.63)
right foot index real1:(339.258,1229.83), cal1:(339.513,1230.93)

