camera0:
0.855162 0.15975 0.999648 0
0.888375 0.0893496 0.999053 0
0.90662 0.0951806 0.99888 0
0.931112 0.101554 0.997939 0
0.820244 0.076056 0.999611 0
0.791855 0.0769044 0.9997 0
0.769177 0.0777231 0.999687 0
0.921398 0.154044 0.998287 0
0.692338 0.109335 0.999859 0.50825
0.86877 0.267567 0.998892 0
0.798204 0.260891 0.999826 0
0.92433 0.495923 0.975042 0.5995
0.48577 0.523104 0.999358 0
1.06868 0.657831 0.794453 -111
0.22202 0.866589 0.867465 0
1.0576 0.670338 0.767121 -111
0.0790719 1.24453 0.706506 -111
1.04871 0.682894 0.71879 -111
0.0400135 1.31407 0.669257 -111
1.04811 0.648747 0.732518 -111
0.0744194 1.30111 0.690943 -111
1.03366 0.631088 0.741104 -111
0.104217 1.28365 0.707977 -111
0.808091 1.19963 0.0458772 -111
0.581369 1.22469 0.0575538 -111
0.829225 1.27851 0.0111736 -111
0.636065 1.4107 0.0247538 -111
0.779473 1.5255 0.00183893 -111
0.686192 1.56629 0.00382337 -111
0.743222 1.5711 0.00178683 -111
0.64412 1.59838 0.00403213 -111
0.854426 1.64827 0.00418364 -111
0.847152 1.63324 0.00581373 -111
camera1:
0.359645 0.226326 0.99429 0
0.399625 0.108319 0.985351 0
0.422566 0.113022 0.98843 0
0.453577 0.119264 0.988082 0
0.334759 0.107055 0.98111 0
0.317362 0.111315 0.98154 0
0.325356 0.158868 0.979695 0
0.534402 0.142489 0.992638 0
0.318983 0.127206 0.988603 0
0.409828 0.30114 0.997528 0
0.34851 0.304714 0.997017 0
0.738736 0.447957 0.99528 0
0.21738 0.472176 0.997056 0.54725
0.917094 0.85265 0.773347 0
-0.0553605 0.833555 0.893107 -111
0.952238 1.23893 0.517635 -111
-0.18187 1.12567 0.71707 -111
0.998316 1.36557 0.484851 -111
-0.245572 1.22034 0.642413 -111
0.940609 1.37047 0.510291 -111
-0.214084 1.22063 0.68333 -111
0.917512 1.33274 0.516281 -111
-0.17571 1.20289 0.703412 -111
0.662545 1.20356 0.11987 -111
0.341073 1.20952 0.126581 -111
0.674392 1.85913 0.122647 -111
0.363798 1.85428 0.109106 -111
0.673078 2.42305 0.0620287 -111
0.378522 2.41574 0.0574092 -111
0.68382 2.51384 0.0625342 -111
0.374382 2.49933 0.075428 -111
0.609713 2.63799 0.0439724 -111
0.429923 2.65078 0.0428065 -111
fused:
60636.6 -65118.4 212250 0.999648
nose real0:(547.303,76.6801), cal0:(503.577,64.3141)
nose real1:(230.173,108.636), cal1:(278.01,118.981)

62358.8 -72684.4 189206 0.999053
left eye (inner) real0:(568.56,42.8878), cal0:(529.948,17.826)
left eye (inner) real1:(255.76,51.9932), cal1:(298.953,77.5306)

64824 -69869.6 183763 0.99888
left eye real0:(580.237,45.6867), cal0:(543.873,20.193)
left eye real1:(270.442,54.2505), cal1:(311.377,80.3767)

67587.7 -65992.6 175810 0.997939
left eye (outer) real0:(595.911,48.7461), cal0:(562.903,23.1092)
left eye (outer) real1:(290.289,57.2468), cal1:(328.05,83.9177)

50089.9 -76523.2 196897 0.999611
right eye (inner) real0:(524.956,36.5069), cal0:(484.78,15.1263)
right eye (inner) real1:(214.245,51.3863), cal1:(257.682,72.6134)

44345.6 -74921.5 194178 0.9997
right eye real0:(506.787,36.9141), cal0:(469.148,16.8135)
right eye real1:(203.112,53.4311), cal1:(243.073,73.3019)

39886.9 -66513.3 181615 0.999687
right eye (outer) real0:(492.273,37.3071), cal0:(463.89,28.5969)
right eye (outer) real1:(208.228,76.2564), cal1:(238.741,84.0549)

30164.1 -24549.2 71890.6 0.998287
left ear real0:(589.695,73.9411), cal0:(584.019,43.472)
left ear real1:(342.018,68.3946), cal1:(347.306,102.872)

17720.4 -37423.2 103033 0.999859
right ear real0:(443.096,52.4807), cal0:(435.272,30.4094)
right ear real1:(204.149,61.0588), cal1:(211.05,84.3135)

62431.3 -45209.7 196123 0.998892
mouth (left) real0:(556.013,128.432), cal0:(523.187,110.16)
mouth (left) real1:(262.29,144.547), cal1:(298.68,161.841)

49110.2 -46661 201366 0.999826
mouth (right) real0:(510.85,125.227), cal0:(478.466,109.435)
mouth (right) real1:(223.047,146.263), cal1:(257.326,160.832)

1.09771 -0.156822 2.55248 0.99528
left shoulder real0:(591.571,238.043), cal0:(590.31,211.773)
left shoulder real1:(472.791,215.02), cal1:(475.637,242.768)

-0.230751 -0.3626 5.98494 0.999358
right shoulder real0:(310.893,251.09), cal0:(308.785,212.286)
right shoulder real1:(139.123,226.645), cal1:(142.778,262.909)

1.21001 0.368182 2.06808 0.794453
left elbow real0:(683.956,315.759), cal0:(683.446,355.691)
left elbow real1:(586.94,409.272), cal1:(581.254,362.075)

-1.28896 0.734945 4.10023 0.893107
right elbow real0:(142.093,415.963), cal0:(143.091,356.421)
right elbow real1:(-35.4307,400.106), cal1:(-29.9447,445.192)

1.12522 0.500327 1.97413 0.767121
left wrist real0:(676.864,321.762), cal0:(674.374,401.012)
left wrist real1:(609.432,594.688), cal1:(585.199,402.525)

-1.29732 1.10892 2.87248 0.71707
right wrist real0:(50.606,597.375), cal0:(60.6201,480.706)
right wrist real1:(-116.397,540.322), cal1:(-104.59,622.961)

0.923493 0.484998 1.65505 0.71879
left pinky real0:(671.175,327.789), cal0:(667.165,424.81)
left pinky real1:(638.922,655.472), cal1:(608.697,421.382)

-1.43837 1.29217 2.93935 0.669257
right pinky real0:(25.6087,630.756), cal0:(37.9641,512.898)
right pinky real1:(-157.166,585.764), cal1:(-143.67,676.427)

1.18566 0.596572 2.12754 0.732518
left index real0:(670.79,311.398), cal0:(666.748,417.216)
left index real1:(601.989,657.824), cal1:(571.414,419.263)

-1.48307 1.43 3.26716 0.690943
right index real0:(47.6284,624.531), cal0:(59.2424,511.742)
right index real1:(-137.014,585.903), cal1:(-124.708,668.896)

1.21259 0.580934 2.23326 0.741104
left thumb real0:(661.545,302.922), cal0:(658.145,405.031)
left thumb real1:(587.208,639.716), cal1:(558.119,410.087)

-1.43226 1.45856 3.38173 0.707977
right thumb real0:(66.6987,616.154), cal0:(77.5081,507.905)
right thumb real1:(-112.455,577.388), cal1:(-100.656,657.496)

0.971884 1.57565 3.11344 0.11987
left hip real0:(517.178,575.822), cal0:(519.481,552.844)
left hip real1:(424.029,577.71), cal1:(424.51,580.976)

0.642619 3.80424 8.35701 0.126581
right hip real0:(372.076,587.85), cal0:(378.144,522.275)
right hip real1:(218.287,580.571), cal1:(220.036,592.634)

0.654609 2.57755 2.64631 0.122647
left knee real0:(530.704,613.683), cal0:(480.557,834.066)
left knee real1:(431.611,892.382), cal1:(431.306,890.77)

1.07385 10.5054 11.9456 0.109106
right knee real0:(407.082,677.135), cal0:(385.954,777.23)
right knee real1:(232.83,890.052), cal1:(232.044,885.771)

0.196218 2.36405 1.79899 0.0620287
left ankle real0:(498.863,732.24), cal0:(397.474,1038.45)
left ankle real1:(430.77,1163.07), cal1:(430.722,1162.85)

0.378348 8.807 7.12555 0.0574092
right ankle real0:(439.163,751.818), cal0:(363.847,991.5)
right ankle real1:(242.254,1159.56), cal1:(242.074,1158.74)

0.0920147 2.08134 1.53445 0.0625342
left heel real0:(475.662,754.127), cal0:(367.973,1063.88)
left heel real1:(437.645,1206.64), cal1:(437.599,1206.45)

-7.30739e-05 5.5567 4.37753 0.075428
right heel real0:(412.237,767.224), cal0:(331.938,1011.57)
right heel real1:(239.604,1199.68), cal1:(239.486,1199.15)

0.472797 4.34827 2.99654 0.0439724
left foot index real0:(546.832,791.172), cal0:(426.737,1120.79)
left foot index real1:(390.217,1266.23), cal1:(389.66,1263.9)

21.0005 185.7 130.611 0.0428065
right foot index real0:(542.178,783.957), cal0:(428.543,1103.16)
right foot index real1:(275.151,1272.37), cal1:(274.077,1267.8)

