camera0:
0.963352 0.150973 0.996521 0
0.953357 0.0772581 0.99442 0
0.959408 0.0733957 0.992792 0
0.964341 0.077959 0.989685 0
0.902344 0.0778408 0.998339 0
0.881621 0.0760134 0.9989 0
0.852173 0.0805019 0.99906 0
0.936027 0.129571 0.990842 0
0.785169 0.128187 0.999725 0
0.96445 0.229712 0.994493 0
0.907949 0.229309 0.999191 0
0.958128 0.420525 0.948162 0.6105
0.52365 0.537078 0.998074 0
1.06777 0.783335 0.158474 -111
0.338091 1.06205 0.945943 -111
0.989994 1.06854 0.159771 -111
0.487568 1.3762 0.684677 -111
0.970423 1.15889 0.161239 -111
0.514816 1.48874 0.599097 -111
0.957529 1.1313 0.170388 -111
0.558916 1.42792 0.641068 -111
0.949508 1.09753 0.171242 -111
0.551714 1.38082 0.610953 -111
0.882203 1.20739 0.0384351 -111
0.620238 1.29828 0.0512868 -111
0.879422 1.51641 0.00807272 -111
0.686557 1.6102 0.0323784 -111
0.87385 1.91866 0.00169746 -111
0.708438 1.95536 0.0050832 -111
0.857111 1.99478 0.00169086 -111
0.670173 2.01012 0.00579344 -111
0.959192 2.08562 0.00652409 -111
0.858629 2.10373 0.0103679 -111
camera1:
0.369687 0.156395 0.984477 0
0.40299 0.0448035 0.97144 0
0.432399 0.0445207 0.97242 0
0.46625 0.0461204 0.977398 0
0.335149 0.0577653 0.958618 0
0.313657 0.0665213 0.95278 0
0.29604 0.0809526 0.950612 0
0.53723 0.0649498 0.98359 0
0.302088 0.0900689 0.961154 0
0.438174 0.255973 0.995592 0
0.356356 0.264126 0.992503 0
0.74289 0.447819 0.997838 0
0.172472 0.509902 0.99549 0.5265
0.935157 0.873443 0.850855 0
-0.068629 0.953955 0.589078 -111
1.08802 1.3051 0.173736 -111
-0.239088 1.2484 0.185461 -111
1.16137 1.42322 0.13042 -111
-0.312753 1.3471 0.147893 -111
1.12295 1.44238 0.157168 -111
-0.279982 1.33862 0.17024 -111
1.0847 1.40648 0.179102 -111
-0.242862 1.31653 0.19661 -111
0.681339 1.31526 0.0287427 -111
0.327152 1.34077 0.0285745 -111
0.721949 2.06749 0.0212929 -111
0.396343 2.08565 0.0187307 -111
0.763897 2.72987 0.0103782 -111
0.446609 2.7436 0.00959688 -111
0.78416 2.83489 0.010451 -111
0.446441 2.84115 0.012632 -111
0.713328 2.96541 0.00735518 -111
0.504716 2.99388 0.00716725 -111
fused:
191262 -181467 532611 0.996521
nose real0:(616.545,72.4669), cal0:(547.684,43.9336)
nose real1:(236.6,75.0697), cal1:(316.213,101.895)

172921 -192562 463320 0.99442
left eye (inner) real0:(610.148,37.0839), cal0:(556.166,-1.08076)
left eye (inner) real1:(257.914,21.5057), cal1:(320.707,62.0642)

170323 -181195 433956 0.992792
left eye real0:(614.021,35.2299), cal0:(567.742,-2.24011)
left eye real1:(276.735,21.3699), cal1:(330.554,61.727)

163224 -164179 395446 0.989685
left eye (outer) real0:(617.178,37.4203), cal0:(579.92,-0.816378)
left eye (outer) real1:(298.4,22.1378), cal1:(340.954,63.6937)

154448 -205510 503344 0.998339
right eye (inner) real0:(577.5,37.3636), cal0:(516.289,3.32113)
right eye (inner) real1:(214.496,27.7273), cal1:(285.846,63.629)

145409 -207778 513113 0.9989
right eye real0:(564.237,36.4864), cal0:(502.196,5.3362)
right eye real1:(200.74,31.9302), cal1:(273.182,64.6188)

131671 -203926 514244 0.99906
right eye (outer) real0:(545.391,38.6409), cal0:(485.772,10.3727)
right eye (outer) real1:(189.465,38.8572), cal1:(258.327,68.275)

75744.1 -67371.5 175914 0.990842
left ear real0:(599.057,62.194), cal0:(590.622,18.5315)
left ear real1:(343.827,31.1759), cal1:(351.181,81.2175)

98090.1 -167756 452700 0.999725
right ear real0:(502.508,61.5296), cal0:(462.12,25.9905)
right ear real1:(193.336,43.2331), cal1:(236.899,81.5161)

190196 -128739 483355 0.995592
mouth (left) real0:(617.248,110.262), cal0:(568.343,88.6279)
mouth (left) real1:(280.431,122.867), cal1:(336.976,142.718)

170074 -142310 540752 0.999191
mouth (right) real0:(581.087,110.068), cal0:(520.896,90.5352)
mouth (right) real1:(228.068,126.78), cal1:(295.382,143.654)

1.37713 -0.280669 2.94769 0.997838
left shoulder real0:(613.202,201.852), cal0:(612.619,191.473)
left shoulder real1:(475.45,214.953), cal1:(476.499,225.415)

1.11444 -20.1111 459.228 0.998074
right shoulder real0:(335.136,257.798), cal0:(333.406,222.378)
right shoulder real1:(110.382,244.753), cal1:(113.789,278.037)

1.09816 0.536863 1.88648 0.850855
left elbow real0:(683.37,376.001), cal0:(681.665,419.728)
left elbow real1:(598.5,419.253), cal1:(598.285,417.578)

-47373.9 85810.2 246609 0.945943
right elbow real0:(216.378,509.786), cal0:(216.54,457.816)
right elbow real1:(-43.9225,457.898), cal1:(-22.7379,566.2)

0.522116 0.597265 1.06767 0.173736
left wrist real0:(633.596,512.901), cal0:(625.735,584.894)
left wrist real1:(696.333,626.447), cal1:(686.757,562.709)

-25282.2 270634 411029 0.684677
right wrist real0:(312.044,660.577), cal0:(294.995,644.405)
right wrist real1:(-153.016,599.23), cal1:(86.9783,769.412)

0.424016 0.553055 0.90415 0.161239
left pinky real0:(621.071,556.269), cal0:(613.686,616.311)
left pinky real1:(743.274,683.146), cal1:(728.531,587.809)

-13578 294234 392005 0.599097
right pinky real0:(329.482,714.597), cal0:(311.139,699.79)
right pinky real1:(-200.162,646.607), cal1:(109.708,830.869)

0.433756 0.596043 0.961433 0.170388
left index real0:(612.819,543.023), cal0:(602.986,621.28)
left index real1:(718.69,692.344), cal1:(703.974,597.71)

2344.94 303180 430473 0.641068
right index real0:(357.706,685.4), cal0:(335.221,671.968)
right index real1:(-179.189,642.539), cal1:(137.445,786.823)

0.451663 0.620831 1.0234 0.179102
left thumb real0:(607.685,526.815), cal0:(597.088,613.278)
left thumb real1:(694.208,675.109), cal1:(681.689,594.085)

-6699.87 316614 479628 0.610953
right thumb real0:(353.097,662.796), cal0:(323.556,645.423)
right thumb real1:(-155.432,631.936), cal1:(122.099,759.445)

1.78395 2.62973 4.63022 0.0384351
left hip real0:(564.61,579.549), cal0:(563.412,590.026)
left hip real1:(436.057,631.325), cal1:(433.264,612.936)

3.9261 21.0188 35.1857 0.0512868
right hip real0:(396.952,623.176), cal0:(398.983,607.706)
right hip real1:(209.377,643.57), cal1:(216.252,687.276)

0.885733 3.24035 2.92124 0.0212929
left knee real0:(562.83,727.878), cal0:(514.102,915.334)
left knee real1:(462.048,992.396), cal1:(457.296,968.694)

28668.3 169175 181505 0.0323784
right knee real0:(439.397,772.895), cal0:(426.837,808.856)
right knee real1:(253.66,1001.11), cal1:(249.175,909.808)

0.40756 3.02983 1.94833 0.0103782
left ankle real0:(559.264,920.959), cal0:(457.619,1183.29)
left ankle real1:(488.894,1310.34), cal1:(487.522,1304.78)

0.850907 11.6585 8.20777 0.00959688
right ankle real0:(453.4,938.574), cal0:(394.23,1102.35)
right ankle real1:(285.829,1316.93), cal1:(277.536,1281.94)

0.314314 2.77016 1.71505 0.010451
left heel real0:(548.551,957.496), cal0:(442.049,1219.41)
left heel real1:(501.863,1360.75), cal1:(500.507,1355.41)

0.259354 7.00484 4.75829 0.012632
right heel real0:(428.911,964.855), cal0:(364.693,1133.43)
right heel real1:(285.722,1363.75), cal1:(279.296,1337.47)

3.54855 16.1849 10.2614 0.00735518
left foot index real0:(613.883,1001.1), cal0:(539.701,1196.61)
left foot index real1:(456.53,1423.4), cal1:(425.802,1297.39)

58237.3 332986 229848 0.0103679
right foot index real0:(549.523,1009.79), cal0:(484.165,1119.36)
right foot index real1:(323.018,1437.06), cal1:(331.719,1249.76)

