camera0:
0.953267 0.157575 0.998404 0
0.945197 0.080666 0.997271 0
0.957012 0.0853179 0.996476 0
0.969886 0.088608 0.994879 0
0.892731 0.0745542 0.999184 0
0.864967 0.0761107 0.999425 0
0.841251 0.079656 0.999486 0
0.929918 0.118075 0.99568 0
0.76539 0.115722 0.999827 0
0.958048 0.254906 0.997041 0
0.90491 0.260971 0.999548 0
0.943399 0.424731 0.968041 0.5875
0.528875 0.557428 0.998817 0
0.981195 0.73417 0.534265 0.62075
0.288542 1.00383 0.905932 -111
0.937626 0.975362 0.520175 0
0.3491 1.34119 0.709705 -111
0.92926 1.05574 0.491168 -111
0.35102 1.42917 0.645515 -111
0.918804 1.02948 0.50259 -111
0.395055 1.41074 0.673832 -111
0.904183 1.01051 0.508411 -111
0.401329 1.37285 0.673374 -111
0.852917 1.16761 0.0452787 -111
0.622435 1.26422 0.0561262 -111
0.839142 1.36512 0.00945697 -111
0.723487 1.48558 0.031004 -111
0.817325 1.71399 0.00168928 -111
0.719956 1.75965 0.00471116 -111
0.795931 1.79023 0.00151835 -111
0.661744 1.8072 0.00527561 -111
0.912567 1.82809 0.00552669 -111
0.896476 1.868 0.00847871 -111
camera1:
0.310098 0.148194 0.991246 0
0.343168 0.0201898 0.981246 0
0.376098 0.0218149 0.983576 0
0.413829 0.0481846 0.985691 0
0.280187 0.0289408 0.972286 0
0.298799 0.0634954 0.968407 0
0.282479 0.0646013 0.965547 0
0.501917 0.0598862 0.990879 0
0.267719 0.0627075 0.975006 0
0.369596 0.236616 0.997036 0
0.309467 0.257885 0.995158 0
0.723324 0.40811 0.996374 0
0.163687 0.469954 0.995602 0.5245
0.925193 0.797025 0.802939 0
-0.0156245 0.89576 0.734738 -111
1.05616 1.19135 0.379236 -111
-0.119227 1.17823 0.489736 -111
1.12349 1.30669 0.339062 -111
-0.17375 1.26989 0.433665 -111
1.07848 1.31777 0.365827 -111
-0.148505 1.24878 0.465079 -111
1.04335 1.28424 0.380326 -111
-0.115714 1.22321 0.486788 -111
0.661627 1.21578 0.0821613 -111
0.323809 1.25119 0.0862164 -111
0.714527 1.92765 0.0806221 -111
0.41399 1.95349 0.0716747 -111
0.75529 2.5532 0.0406998 -111
0.461625 2.57065 0.0376682 -111
0.774152 2.64841 0.0410312 -111
0.464095 2.66165 0.049494 -111
0.706315 2.78328 0.0288522 -111
0.515645 2.80718 0.0280885 -111
fused:
141868 -151845 444464 0.998404
nose real0:(610.091,75.6362), cal0:(523.705,43.378)
nose real1:(198.462,71.1333), cal1:(294.969,100.444)

131249 -166319 391957 0.997271
left eye (inner) real0:(604.926,38.7197), cal0:(533.117,-6.31964)
left eye (inner) real1:(219.627,9.69112), cal1:(300.261,55.9706)

134387 -157671 373656 0.996476
left eye real0:(612.487,40.9526), cal0:(548.016,-4.89989)
left eye real1:(240.703,10.4712), cal1:(313.408,58.1739)

137449 -145484 354350 0.994879
left eye (outer) real0:(620.727,42.5319), cal0:(564.98,1.95215)
left eye (outer) real1:(264.851,23.1286), cal1:(328.467,65.2673)

111698 -174584 414140 0.999184
right eye (inner) real0:(571.348,35.786), cal0:(493.981,-4.65389)
right eye (inner) real1:(179.32,13.8916), cal1:(265.046,54.9569)

103593 -159899 393436 0.999425
right eye real0:(553.579,36.5331), cal0:(490.131,4.44632)
right eye real1:(191.231,30.4778), cal1:(262.027,63.0712)

94655.8 -158895 393703 0.999486
right eye (outer) real0:(538.401,38.2349), cal0:(476.386,6.14421)
right eye (outer) real1:(180.786,31.0086), cal1:(249.295,63.7979)

90396.9 -86495.6 221362 0.99568
left ear real0:(595.147,56.6758), cal0:(577.28,13.8662)
left ear real1:(321.227,28.7454), cal1:(339.686,76.4521)

66412.1 -138150 356939 0.999827
right ear real0:(489.85,55.5464), cal0:(443.726,16.09)
right ear real1:(171.34,30.0996), cal1:(218.559,71.1641)

149039 -111881 423638 0.997041
mouth (left) real0:(613.151,122.355), cal0:(543.302,89.979)
mouth (left) real1:(236.541,113.576), cal1:(315.313,143.52)

129016 -113975 450838 0.999548
mouth (right) real0:(579.142,125.266), cal0:(503.868,96.7637)
mouth (right) real1:(198.059,123.785), cal1:(280.26,149.176)

1.36946 -0.333993 3.04087 0.996374
left shoulder real0:(603.775,203.871), cal0:(602.502,182.688)
left shoulder real1:(462.928,195.893), cal1:(465.132,218.138)

282.264 -9297.15 178137 0.998817
right shoulder real0:(338.48,267.566), cal0:(332.9,217.331)
right shoulder real1:(104.76,225.578), cal1:(112.227,272.773)

0.746079 0.304953 1.51583 0.802939
left elbow real0:(627.965,352.401), cal0:(627.64,369.603)
left elbow real1:(592.123,382.572), cal1:(591.106,374.256)

-1.48049 1.70744 6.16907 0.905932
right elbow real0:(184.667,481.839), cal0:(187.773,415.034)
right elbow real1:(-9.99965,429.965), cal1:(0.754212,512.248)

0.460945 0.449499 1.0446 0.520175
left wrist real0:(600.081,468.174), cal0:(597.045,507.307)
left wrist real1:(675.943,571.846), cal1:(665.085,494.452)

-57021.6 149878 287150 0.709705
right wrist real0:(223.424,643.77), cal0:(212.65,562.381)
right wrist real1:(-76.3052,565.549), cal1:(-24.7563,698.402)

0.390763 0.456468 0.908025 0.491168
left pinky real0:(594.727,506.756), cal0:(590.483,550.815)
left pinky real1:(719.035,627.212), cal1:(704.95,530.855)

-68726.5 188534 321258 0.645515
right pinky real0:(224.653,686), cal0:(203.427,601.393)
right pinky real1:(-111.2,609.546), cal1:(-36.4436,752.166)

0.412164 0.487641 0.98578 0.50259
left index real0:(588.035,494.151), cal0:(583.133,545.99)
left index real1:(690.227,632.528), cal1:(675.47,531.187)

-63890.4 201291 350731 0.673832
right index real0:(252.835,677.156), cal0:(222.511,593.614)
right index real1:(-95.0431,599.415), cal1:(-10.1174,734.493)

0.417629 0.493413 1.0358 0.508411
left thumb real0:(578.677,485.043), cal0:(574.173,534.982)
left thumb real1:(667.746,616.436), cal1:(654.468,524.383)

-58686.4 187274 343413 0.673374
right thumb real0:(256.85,658.967), cal0:(229.282,576.434)
right thumb real1:(-74.0567,587.139), cal1:(-1.46623,710.079)

1.47766 2.13714 4.14597 0.0821613
left hip real0:(545.867,560.452), cal0:(546.066,558.49)
left hip real1:(423.441,583.576), cal1:(423.528,584.161)

23.9961 99.8672 199.274 0.0862164
right hip real0:(398.358,606.827), cal0:(404.291,549.884)
right hip real1:(207.238,600.572), cal1:(210.442,622.127)

0.590507 2.37722 2.30813 0.0806221
left knee real0:(537.051,655.257), cal0:(485.646,867.672)
left knee real1:(457.297,925.272), cal1:(456.798,922.704)

6412.85 34733.3 36394.7 0.0716747
right knee real0:(463.032,713.079), cal0:(437.804,822.249)
right knee real1:(264.954,937.674), cal1:(261.773,920.386)

0.239903 2.29267 1.60743 0.0406998
left ankle real0:(523.088,822.715), cal0:(421.61,1105.88)
left ankle real1:(483.386,1225.53), cal1:(483.294,1225.15)

0.435206 6.64283 4.89936 0.0376682
right ankle real0:(460.772,844.632), cal0:(385.313,1063.55)
right ankle real1:(295.44,1233.91), cal1:(294.832,1231.28)

0.174234 2.13126 1.44036 0.0410312
left heel real0:(509.396,859.313), cal0:(404.62,1137.96)
left heel real1:(495.457,1271.24), cal1:(495.385,1270.94)

0.0698988 4.27971 3.08091 0.049494
right heel real0:(423.516,867.454), cal0:(345.578,1083.53)
right heel real1:(297.021,1277.59), cal1:(296.587,1275.76)

0.54135 3.99911 2.54194 0.0288522
left foot index real0:(584.043,877.482), cal0:(459.891,1194.2)
left foot index real1:(452.042,1335.98), cal1:(449.769,1326.83)

13.1666 89.518 58.1481 0.0280885
right foot index real0:(573.745,896.639), cal0:(467.981,1173.9)
right foot index real1:(330.013,1347.45), cal1:(325.18,1327.69)

