camera0:
0.79168 0.25267 0.999793 0
0.824778 0.1867 0.999564 0
0.843065 0.195273 0.999533 0
0.8659 0.2011 0.99939 0
0.766671 0.170789 0.999737 0
0.745989 0.171186 0.999749 0
0.719011 0.17434 0.999728 0.4985
0.863192 0.240302 0.999427 0
0.649801 0.197031 0.99986 0.56425
0.804083 0.324233 0.999774 0.5125
0.740064 0.324725 0.999913 0.53575
0.894622 0.532081 0.995282 0.618
0.477389 0.522983 0.999487 0.4925
1.08517 0.739487 0.876213 -111
0.224938 0.820252 0.853937 0
1.12609 0.640592 0.840107 -111
0.0715643 1.18162 0.684097 -111
1.1259 0.604028 0.782789 -111
0.0246535 1.25346 0.647994 -111
1.11056 0.566846 0.797536 -111
0.0671124 1.24578 0.669776 -111
1.0884 0.599777 0.806653 -111
0.0987171 1.23473 0.689822 -111
0.787241 1.19883 0.0429825 -111
0.570716 1.21816 0.0495002 -111
0.814962 1.18254 0.0100325 -111
0.544807 1.3602 0.0211083 -111
0.744069 1.48405 0.00146403 -111
0.636333 1.4944 0.00310985 -111
0.7113 1.54772 0.00142249 -111
0.618819 1.52137 0.00312558 -111
0.79245 1.59035 0.00197268 -111
0.734302 1.54698 0.00382144 -111
camera1:
0.382024 0.227298 0.997233 0
0.424408 0.141292 0.99293 0
0.446772 0.150258 0.995245 0
0.481741 0.158891 0.99368 0
0.367834 0.127021 0.991633 0
0.35481 0.126228 0.993541 0
0.341033 0.169708 0.991467 0
0.565174 0.179382 0.996595 0
0.360323 0.154898 0.995658 0
0.437953 0.305399 0.998246 0
0.379885 0.302268 0.998141 0.50475
0.742555 0.445624 0.994981 0.4935
0.276468 0.49989 0.997 0.573
0.890079 0.839695 0.759431 0
0.0105625 0.711841 0.895887 0.55225
0.824033 1.17529 0.563734 -111
-0.192027 0.922255 0.768929 -111
0.840369 1.31163 0.533035 -111
-0.263819 0.977647 0.701227 -111
0.779475 1.28769 0.558491 -111
-0.245984 0.971876 0.743613 -111
0.767755 1.23867 0.561777 -111
-0.206016 0.964497 0.759791 -111
0.671672 1.08821 0.131791 -111
0.379906 1.15421 0.139467 -111
0.724412 1.74809 0.136209 -111
0.409829 1.74554 0.121163 -111
0.689339 2.28702 0.0689195 -111
0.422751 2.30798 0.0637866 -111
0.699059 2.36905 0.0694811 -111
0.418206 2.39967 0.0838058 -111
0.623496 2.50477 0.0488571 -111
0.430654 2.51215 0.047561 -111
fused:
12895.7 -13213.7 49833.6 0.999793
nose real0:(506.675,121.282), cal0:(487.411,89.3418)
nose real1:(244.495,109.103), cal1:(264.549,141.954)

12307.1 -13325.9 40754 0.999564
left eye (inner) real0:(527.858,89.6161), cal0:(513.369,52.1844)
left eye (inner) real1:(271.621,67.8202), cal1:(286.205,108.112)

12341.3 -12166.1 38025.3 0.999533
left eye real0:(539.562,93.7311), cal0:(526.929,56.4122)
left eye real1:(285.934,72.1237), cal1:(298.672,112.46)

10320.8 -9078.47 28930.2 0.99939
left eye (outer) real0:(554.176,96.5282), cal0:(546.27,60.1039)
left eye (outer) real1:(308.314,76.2678), cal1:(316.017,116.443)

10135 -14405.2 42520.4 0.999737
right eye (inner) real0:(490.669,81.9786), cal0:(475.144,45.0937)
right eye (inner) real1:(235.414,60.9703), cal1:(250.396,100.047)

8754.68 -13502.6 39862.1 0.999749
right eye real0:(477.433,82.1694), cal0:(463.89,45.1228)
right eye real1:(227.078,60.5894), cal1:(239.695,99.605)

7191.27 -11658.3 36461.6 0.999728
right eye (outer) real0:(460.167,83.6832), cal0:(450.436,56.5372)
right eye (outer) real1:(218.261,81.4597), cal1:(227.366,109.894)

2.26349 -1.79102 6.28303 0.999427
left ear real0:(552.443,115.345), cal0:(548.375,77.3822)
left ear real1:(361.711,86.1034), cal1:(365.321,128.181)

0.958045 -2.25156 7.20848 0.99986
right ear real0:(415.873,94.5751), cal0:(411.793,60.9796)
right ear real1:(230.607,74.3512), cal1:(233.454,109.156)

8778.71 -6055.42 29816.7 0.999774
mouth (left) real0:(514.613,155.632), cal0:(508.827,126.644)
mouth (left) real1:(280.29,146.591), cal1:(286.667,177.17)

6424.8 -5790.72 28293.7 0.999913
mouth (right) real0:(473.641,155.868), cal0:(468.367,125.696)
mouth (right) real1:(243.126,145.089), cal1:(248.676,176.318)

0.876773 -0.0990096 2.20279 0.995282
left shoulder real0:(572.558,255.399), cal0:(571.07,221.684)
left shoulder real1:(475.235,213.899), cal1:(479.047,250.657)

-0.161529 -0.160748 3.4739 0.999487
right shoulder real0:(305.529,251.032), cal0:(304.014,220.888)
right shoulder real1:(176.939,239.947), cal1:(179.812,268.133)

1.52504 0.517859 2.52923 0.876213
left elbow real0:(694.512,354.954), cal0:(694.188,371.749)
left elbow real1:(569.651,403.053), cal1:(566.59,378.051)

-0.889877 0.340203 2.84156 0.895887
right elbow real0:(143.96,393.721), cal0:(143.81,320.649)
right elbow real1:(6.76,341.684), cal1:(13.0505,395.884)

6.36906 2.11744 9.88063 0.840107
left wrist real0:(720.696,307.484), cal0:(719.201,377.49)
left wrist real1:(527.381,564.14), cal1:(505.971,390.17)

-1.27898 0.755787 2.75787 0.768929
right wrist real0:(45.8011,567.177), cal0:(53.341,413.396)
right wrist real1:(-122.897,442.682), cal1:(-111.015,533.06)

5.70251 2.03011 8.87001 0.782789
left pinky real0:(720.577,289.934), cal0:(718.178,386.247)
left pinky real1:(537.836,629.581), cal1:(509.045,397.645)

-1.41244 0.863447 2.77452 0.701227
right pinky real0:(15.7783,601.663), cal0:(26.1144,435.727)
right pinky real1:(-168.844,469.271), cal1:(-154.985,571.51)

310.618 102.156 495.182 0.797536
left index real0:(710.758,272.086), cal0:(708.796,372.68)
left index real1:(498.864,618.09), cal1:(470.963,390.343)

-1.61302 1.06684 3.47192 0.743613
right index real0:(42.9519,597.975), cal0:(52.8396,433.365)
right index real1:(-157.43,466.5), cal1:(-144.205,564.562)

24.6463 8.64981 40.8146 0.806653
left thumb real0:(696.576,287.893), cal0:(694.725,376.063)
left thumb real1:(491.363,594.562), cal1:(466.725,394.18)

-1.56969 1.12139 3.63695 0.759791
right thumb real0:(63.1789,592.672), cal0:(72.6618,434.001)
right thumb real1:(-131.85,462.959), cal1:(-118.72,560.38)

0.770736 1.1035 2.6074 0.131791
left hip real0:(503.834,575.436), cal0:(509.531,503.046)
left hip real1:(429.87,522.341), cal1:(430.931,529.883)

0.314519 1.95193 4.6857 0.139467
right hip real0:(365.258,584.715), cal0:(372.273,499.051)
right hip real1:(243.14,554.022), cal1:(244.509,563.691)

0.470705 1.7867 1.97902 0.136209
left knee real0:(521.576,567.621), cal0:(474.838,791.279)
left knee real1:(463.624,839.083), cal1:(463.425,837.998)

0.00890682 2.37244 2.96287 0.121163
right knee real0:(348.676,652.894), cal0:(333.754,729.92)
right knee real1:(262.291,837.86), cal1:(261.949,835.936)

0.161963 1.99337 1.62397 0.0689195
left ankle real0:(476.204,712.345), cal0:(391.864,986.389)
left ankle real1:(441.177,1097.77), cal1:(441.156,1097.67)

0.0349554 3.83478 3.29171 0.0637866
right ankle real0:(407.253,717.313), cal0:(338.328,948.833)
right ankle real1:(270.561,1107.83), cal1:(270.47,1107.41)

0.0878507 1.83343 1.44448 0.0694811
left heel real0:(455.232,742.904), cal0:(368.485,1011.51)
left heel real1:(447.398,1137.14), cal1:(447.378,1137.05)

-0.0620618 3.45848 2.85701 0.0838058
right heel real0:(396.044,730.256), cal0:(318.898,976.205)
right heel real1:(267.652,1151.84), cal1:(267.595,1151.58)

0.270521 3.08484 2.26936 0.0488571
left foot index real0:(507.168,763.367), cal0:(403.563,1065.64)
left foot index real1:(399.038,1202.29), cal1:(398.948,1201.9)

0.344247 6.68708 5.11049 0.047561
right foot index real0:(469.953,742.552), cal0:(372.416,1035.09)
right foot index real1:(275.618,1205.83), cal1:(275.29,1204.38)

