camera0:
0.978839 0.20144 0.995209 0
0.962384 0.0995045 0.992545 0
0.967525 0.10486 0.990678 0
0.971017 0.108552 0.986534 0
0.924487 0.0984008 0.997635 0
0.899848 0.102301 0.998466 0
0.881843 0.105201 0.998646 0
0.939071 0.135328 0.988134 0
0.800298 0.131665 0.999604 0
0.97047 0.265209 0.99296 0
0.918767 0.260579 0.998928 0
0.959593 0.420489 0.946472 0
0.533223 0.53334 0.997983 0
1.03932 0.74428 0.134518 -111
0.220598 0.92771 0.94344 0
0.986784 0.979092 0.138114 0
0.273648 1.31224 0.670165 -111
0.975334 1.05337 0.141391 -111
0.277491 1.4031 0.586433 -111
0.966196 1.02363 0.150452 -111
0.321787 1.35752 0.628911 -111
0.955831 1.01082 0.149903 -111
0.326966 1.32283 0.594316 -111
0.867279 1.21564 0.0362407 -111
0.616043 1.29856 0.0487725 -111
0.857847 1.4725 0.00756941 -111
0.687609 1.57141 0.0325878 -111
0.850176 1.8351 0.00174865 -111
0.705998 1.86873 0.00585842 -111
0.829737 1.9027 0.00168155 -111
0.659034 1.91061 0.00684035 -111
0.933906 1.97966 0.00741513 -111
0.849224 1.991 0.0118414 -111
camera1:
0.376621 0.154964 0.982181 0
0.40507 0.0473218 0.967086 0
0.437721 0.0477136 0.967426 0
0.464845 0.0507793 0.973536 0
0.345868 0.0548613 0.953957 0
0.33005 0.0612916 0.947528 0
0.322893 0.0908228 0.94637 0
0.53406 0.0668699 0.980409 0
0.306111 0.0880756 0.957847 0
0.442206 0.251984 0.995059 0
0.370339 0.260632 0.991964 0
0.743462 0.446312 0.997865 0
0.175497 0.509021 0.995866 0.5275
0.935785 0.87588 0.854735 0
-0.0696944 0.937578 0.617708 -111
1.09041 1.30661 0.158587 -111
-0.249791 1.17104 0.176724 -111
1.158 1.42623 0.115862 -111
-0.324162 1.24761 0.134895 -111
1.12105 1.44007 0.141978 -111
-0.300986 1.22829 0.158339 -111
1.08489 1.40349 0.164266 -111
-0.263321 1.21574 0.187272 -111
0.689313 1.31182 0.0254364 -111
0.338127 1.3428 0.0254372 -111
0.738786 2.06326 0.0174967 -111
0.416121 2.08587 0.0153554 -111
0.780538 2.72793 0.00841599 -111
0.464222 2.74615 0.0077822 -111
0.799136 2.83009 0.00847126 -111
0.462941 2.84277 0.0102506 -111
0.732259 2.95946 0.00596473 -111
0.520533 2.99024 0.00581521 -111
fused:
197050 -169076 529821 0.995209
nose real0:(626.457,96.6911), cal0:(555.383,56.9108)
nose real1:(241.038,74.3825), cal1:(323.742,113.853)

175421 -186821 461718 0.992545
left eye (inner) real0:(615.926,47.7621), cal0:(560.196,5.52496)
left eye (inner) real1:(259.245,22.7144), cal1:(324.597,68.1588)

171863 -172653 429536 0.990678
left eye real0:(619.216,50.3327), cal0:(572.321,7.12858)
left eye real1:(280.141,22.9025), cal1:(335.051,70.2506)

165995 -159579 399299 0.986534
left eye (outer) real0:(621.451,52.1049), cal0:(581.695,8.51387)
left eye (outer) real1:(297.501,24.3741), cal1:(343.055,71.9779)

163267 -200147 499881 0.997635
right eye (inner) real0:(591.672,47.2324), cal0:(528.164,8.06854)
right eye (inner) real1:(221.355,26.3334), cal1:(296.762,68.6202)

152349 -198366 502064 0.998466
right eye real0:(575.903,49.1047), cal0:(514.247,11.2471)
right eye real1:(211.232,29.42), cal1:(284.488,70.7122)

145366 -192575 503816 0.998646
right eye (outer) real0:(564.38,50.4963), cal0:(505.287,18.9801)
right eye (outer) real1:(206.651,43.595), cal1:(276.825,77.2823)

88029.9 -77599.3 204357 0.988134
left ear real0:(601.005,64.9573), cal0:(590.737,20.4877)
left ear real1:(341.799,32.0976), cal1:(351.406,82.9365)

103913 -168644 455856 0.999604
right ear real0:(512.191,63.1992), cal0:(468.893,26.3629)
right ear real1:(195.911,42.2763), cal1:(243.379,82.2158)

189857 -120166 476003 0.995059
mouth (left) real0:(621.101,127.3), cal0:(571.567,96.9787)
mouth (left) real1:(283.012,120.952), cal1:(340.285,150.285)

172450 -131824 525194 0.998928
mouth (right) real0:(588.011,125.078), cal0:(529.211,97.8493)
mouth (right) real1:(237.017,125.103), cal1:(303.311,150.526)

1.3855 -0.283472 2.95597 0.997865
left shoulder real0:(614.139,201.835), cal0:(613.533,191.064)
left shoulder real1:(475.816,214.23), cal1:(476.9,225.054)

1866.8 -9299.13 204731 0.997983
right shoulder real0:(341.263,256.003), cal0:(337.426,221.399)
right shoulder real1:(112.318,244.33), cal1:(117.541,276.818)

0.948896 0.492136 1.72369 0.854735
left elbow real0:(665.163,357.254), cal0:(662.671,420.287)
left elbow real1:(598.902,420.423), cal1:(598.682,418.712)

-1.39757 1.19491 4.43787 0.94344
right elbow real0:(141.183,445.301), cal0:(142.755,410.515)
right elbow real1:(-44.6044,450.037), cal1:(-36.269,514.006)

0.506453 0.560636 1.05135 0.158587
left wrist real0:(631.542,469.964), cal0:(621.345,569.174)
left wrist real1:(697.864,627.171), cal1:(686.166,548.24)

-65373.2 148884 247710 0.670165
right wrist real0:(175.135,629.876), cal0:(173.401,609.913)
right wrist real1:(-159.866,562.099), cal1:(-79.568,776.099)

0.432314 0.514152 0.91635 0.141391
left pinky real0:(624.214,505.618), cal0:(615.375,585.902)
left pinky real1:(741.121,684.589), cal1:(722.279,559.416)

-70521 181396 267521 0.586433
right pinky real0:(177.594,673.486), cal0:(173.581,656.203)
right pinky real1:(-207.463,598.854), cal1:(-78.1591,838.134)

0.446117 0.560582 0.975585 0.150452
left index real0:(618.366,491.343), cal0:(606.667,594.03)
left index real1:(717.473,691.232), cal1:(699.322,571.621)

-71153 204971 319699 0.628911
right index real0:(205.943,651.61), cal0:(198.241,634.011)
right index real1:(-192.631,589.577), cal1:(-42.828,797.038)

0.456981 0.595576 1.02857 0.164266
left thumb real0:(611.732,485.192), cal0:(598.861,596.689)
left thumb real1:(694.331,673.676), cal1:(679.771,578.031)

-78376.6 213583 354413 0.594316
right thumb real0:(209.258,634.957), cal0:(199.092,610.875)
right thumb real1:(-168.526,583.555), cal1:(-42.3031,766.321)

1.42217 2.1912 3.84474 0.0362407
left hip real0:(555.058,583.508), cal0:(554.17,591.211)
left hip real1:(441.16,629.673), cal1:(438.833,614.383)

1.84908 10.4011 17.3208 0.0487725
right hip real0:(394.267,623.309), cal0:(396.082,609.588)
right hip real1:(216.401,644.546), cal1:(223.367,688.738)

0.664768 2.6123 2.39728 0.0174967
left knee real0:(549.022,706.8), cal0:(498.54,903.586)
left knee real1:(472.823,990.363), cal1:(466.389,958.075)

23916.2 128994 144384 0.0325878
right knee real0:(440.07,754.277), cal0:(431.46,785.622)
right knee real1:(266.318,1001.22), cal1:(252.581,880.573)

0.270592 2.49536 1.62581 0.00841599
left ankle real0:(544.113,880.846), cal0:(431.936,1171.11)
left ankle real1:(499.544,1309.41), cal1:(497.12,1299.58)

0.692948 9.6058 7.01747 0.0077822
right ankle real0:(451.838,896.989), cal0:(391.271,1071.35)
right ankle real1:(297.102,1318.15), cal1:(279.514,1242.3)

0.194728 2.29974 1.44559 0.00847126
left heel real0:(531.032,913.296), cal0:(412.874,1204.79)
left heel real1:(511.447,1358.44), cal1:(509.205,1349.61)

0.135645 5.52058 3.88065 0.0102506
right heel real0:(421.782,917.095), cal0:(352.947,1103.66)
right heel real1:(296.282,1364.53), cal1:(281.464,1302.77)

3.6125 15.0913 10.4364 0.00741513
left foot index real0:(597.7,950.238), cal0:(539.899,1117.74)
left foot index real1:(468.646,1420.54), cal1:(418.569,1203.79)

62697.8 296187 225166 0.0118414
right foot index real0:(543.503,955.681), cal0:(499.231,1039.24)
right foot index real1:(333.141,1435.32), cal1:(340.778,1143.31)

