camera0:
0.962049 0.160845 0.997046 0
0.955447 0.0751492 0.995254 0
0.96301 0.0793167 0.993585 0
0.969176 0.0829253 0.991103 0
0.901967 0.0766629 0.998703 0
0.879703 0.0809648 0.999093 0
0.847716 0.0830444 0.999267 0
0.937634 0.118858 0.992212 0
0.77296 0.118339 0.999779 0
0.962598 0.243754 0.994716 0
0.906536 0.244952 0.999242 0
0.952363 0.403301 0.948895 0.6215
0.530541 0.541917 0.997984 0
1.01634 0.680186 0.204833 -111
0.308177 0.990369 0.953426 0
0.967451 0.922447 0.207357 1.6405
0.401884 1.33319 0.745369 -111
0.954825 1.00741 0.206578 -111
0.413057 1.41873 0.661217 -111
0.948327 0.976794 0.216334 0
0.457319 1.39114 0.698615 -111
0.936557 0.95507 0.218707 0
0.460615 1.35034 0.67701 -111
0.865869 1.17148 0.0422262 -111
0.638483 1.2691 0.0533145 -111
0.885143 1.33042 0.00965259 -111
0.718611 1.45573 0.0344481 -111
0.832229 1.65469 0.00190275 -111
0.755714 1.70011 0.00489119 -111
0.798469 1.72359 0.00197708 -111
0.690536 1.74776 0.00566261 -111
0.932532 1.77837 0.00649804 -111
0.937352 1.79164 0.00960142 -111
camera1:
0.349704 0.182895 0.987223 0
0.382253 0.0623343 0.978085 0
0.403344 0.0659139 0.979336 0
0.444966 0.0723606 0.983604 0
0.330338 0.0599598 0.965711 0
0.32118 0.0647885 0.959344 0
0.320724 0.12159 0.956275 0
0.525597 0.101761 0.989082 0
0.308894 0.0885575 0.964957 0
0.418125 0.27376 0.996452 0
0.343817 0.290091 0.993247 0
0.739889 0.449431 0.997828 0
0.185513 0.495031 0.994854 0.5275
0.938492 0.883681 0.854482 0
-0.0351372 0.932654 0.559274 -111
1.03978 1.36551 0.210826 -111
-0.185392 1.21859 0.217613 -111
1.09466 1.50102 0.162541 -111
-0.254517 1.31255 0.180725 -111
1.04678 1.50965 0.19122 -111
-0.228929 1.30046 0.202557 -111
1.01496 1.46526 0.214771 -111
-0.191298 1.28038 0.227972 -111
0.674785 1.29395 0.0362295 -111
0.330177 1.3157 0.0362016 -111
0.70861 2.03605 0.0288185 -111
0.386663 2.04851 0.0254325 -111
0.735931 2.69117 0.0142198 -111
0.417991 2.70316 0.0131518 -111
0.75346 2.7888 0.0143263 -111
0.417256 2.8003 0.0172978 -111
0.678299 2.9272 0.0100777 -111
0.465677 2.94637 0.00981611 -111
fused:
203136 -191120 585718 0.997046
nose real0:(615.711,77.2057), cal0:(540.302,52.5953)
nose real1:(223.81,87.7895), cal1:(310.29,109.448)

186691 -211087 514271 0.995254
left eye (inner) real0:(611.486,36.0716), cal0:(550.037,2.0168)
left eye (inner) real1:(244.642,29.9205), cal1:(315.601,64.4569)

188438 -202706 497533 0.993585
left eye real0:(616.326,38.072), cal0:(559.484,3.8417)
left eye real1:(258.14,31.6387), cal1:(323.878,66.6254)

183687 -183334 454416 0.991103
left eye (outer) real0:(620.273,39.8041), cal0:(574.793,6.2295)
left eye (outer) real1:(284.778,34.7331), cal1:(337.087,69.5943)

161872 -217988 533745 0.998703
right eye (inner) real0:(577.259,36.7982), cal0:(514.145,3.24738)
right eye (inner) real1:(211.416,28.7807), cal1:(283.91,63.4331)

151060 -213762 529629 0.999093
right eye real0:(563.01,38.8631), cal0:(503.297,6.13507)
right eye real1:(205.555,31.0985), cal1:(274.236,65.4151)

137655 -196947 518170 0.999267
right eye (outer) real0:(542.538,39.8613), cal0:(491.544,20.2731)
right eye (outer) real1:(205.263,58.3633), cal1:(264.272,77.7408)

113234 -99444.9 265914 0.992212
left ear real0:(600.086,57.0517), cal0:(587.771,23.9442)
left ear real1:(336.382,48.8452), cal1:(349.159,85.8286)

95519.4 -168328 448505 0.999779
right ear real0:(494.695,56.8027), cal0:(459.895,23.141)
right ear real1:(197.692,42.5076), cal1:(234.604,78.7209)

204277 -135933 536205 0.996452
mouth (left) real0:(616.063,117.002), cal0:(560.819,96.3414)
mouth (left) real1:(267.6,131.405), cal1:(331.006,149.568)

180259 -145027 588623 0.999242
mouth (right) real0:(580.183,117.577), cal0:(515.925,100.624)
mouth (right) real1:(220.043,139.244), cal1:(291.514,152.926)

1.35139 -0.298347 2.92869 0.997828
left shoulder real0:(609.512,193.584), cal0:(609.159,187.474)
left shoulder real1:(473.529,215.727), cal1:(474.144,221.891)

0.657805 -3.31847 70.3189 0.997984
right shoulder real0:(339.546,260.12), cal0:(337.568,220.335)
right shoulder real1:(118.728,237.615), cal1:(122.563,275.178)

0.837626 0.45408 1.59832 0.854482
left elbow real0:(650.455,326.489), cal0:(646.789,419.436)
left elbow real1:(600.635,424.167), cal1:(599.888,418.353)

-2.38721 3.38051 10.8248 0.953426
right elbow real0:(197.233,475.377), cal0:(199.46,436.382)
right elbow real1:(-22.4878,447.674), cal1:(-10.2109,539.324)

0.538911 0.598355 1.1721 0.210826
left wrist real0:(619.168,442.774), cal0:(608.169,555.5)
left wrist real1:(665.458,655.444), cal1:(648.82,541.923)

-53914.4 236034 381335 0.745369
right wrist real0:(257.206,639.929), cal0:(247.01,620.688)
right wrist real1:(-118.651,584.922), cal1:(24.0063,759.131)

0.464659 0.570446 1.03826 0.206578
left pinky real0:(611.088,483.557), cal0:(600.811,578.893)
left pinky real1:(700.584,720.488), cal1:(676.7,561.052)

-52302.8 267819 388382 0.661217
right pinky real0:(264.357,680.99), cal0:(251.044,663.124)
right pinky real1:(-162.891,630.023), cal1:(31.0492,811.328)

0.501055 0.642524 1.14834 0.216334
left index real0:(606.929,468.861), cal0:(594.079,584.962)
left index real1:(669.938,724.633), cal1:(646.952,572.123)

-39780.1 283647 424615 0.698615
right index real0:(292.684,667.748), cal0:(275.665,650.161)
right index real1:(-146.514,624.219), cal1:(62.7224,784.416)

0.50793 0.66638 1.20187 0.218707
left thumb real0:(599.396,458.434), cal0:(585.841,581.916)
left thumb real1:(649.573,703.323), cal1:(629.908,572.6)

-43622.4 287635 456582 0.67701
right thumb real0:(294.794,648.164), cal0:(274.55,627.303)
right thumb real1:(-122.431,614.581), cal1:(60.2926,756.412)

1.55765 2.31726 4.24192 0.0422262
left hip real0:(554.156,562.311), cal0:(552.551,577.002)
left hip real1:(431.862,621.094), cal1:(428.925,601.547)

14864.1 64858.3 113878 0.0533145
right hip real0:(408.629,609.167), cal0:(410.364,590.982)
right hip real1:(211.313,631.536), cal1:(217.712,666.44)

0.793528 3.02835 2.81228 0.0288185
left knee real0:(566.492,638.602), cal0:(501.463,895.857)
left knee real1:(453.51,977.304), cal1:(448.495,951.971)

44626.6 237413 272280 0.0344481
right knee real0:(459.911,698.752), cal0:(430.413,772.722)
right knee real1:(247.464,983.286), cal1:(250.614,866.055)

0.17919 2.35714 1.58264 0.0142198
left ankle real0:(532.627,794.249), cal0:(399.968,1143.79)
left ankle real1:(470.996,1291.76), cal1:(469.815,1286.92)

0.918599 13.8918 9.95845 0.0131518
right ankle real0:(483.657,816.052), cal0:(387.364,1087.06)
right ankle real1:(267.514,1297.52), cal1:(260.822,1269.02)

0.0969303 2.1143 1.37669 0.0143263
left heel real0:(511.02,827.325), cal0:(374.247,1171.69)
left heel real1:(482.214,1338.63), cal1:(480.97,1333.66)

0.0576912 5.90396 4.11822 0.0172978
right heel real0:(441.943,838.925), cal0:(340.364,1110.28)
right heel real1:(267.044,1344.14), cal1:(261.877,1322.79)

1.03378 6.59873 4.2982 0.0100777
left foot index real0:(596.821,853.616), cal0:(476.441,1171.35)
left foot index real1:(434.111,1405.06), cal1:(408.521,1300.03)

61095 396996 282362 0.00981611
right foot index real0:(599.905,859.987), cal0:(461.936,1093.67)
right foot index real1:(298.033,1414.26), cal1:(306.616,1233.22)

