camera0:
0.964408 0.158591 0.996568 0
0.952498 0.0691645 0.994504 0
0.958851 0.0755434 0.99285 0
0.963246 0.0810963 0.989816 0
0.908682 0.0706117 0.998362 0
0.884128 0.0767812 0.998904 0
0.866396 0.0825022 0.999065 0
0.934037 0.129866 0.990962 0
0.795871 0.129968 0.999729 0
0.96424 0.239338 0.994557 0
0.910903 0.239136 0.999209 0
0.954963 0.421149 0.948528 0.61225
0.524388 0.535351 0.998065 0
1.0582 0.783873 0.171714 -111
0.305655 1.0547 0.944838 -111
0.999699 1.07492 0.172811 -111
0.464706 1.37573 0.693415 -111
0.99045 1.17327 0.173673 -111
0.466762 1.48875 0.610759 -111
0.975764 1.14359 0.183041 -111
0.509059 1.42862 0.6526 -111
0.964103 1.11796 0.184278 -111
0.507671 1.38312 0.625215 -111
0.881765 1.20403 0.0374501 -111
0.61638 1.29771 0.048388 -111
0.878415 1.64353 0.00839043 -111
0.688572 1.69481 0.030649 -111
0.899685 2.10349 0.00169532 -111
0.700053 2.11933 0.00449203 -111
0.889521 2.1923 0.00171133 -111
0.664859 2.19725 0.00527813 -111
0.982512 2.26803 0.00619936 -111
0.83659 2.25086 0.00926312 -111
camera1:
0.361914 0.155587 0.986041 0
0.401181 0.0415569 0.975488 0
0.433971 0.0408695 0.976524 0
0.46692 0.0434118 0.981109 0
0.332258 0.0565201 0.962846 0
0.312059 0.0649178 0.956772 0
0.294113 0.083026 0.954378 0
0.538393 0.0649759 0.986963 0
0.30281 0.0920968 0.963988 0
0.433227 0.256627 0.996118 0
0.350034 0.264685 0.99302 0
0.744438 0.449407 0.997861 0
0.176922 0.509955 0.995237 0.5265
0.93577 0.890638 0.850397 0
-0.0518672 0.954742 0.566539 -111
1.03622 1.33769 0.184259 -111
-0.212878 1.2451 0.192288 -111
1.09497 1.46578 0.14014 -111
-0.281243 1.3492 0.157073 -111
1.04899 1.47507 0.167652 -111
-0.252702 1.32984 0.179084 -111
1.01741 1.43174 0.189894 -111
-0.217514 1.30834 0.204781 -111
0.675398 1.31563 0.0308868 -111
0.319868 1.33939 0.0306962 -111
0.708186 2.06852 0.0235201 -111
0.377145 2.0855 0.0207101 -111
0.739931 2.73083 0.0115249 -111
0.420067 2.74496 0.0106577 -111
0.757233 2.83566 0.0116086 -111
0.420052 2.84275 0.0140218 -111
0.689532 2.96772 0.00816777 -111
0.478557 2.99546 0.00795677 -111
fused:
174443 -165933 491143 0.996568
nose real0:(617.221,76.1239), cal0:(545.327,45.6538)
nose real1:(231.625,74.6819), cal1:(314.261,103.355)

156091 -176819 420212 0.994504
left eye (inner) real0:(609.599,33.199), cal0:(555.106,-4.18901)
left eye (inner) real1:(256.756,19.9473), cal1:(319.595,59.2418)

153455 -163505 390958 0.99285
left eye real0:(613.665,36.2608), cal0:(567.754,-2.64543)
left eye real1:(277.741,19.6174), cal1:(330.539,61.3703)

146903 -147958 356512 0.989816
left eye (outer) real0:(616.478,38.9262), cal0:(579.497,-0.720452)
left eye (outer) real1:(298.829,20.8377), cal1:(340.604,63.7533)

142701 -190511 461844 0.998362
right eye (inner) real0:(581.557,33.8936), cal0:(517.573,0.789936)
right eye (inner) real1:(212.645,27.1297), cal1:(286.847,61.4117)

132740 -189800 468060 0.998904
right eye real0:(565.842,36.855), cal0:(502.322,4.99527)
right eye real1:(199.717,31.1606), cal1:(273.277,64.3146)

125817 -188946 477713 0.999065
right eye (outer) real0:(554.493,39.601), cal0:(490.174,10.9931)
right eye (outer) real1:(188.233,39.8525), cal1:(262.453,69.104)

60300.8 -53730.5 140277 0.990962
left ear real0:(597.784,62.3358), cal0:(590.199,18.5)
left ear real1:(344.572,31.1885), cal1:(350.827,81.1693)

93899.9 -155472 420792 0.999729
right ear real0:(509.358,62.3846), cal0:(466.009,26.6482)
right ear real1:(193.798,44.2065), cal1:(240.651,82.3346)

173569 -116452 444524 0.996118
mouth (left) real0:(617.113,114.882), cal0:(566.522,91.2563)
mouth (left) real1:(277.265,123.181), cal1:(335.587,145.056)

156213 -129351 499640 0.999209
mouth (right) real0:(582.978,114.785), cal0:(519.778,93.1082)
mouth (right) real1:(224.022,127.049), cal1:(294.533,146.014)

1.33288 -0.270441 2.87348 0.997861
left shoulder real0:(611.176,202.152), cal0:(610.617,192.134)
left shoulder real1:(476.44,215.715), cal1:(477.453,225.812)

0.377143 -5.11568 115.815 0.998065
right shoulder real0:(335.608,256.969), cal0:(333.904,222.151)
right shoulder real1:(113.23,244.778), cal1:(116.582,277.534)

1.04712 0.546682 1.83347 0.850397
left elbow real0:(677.247,376.259), cal0:(675.054,427.892)
left elbow real1:(598.893,427.506), cal1:(598.593,425.193)

-3.07369 4.82567 13.8816 0.944838
right elbow real0:(195.619,506.258), cal0:(198.925,457.619)
right elbow real1:(-33.195,458.276), cal1:(-18.2902,566.825)

0.625802 0.715227 1.25537 0.184259
left wrist real0:(639.807,515.963), cal0:(631.428,591.099)
left wrist real1:(663.181,642.09), cal1:(652.774,573.165)

-29456.7 235068 358325 0.693415
right wrist real0:(297.412,660.352), cal0:(282.561,642.955)
right wrist real1:(-136.242,597.647), cal1:(71.2221,772.623)

0.53511 0.687527 1.09374 0.173673
left pinky real0:(633.888,563.17), cal0:(625.872,626.48)
left pinky real1:(700.782,703.576), cal1:(685.094,602.889)

-27703.1 254096 340080 0.610759
right pinky real0:(298.727,714.6), cal0:(283.009,697.734)
right pinky real1:(-179.995,647.615), cal1:(74.2732,840.879)

0.561178 0.754558 1.19403 0.183041
left index real0:(624.489,548.923), cal0:(614.298,628.485)
left index real1:(671.354,708.032), cal1:(656.156,610.781)

-16075.5 262848 374827 0.6526
right index real0:(325.798,685.739), cal0:(306.183,670.139)
right index real1:(-161.729,638.325), cal1:(102.125,796.473)

0.57341 0.775983 1.25453 0.189894
left thumb real0:(617.026,536.619), cal0:(606.541,620.435)
left thumb real1:(651.142,687.234), cal1:(638.619,606.607)

-22059.5 271990 413103 0.625215
right thumb real0:(324.91,663.9), cal0:(299.868,644.391)
right thumb real1:(-139.209,628.002), cal1:(93.055,767.455)

1.87519 2.7718 4.87738 0.0374501
left hip real0:(564.329,577.936), cal0:(562.922,590.235)
left hip real1:(432.255,631.504), cal1:(429.56,613.769)

5.19674 28.3991 48.0397 0.048388
right hip real0:(394.483,622.899), cal0:(396.936,603.976)
right hip real1:(204.715,642.909), cal1:(211.177,684.122)

1.14328 3.97601 3.53257 0.0235201
left knee real0:(562.185,788.893), cal0:(526.379,925.125)
left knee real1:(453.239,992.891), cal1:(450.158,977.601)

29793.3 189579 192226 0.030649
right knee real0:(440.686,813.508), cal0:(425.061,841.406)
right knee real1:(241.373,1001.04), cal1:(249.421,949.054)

0.828307 4.62564 2.92288 0.0115249
left ankle real0:(575.799,1009.68), cal0:(502.197,1199.79)
left ankle real1:(473.556,1310.8), cal1:(472.737,1307.48)

3.36552 37.8918 26.0743 0.0106577
right ankle real0:(448.034,1017.28), cal0:(409.491,1122.06)
right ankle real1:(268.843,1317.58), cal1:(265.444,1303.39)

0.693681 4.24989 2.57929 0.0116086
left heel real0:(569.294,1052.3), cal0:(493.519,1238.94)
left heel real1:(484.629,1361.11), cal1:(483.81,1357.89)

0.921539 14.8955 9.90622 0.0140218
right heel real0:(425.51,1054.68), cal0:(387.835,1152.37)
right heel real1:(268.833,1364.52), cal1:(266.291,1354.2)

372.001 1592.8 957.589 0.00816777
left foot index real0:(628.808,1088.65), cal0:(565.331,1248.34)
left foot index real1:(441.3,1424.51), cal1:(422.434,1349.26)

44685.4 305463 197754 0.00926312
right foot index real0:(535.418,1080.41), cal0:(467.7,1177.02)
right foot index real1:(306.277,1437.82), cal1:(319.057,1333.31)

