camera0:
0.962457 0.176355 0.997337 0
0.958255 0.0908028 0.995583 0
0.967096 0.0942222 0.994018 0
0.975494 0.0966519 0.991737 0
0.908753 0.0844253 0.99882 0
0.881058 0.0838482 0.999178 0
0.854168 0.0836989 0.999336 0
0.943194 0.11867 0.992852 0
0.773452 0.113921 0.999806 0
0.96308 0.26216 0.995075 0
0.908433 0.263889 0.99932 0
0.950709 0.400905 0.949525 0.60675
0.532958 0.543516 0.998113 0
1.00188 0.608919 0.224102 -111
0.206262 0.910328 0.953279 0
0.988118 0.744981 0.226278 0.624
0.182975 1.33554 0.757404 -111
0.995979 0.775779 0.224279 2.14025
0.161314 1.41705 0.675267 -111
0.981913 0.751505 0.23443 0.6455
0.219523 1.40488 0.712058 -111
0.96538 0.760049 0.237141 2.2465
0.239847 1.37951 0.691387 -111
0.859126 1.1813 0.0422252 -111
0.639744 1.27804 0.0523325 -111
0.888055 1.31271 0.00990971 -111
0.786756 1.47636 0.0343541 -111
0.83277 1.57603 0.00192865 -111
0.767063 1.63151 0.00481371 -111
0.789509 1.64153 0.00197486 -111
0.691692 1.65982 0.00559415 -111
0.954725 1.66324 0.00633077 -111
0.949159 1.69312 0.00935487 -111
camera1:
0.299446 0.214989 0.988047 0
0.335026 0.10007 0.979762 0
0.362056 0.10089 0.981342 0
0.398874 0.104847 0.985055 0
0.273886 0.0977573 0.96779 0
0.302401 0.14602 0.961792 0
0.29094 0.141244 0.95802 0
0.496442 0.117826 0.990401 0
0.277639 0.115324 0.966766 0
0.359813 0.291804 0.996591 0
0.301505 0.303089 0.993378 0
0.73205 0.445724 0.997737 0
0.185587 0.489772 0.994551 0.527
0.93761 0.845333 0.849001 0
-0.0362385 0.872508 0.550031 -111
1.05063 1.30768 0.22327 -111
-0.133959 1.0795 0.231094 -111
1.10326 1.43716 0.174373 -111
-0.176709 1.15551 0.194081 -111
1.06041 1.43814 0.203526 -111
-0.169327 1.12858 0.21607 -111
1.02907 1.39778 0.22713 -111
-0.140815 1.11621 0.241001 -111
0.674815 1.28069 0.0389377 -111
0.333629 1.29991 0.03898 -111
0.709056 2.0117 0.0319467 -111
0.392332 2.02006 0.0282067 -111
0.740325 2.65505 0.0157967 -111
0.425027 2.66501 0.0146105 -111
0.759284 2.74933 0.0159158 -111
0.426443 2.75478 0.0192138 -111
0.683707 2.88265 0.011195 -111
0.466522 2.90697 0.0109034 -111
fused:
163895 -158067 513994 0.997337
nose real0:(615.973,84.6506), cal0:(523.511,63.8773)
nose real1:(191.645,103.195), cal1:(296.07,119.183)

155226 -178343 458005 0.995583
left eye (inner) real0:(613.283,43.5853), cal0:(535.558,14.678)
left eye (inner) real1:(214.416,48.0337), cal1:(303.722,74.9871)

158335 -171163 441410 0.994018
left eye real0:(618.941,45.2267), cal0:(547.444,15.6556)
left eye real1:(231.716,48.427), cal1:(314.208,76.493)

159409 -160301 415991 0.991737
left eye (outer) real0:(624.316,46.3929), cal0:(562.163,17.1083)
left eye (outer) real1:(255.28,50.3268), cal1:(327.029,78.5471)

133401 -188331 481440 0.99882
right eye (inner) real0:(581.602,40.5241), cal0:(498.412,13.6023)
right eye (inner) real1:(175.287,46.9235), cal1:(270.209,71.9745)

125628 -169185 455056 0.999178
right eye real0:(563.877,40.2472), cal0:(497.802,25.2568)
right eye real1:(193.536,70.0895), cal1:(270.345,82.6607)

113969 -167351 448940 0.999336
right eye (outer) real0:(546.668,40.1755), cal0:(484.46,24.6677)
right eye (outer) real1:(186.202,67.797), cal1:(257.943,81.4369)

118397 -105353 285973 0.992852
left ear real0:(603.644,56.9618), cal0:(580.673,27.2933)
left ear real1:(317.723,56.5567), cal1:(343.424,88.4509)

78931.3 -147234 400837 0.999806
right ear real0:(495.009,54.6819), cal0:(450.248,27.9458)
right ear real1:(177.689,55.3553), cal1:(225.567,82.7435)

169587 -116431 486251 0.996591
mouth (left) real0:(616.371,125.837), cal0:(541.473,104.793)
mouth (left) real1:(230.281,140.066), cal1:(314.651,157.046)

145433 -119894 512659 0.99932
mouth (right) real0:(581.397,126.667), cal0:(502.375,108.146)
mouth (right) real1:(192.963,145.483), cal1:(279.584,159.806)

1.40477 -0.320361 3.0565 0.997737
left shoulder real0:(608.454,192.434), cal0:(608.059,185.706)
left shoulder real1:(468.512,213.948), cal1:(469.188,220.741)

1.15007 -4.75717 97.7444 0.998113
right shoulder real0:(341.093,260.888), cal0:(339.017,219.447)
right shoulder real1:(118.776,235.09), cal1:(122.773,274.287)

0.780473 0.377104 1.5317 0.849001
left elbow real0:(641.205,292.281), cal0:(638.065,396.659)
left elbow real1:(600.07,405.76), cal1:(599.073,397.829)

-1.04457 0.807786 3.16117 0.953279
right elbow real0:(132.008,436.958), cal0:(133.433,402.269)
right elbow real1:(-23.1926,418.804), cal1:(-12.5873,500.99)

0.568847 0.47608 1.17454 0.226278
left wrist real0:(632.396,357.591), cal0:(622.908,492.297)
left wrist real1:(672.403,627.687), cal1:(652.049,480.275)

-1.31396 2.2486 3.76153 0.757404
right wrist real0:(117.104,641.059), cal0:(122.092,607.959)
right wrist real1:(-85.7336,518.161), cal1:(-43.243,777.884)

0.533429 0.437801 1.07893 0.224279
left pinky real0:(637.426,372.374), cal0:(628.969,492.561)
left pinky real1:(706.087,689.836), cal1:(676.666,476.724)

-1.42937 2.5536 3.85036 0.675267
right pinky real0:(103.241,680.182), cal0:(108.927,647.278)
right pinky real1:(-113.094,554.646), cal1:(-64.5337,838.855)

0.555959 0.493905 1.16852 0.23443
left index real0:(628.424,360.722), cal0:(617.778,502.718)
left index real1:(678.659,690.306), cal1:(650.805,490.605)

-2.27403 4.78373 7.3573 0.712058
right index real0:(140.494,674.341), cal0:(146.261,639.459)
right index real1:(-108.369,541.718), cal1:(-61.7088,818.817)

0.554162 0.531919 1.21403 0.237141
left thumb real0:(617.843,364.824), cal0:(606.175,512.014)
left thumb real1:(658.607,670.936), cal1:(634.887,502.496)

-2.3688 5.12149 8.27068 0.691387
right thumb real0:(153.502,662.166), cal0:(159.883,620.848)
right thumb real1:(-90.1218,535.779), cal1:(-48.4817,788.413)

1.44187 2.18784 3.99689 0.0422252
left hip real0:(549.841,567.025), cal0:(548.673,577.669)
left hip real1:(431.881,614.733), cal1:(430.041,602.495)

6222.84 26309.1 46488.5 0.0523325
right hip real0:(409.436,613.462), cal0:(412.365,588.811)
right hip real1:(213.523,623.956), cal1:(219.728,663.405)

0.806742 3.00844 2.82252 0.0319467
left knee real0:(568.355,630.099), cal0:(503.661,889.27)
left knee real1:(453.796,965.615), cal1:(449.473,943.657)

55947.5 242231 271507 0.0343541
right knee real0:(503.524,708.654), cal0:(455.743,784.881)
right knee real1:(251.092,969.631), cal1:(277.99,869.139)

0.155474 2.21367 1.51129 0.0157967
left ankle real0:(532.973,756.493), cal0:(393.752,1129)
left ankle real1:(473.808,1274.42), cal1:(472.768,1270.12)

0.799116 11.8681 8.6074 0.0146105
right ankle real0:(490.92,783.126), cal0:(387.723,1077.35)
right ankle real1:(272.017,1279.2), cal1:(266.333,1254.82)

0.0649031 1.94179 1.28924 0.0159158
left heel real0:(505.286,787.937), cal0:(362.192,1153.87)
left heel real1:(485.942,1319.68), cal1:(484.885,1315.42)

0.0059371 4.92357 3.49767 0.0192138
right heel real0:(442.683,796.715), cal0:(332.968,1094.69)
right heel real1:(272.923,1322.3), cal1:(268.471,1303.72)

0.900425 5.81901 3.82082 0.011195
left foot index real0:(611.024,798.357), cal0:(473.526,1163.98)
left foot index real1:(437.573,1383.67), cal1:(414.988,1290.58)

44236.2 301227 215480 0.0109034
right foot index real0:(607.462,812.698), cal0:(455.279,1088.84)
right foot index real1:(298.574,1395.35), cal1:(299.208,1231.75)

