camera0:
0.949947 0.157011 0.998123 0
0.943266 0.0792163 0.996864 0
0.954789 0.0807081 0.995989 0
0.967711 0.0846971 0.994249 0
0.886681 0.0727704 0.99904 0
0.85801 0.0744303 0.999321 0
0.833458 0.0783272 0.999401 0
0.930295 0.118277 0.995179 0
0.762363 0.116444 0.999806 0
0.956631 0.24391 0.996842 0
0.902179 0.258373 0.999485 0
0.952083 0.425078 0.967213 0.58475
0.537399 0.557229 0.99857 0
0.986994 0.74333 0.485314 0.642
0.296627 0.98445 0.913694 0
0.94725 0.98303 0.471713 0
0.338262 1.29114 0.714735 -111
0.938351 1.06507 0.446507 -111
0.333711 1.37181 0.64453 -111
0.92954 1.03884 0.457388 -111
0.378015 1.34929 0.673228 -111
0.914565 1.01655 0.462694 -111
0.388803 1.31466 0.669086 -111
0.864441 1.17677 0.0501892 -111
0.64062 1.26653 0.0612667 -111
0.865104 1.186 0.0103394 -111
0.762287 1.35131 0.0326515 -111
0.789525 1.47109 0.00201015 -111
0.7317 1.52781 0.00507379 -111
0.753091 1.5351 0.00194698 -111
0.662056 1.56298 0.0057361 -111
0.893684 1.56529 0.00594072 -111
0.912216 1.59577 0.00891106 -111
camera1:
0.327674 0.152214 0.988612 0
0.3436 0.00415716 0.976408 0
0.379498 0.00755832 0.97875 0
0.412131 0.0177089 0.982028 0
0.282722 0.0112523 0.964892 0
0.305841 0.06367 0.959833 0
0.290919 0.0647201 0.957423 0
0.505875 0.0531022 0.988095 0
0.268811 0.0615583 0.968397 0
0.383657 0.23467 0.996313 0
0.315975 0.247935 0.993969 0
0.728403 0.419707 0.996419 0
0.163888 0.484016 0.995354 0.52225
0.936688 0.842823 0.804828 0
-0.0258855 0.925606 0.714133 -111
1.05313 1.26171 0.346459 -111
-0.138531 1.20931 0.446826 -111
1.11572 1.38437 0.308241 -111
-0.193601 1.30589 0.393971 -111
1.06624 1.39291 0.333787 -111
-0.164527 1.28747 0.423544 -111
1.03422 1.35474 0.348751 -111
-0.131959 1.2637 0.445485 -111
0.664072 1.2496 0.0747531 -111
0.323869 1.28441 0.0783558 -111
0.716691 1.96723 0.0726109 -111
0.413289 1.98901 0.0645408 -111
0.756606 2.60427 0.0366314 -111
0.460815 2.61735 0.0339027 -111
0.775089 2.70196 0.0369294 -111
0.462652 2.71311 0.0445478 -111
0.705993 2.84081 0.0259685 -111
0.514989 2.85512 0.0252817 -111
fused:
140789 -146268 430318 0.998123
nose real0:(607.966,75.3655), cal0:(528.503,44.4169)
nose real1:(209.711,73.0628), cal1:(299.322,101.581)

129444 -166742 387115 0.996864
left eye (inner) real0:(603.69,38.0238), cal0:(532.833,-10.1651)
left eye (inner) real1:(219.904,1.99544), cal1:(299.771,52.5032)

132141 -157239 366455 0.995989
left eye real0:(611.065,38.7399), cal0:(548.579,-9.17511)
left eye real1:(242.879,3.628), cal1:(313.628,54.4045)

134527 -147807 348710 0.994249
left eye (outer) real0:(619.335,40.6546), cal0:(563.713,-6.04141)
left eye (outer) real1:(263.764,8.50028), cal1:(326.872,58.129)

108830 -173764 405650 0.99904
right eye (inner) real0:(567.476,34.9298), cal0:(493.124,-8.74126)
right eye (inner) real1:(180.942,5.40108), cal1:(264.014,51.1547)

101082 -155719 383189 0.999321
right eye real0:(549.126,35.7266), cal0:(490.425,4.46978)
right eye real1:(195.739,30.5616), cal1:(262.3,63.1107)

91988.7 -153925 381558 0.999401
right eye (outer) real0:(533.413,37.597), cal0:(476.784,6.25184)
right eye (outer) real1:(186.188,31.0656), cal1:(249.676,63.9222)

86952.7 -83216.7 211714 0.995179
left ear real0:(595.389,56.7728), cal0:(578.687,12.4719)
left ear real1:(323.76,25.4891), cal1:(340.783,75.2974)

65361.1 -136300 352532 0.999806
right ear real0:(487.912,55.8929), cal0:(443.333,16.3371)
right ear real1:(172.039,29.548), cal1:(218.189,71.375)

146911 -110243 409330 0.996842
mouth (left) real0:(612.244,117.077), cal0:(547.566,86.8355)
mouth (left) real1:(245.54,112.642), cal1:(318.856,140.731)

127273 -113704 441357 0.999485
mouth (right) real0:(577.394,124.019), cal0:(505.189,93.8684)
mouth (right) real1:(202.224,119.009), cal1:(281.296,146.493)

1.42499 -0.32513 3.09834 0.996419
left shoulder real0:(609.333,204.038), cal0:(608.252,185.631)
left shoulder real1:(466.178,201.459), cal1:(468.102,220.793)

1252.87 -10649.7 228356 0.99857
right shoulder real0:(343.935,267.47), cal0:(335.244,220.669)
right shoulder real1:(104.888,232.328), cal1:(115.039,276.179)

0.74291 0.349913 1.49349 0.804828
left elbow real0:(631.676,356.798), cal0:(630.787,389.503)
left elbow real1:(599.48,404.555), cal1:(597.864,391.605)

-1.8434 2.23648 7.93901 0.913694
right elbow real0:(189.841,472.536), cal0:(192.453,417.999)
right elbow real1:(-16.5667,444.291), cal1:(-7.07742,516.659)

0.487753 0.492921 1.08479 0.471713
left wrist real0:(606.24,471.855), cal0:(602.069,521.781)
left wrist real1:(674.004,605.62), cal1:(660.203,508.54)

-60887.1 148891 287367 0.714735
right wrist real0:(216.488,619.749), cal0:(204.659,560.08)
right wrist real1:(-88.6597,580.466), cal1:(-35.9693,698.409)

0.415376 0.50032 0.948741 0.446507
left pinky real0:(600.545,511.234), cal0:(594.973,565.628)
left pinky real1:(714.063,664.499), cal1:(696.499,545.905)

-72291.7 181895 313689 0.64453
right pinky real0:(213.575,658.468), cal0:(193.498,597.183)
right pinky real1:(-123.904,626.828), cal1:(-50.687,750.768)

0.446957 0.544238 1.04629 0.457388
left index real0:(594.905,498.642), cal0:(588.585,561.307)
left index real1:(682.395,668.599), cal1:(664.461,547.097)

-67469.8 194311 343342 0.673228
right index real0:(241.929,647.658), cal0:(213.893,588.819)
right index real1:(-105.297,617.987), cal1:(-22.1805,731.735)

0.449829 0.546256 1.09201 0.462694
left thumb real0:(585.321,487.946), cal0:(579.42,549.329)
left thumb real1:(661.898,650.277), cal1:(645.656,539.114)

-62686.2 184046 341350 0.669086
right thumb real0:(248.834,631.035), cal0:(221.623,572.73)
right thumb real1:(-84.4539,606.574), cal1:(-12.0438,708.243)

1.64752 2.41173 4.48747 0.0747531
left hip real0:(553.242,564.848), cal0:(552.511,571.689)
left hip real1:(425.006,599.807), cal1:(424.554,596.785)

19045.1 78934.1 149487 0.0783558
right hip real0:(409.997,607.932), cal0:(408.487,566.038)
right hip real1:(207.276,616.517), cal1:(214.196,639.162)

0.526112 2.29426 2.18526 0.0726109
left knee real0:(553.667,569.28), cal0:(476.585,879.66)
left knee real1:(458.683,944.269), cal1:(457.605,938.784)

20449.5 111288 117188 0.0645408
right knee real0:(487.864,648.629), cal0:(436.782,819.424)
right knee real1:(264.505,954.723), cal1:(260.492,917.563)

0.0584055 1.78743 1.25841 0.0366314
left ankle real0:(505.296,706.124), cal0:(359.831,1102.33)
left ankle real1:(484.228,1250.05), cal1:(484.009,1249.14)

0.106059 4.48874 3.29966 0.0339027
right ankle real0:(468.288,733.349), cal0:(351.258,1066.26)
right ankle real1:(294.922,1256.33), cal1:(293.612,1250.71)

-0.00200629 1.62945 1.11213 0.0369294
left heel real0:(481.978,736.848), cal0:(330.864,1129.24)
left heel real1:(496.057,1296.94), cal1:(495.856,1296.13)

-0.113534 3.0489 2.19479 0.0445478
right heel real0:(423.716,750.231), cal0:(300.871,1083.56)
right heel real1:(296.097,1302.29), cal1:(295.134,1298.28)

0.199965 2.78504 1.78799 0.0259685
left foot index real0:(571.958,751.34), cal0:(399.136,1184.82)
left foot index real1:(451.836,1363.59), cal1:(447.497,1346.31)

1.46553 13.4045 8.81136 0.0252817
right foot index real0:(583.819,765.968), cal0:(431.869,1162.96)
right foot index real1:(329.593,1370.46), cal1:(320.307,1332.57)

