camera0:
0.99172 0.185922 0.992961 0
0.972134 0.104659 0.988642 0
0.975823 0.108242 0.986257 0
0.97711 0.110645 0.979947 0
0.935972 0.103682 0.99671 0
0.916008 0.106783 0.997969 0
0.891708 0.110062 0.998164 0
0.935489 0.135771 0.980833 0
0.808997 0.140278 0.999467 0
0.987955 0.259675 0.990306 0
0.9502 0.273846 0.998617 0
0.953433 0.422799 0.946552 0.6125
0.526641 0.54513 0.998094 0
1.02656 0.730509 0.0888332 -111
0.283615 0.91669 0.944605 0
0.974104 1.02373 0.0946595 -111
0.455272 1.38498 0.619502 -111
0.968706 1.1184 0.100566 -111
0.483047 1.50792 0.528333 -111
0.954348 1.09552 0.10941 -111
0.535614 1.45173 0.575488 -111
0.94308 1.07324 0.106877 -111
0.528121 1.40148 0.531723 -111
0.882095 1.19955 0.0278555 -111
0.614258 1.30552 0.0386637 -111
0.874322 1.65428 0.00551141 -111
0.690165 1.72712 0.0261628 -111
0.884799 2.12695 0.00134352 -111
0.691606 2.16284 0.00485285 -111
0.87076 2.21934 0.00118817 -111
0.648713 2.23845 0.00604317 -111
0.976003 2.28878 0.00664438 -111
0.847445 2.30508 0.0108903 -111
camera1:
0.39899 0.129301 0.977781 0
0.43236 0.0110467 0.960535 0
0.454983 0.0166393 0.960433 0
0.476364 0.0242478 0.96808 0
0.360395 0.00797587 0.945751 0
0.343687 0.0336999 0.939241 0
0.324412 0.0464856 0.939536 0
0.539876 0.0646086 0.976669 0
0.312976 0.0806256 0.953794 0
0.466611 0.217741 0.994498 0
0.376474 0.237206 0.991494 0
0.746657 0.448474 0.998168 0
0.180229 0.510317 0.996473 0.527
0.944717 0.871934 0.857233 0
-0.0237238 0.950819 0.604946 -111
1.02729 1.35175 0.123188 -111
-0.131783 1.23157 0.134746 -111
1.07642 1.49115 0.0853183 -111
-0.183865 1.32735 0.0980831 -111
1.02053 1.49578 0.109699 -111
-0.154887 1.31819 0.120218 -111
0.992312 1.44591 0.129177 -111
-0.126029 1.29198 0.148052 -111
0.686839 1.31862 0.0179263 -111
0.330077 1.34906 0.0178192 -111
0.730734 2.07603 0.00966305 -111
0.401001 2.09883 0.00840212 -111
0.759215 2.74442 0.00448551 -111
0.43289 2.76513 0.00414526 -111
0.772406 2.8475 0.00451084 -111
0.430506 2.86642 0.00546681 -111
0.71685 2.97638 0.00318116 -111
0.493641 3.00677 0.00310224 -111
fused:
178276 -152349 453692 0.992961
nose real0:(634.701,89.2423), cal0:(568.015,46.8865)
nose real1:(255.354,62.0646), cal1:(333.966,105.309)

154388 -160272 385469 0.988642
left eye (inner) real0:(622.166,50.2364), cal0:(572.566,-1.18354)
left eye (inner) real1:(276.71,5.30242), cal1:(334.721,62.9424)

151402 -150497 365263 0.986257
left eye real0:(624.527,51.9562), cal0:(580.965,1.07676)
left eye real1:(291.189,7.98686), cal1:(341.956,65.4135)

145718 -140110 342519 0.979947
left eye (outer) real0:(625.351,53.1096), cal0:(587.532,2.85884)
left eye (outer) real1:(304.873,11.6389), cal1:(347.572,67.3443)

147769 -179282 431984 0.99671
right eye (inner) real0:(599.022,49.7675), cal0:(537.452,-0.723728)
right eye (inner) real1:(230.653,3.82842), cal1:(304.43,61.2581)

141750 -177625 440765 0.997969
right eye real0:(586.245,51.2561), cal0:(525.154,6.50433)
right eye real1:(219.96,16.1759), cal1:(293.985,67.0344)

132198 -176964 446566 0.998164
right eye (outer) real0:(570.693,52.8298), cal0:(509.794,10.5402)
right eye (outer) real1:(207.624,22.3131), cal1:(280.415,69.816)

56830.7 -50120.9 131720 0.980833
left ear real0:(598.713,65.17), cal0:(591.147,20.0162)
left ear real1:(345.521,31.0121), cal1:(351.717,82.5431)

96183.6 -149770 406060 0.999467
right ear real0:(517.758,67.3336), cal0:(474.251,27.0315)
right ear real1:(200.305,38.7003), cal1:(248.494,83.1147)

170768 -108258 403372 0.994498
mouth (left) real0:(632.291,124.644), cal0:(586.282,87.4035)
mouth (left) real1:(298.631,104.516), cal1:(352.123,141.928)

167823 -121790 477736 0.998617
mouth (right) real0:(608.128,131.446), cal0:(542.989,95.4873)
mouth (right) real1:(240.943,113.859), cal1:(315.39,148.546)

1.29826 -0.263157 2.80899 0.998168
left shoulder real0:(610.197,202.944), cal0:(609.608,192.394)
left shoulder real1:(477.861,215.268), cal1:(478.922,225.847)

0.521034 -3.79253 94.125 0.998094
right shoulder real0:(337.051,261.662), cal0:(335.274,224.482)
right shoulder real1:(115.346,244.952), cal1:(118.929,279.856)

0.860598 0.456369 1.60401 0.857233
left elbow real0:(656.997,350.644), cal0:(654.275,419.688)
left elbow real1:(604.619,418.528), cal1:(604.515,417.718)

-1.58103 1.73532 6.36661 0.944605
right elbow real0:(181.513,440.011), cal0:(182.759,412.505)
right elbow real1:(-15.1832,456.393), cal1:(-8.12299,510.564)

0.56261 0.705382 1.21118 0.123188
left wrist real0:(623.426,491.391), cal0:(611.011,598.706)
left wrist real1:(657.469,648.842), cal1:(647.522,583.536)

-20374.9 177509 263780 0.619502
right wrist real0:(291.374,664.79), cal0:(285.544,653.126)
right wrist real1:(-84.3411,591.152), cal1:(75.4714,784.018)

0.511149 0.679761 1.10499 0.100566
left pinky real0:(619.972,536.834), cal0:(609.851,618.408)
left pinky real1:(688.906,715.754), cal1:(670.845,599.227)

-11749.1 189876 245147 0.528333
right pinky real0:(309.15,723.801), cal0:(303.155,714.185)
right pinky real1:(-117.673,637.127), cal1:(100.518,852.31)

0.545317 0.777515 1.23286 0.109699
left index real0:(610.783,525.85), cal0:(597.677,627.714)
left index real1:(653.141,717.975), cal1:(637.046,615.106)

807.777 207457 284362 0.575488
right index real0:(342.793,696.832), cal0:(333.655,687.146)
right index real1:(-99.1277,632.732), cal1:(136.381,805.787)

0.546742 0.802362 1.27651 0.129177
left thumb real0:(603.571,515.156), cal0:(589.26,626.451)
left thumb real1:(635.08,694.039), cal1:(623.046,617.117)

-4634.66 229072 336769 0.531723
right thumb real0:(337.998,672.712), cal0:(323.68,657.491)
right thumb real1:(-80.6583,620.153), cal1:(122.865,773.96)

1.70606 2.4861 4.42864 0.0278555
left hip real0:(564.541,575.782), cal0:(563.382,586.072)
left hip real1:(439.577,632.938), cal1:(435.881,608.517)

2.17003 12.6587 20.7731 0.0386637
right hip real0:(393.125,626.649), cal0:(394.706,614.927)
right hip real1:(211.249,647.549), cal1:(218.889,695.759)

1.0465 3.53564 3.19494 0.00966305
left knee real0:(559.566,794.054), cal0:(528.727,913.771)
left knee real1:(467.669,996.493), cal1:(460.772,961.945)

22755.8 126715 129367 0.0261628
right knee real0:(441.705,829.015), cal0:(437.623,837.361)
right knee real1:(256.641,1007.44), cal1:(262.595,938.179)

0.718094 4.10606 2.60021 0.00448551
left ankle real0:(566.271,1020.94), cal0:(497.859,1197.73)
left ankle real1:(485.898,1317.32), cal1:(482.742,1304.53)

6810.23 64478.6 45698.6 0.00485285
right ankle real0:(442.628,1038.16), cal0:(421.477,1096.66)
right ankle real1:(277.049,1327.26), cal1:(263.034,1265.24)

0.602055 3.83226 2.32904 0.00451084
left heel real0:(557.286,1065.28), cal0:(487.245,1237.57)
left heel real1:(494.34,1366.8), cal1:(491.93,1357.32)

1.3344 18.9956 12.9363 0.00604317
right heel real0:(415.176,1074.45), cal0:(393.918,1131.18)
right heel real1:(275.524,1375.88), cal1:(262.885,1323.68)

57845.8 197046 130751 0.00664438
left foot index real0:(624.642,1098.61), cal0:(597.734,1154.41)
left foot index real1:(458.784,1428.66), cal1:(443.601,1217.45)

50485.9 227823 155947 0.0108903
right foot index real0:(542.365,1106.44), cal0:(526.438,1126.68)
right foot index real1:(315.93,1443.25), cal1:(374.613,1230.4)

