camera0:
0.574633 0.393618 0.999949 0.84225
0.588095 0.344905 0.999913 0.85175
0.59997 0.344481 0.9999 0.86175
0.612919 0.342476 0.99991 0.87175
0.549108 0.342209 0.999917 0
0.532803 0.341104 0.999903 0
0.517163 0.340347 0.99992 0
0.624713 0.360379 0.999927 0.87775
0.482466 0.36764 0.999942 0
0.597416 0.442485 0.99995 0.84825
0.547092 0.444748 0.999952 0.85825
0.713019 0.615502 0.999465 0.93625
0.404033 0.639855 0.999534 0
0.905934 0.781251 0.959439 0.7965
0.327338 0.902692 0.966857 0.52075
0.97291 0.525076 0.960654 0.66175
0.37601 0.46619 0.93976 2.71175
1.00073 0.443963 0.920092 -111
0.378939 0.357659 0.889378 2.449
0.983697 0.423122 0.918996 2.14125
0.382432 0.335721 0.890913 2.4775
0.956356 0.463098 0.922581 2.01975
0.397118 0.38043 0.899833 2.456
0.721761 1.26553 0.0503186 -111
0.487075 1.28977 0.0485143 -111
0.73338 1.77672 0.00332983 -111
0.525387 1.80635 0.0018451 -111
0.75182 2.24912 0.000144635 -111
0.549159 2.2564 4.51166e-05 -111
0.757634 2.31595 0.00015584 -111
0.544156 2.31458 0.000105808 -111
0.747462 2.39206 0.000211168 -111
0.598744 2.4144 0.000153028 -111
camera1:
0.651372 0.356489 0.99981 0
0.682187 0.294647 0.999662 0
0.698097 0.297276 0.999609 0
0.712549 0.300324 0.999617 0
0.641968 0.292206 0.999692 0
0.629485 0.292974 0.999653 0
0.619479 0.293795 0.999697 0
0.74625 0.327165 0.99963 0
0.604073 0.321199 0.999748 0
0.682807 0.418059 0.999758 0
0.628166 0.41783 0.999816 0.7945
0.835042 0.610843 0.994913 0
0.477053 0.610262 0.99901 0.85975
1.02722 0.825566 0.964282 -111
0.240886 0.785603 0.973296 0.69875
0.946686 0.406297 0.961128 2.44025
0.151429 0.469166 0.971487 3.489
0.940732 0.274042 0.928947 2.1855
0.107925 0.350903 0.950827 2.372
0.928835 0.256574 0.926476 0
0.141905 0.332747 0.952918 3.1735
0.907947 0.313898 0.923634 0
0.170779 0.375508 0.95231 3.112
0.796239 1.3387 0.0281844 -111
0.545142 1.33732 0.0424764 -111
0.779157 1.91192 0.00938548 -111
0.54214 1.91885 0.00425285 -111
0.780416 2.43866 0.00078586 -111
0.542034 2.43119 0.000266964 -111
0.793207 2.51508 0.000433664 -111
0.53801 2.49793 0.0006267 -111
0.740588 2.58801 0.000572861 -111
0.569503 2.60632 0.000986548 -111
fused:
0.0678166 -0.161594 1.19113 0.999949
nose real0:(367.765,188.936), cal0:(366.152,167.164)
nose real1:(416.878,171.115), cal1:(418.956,192.96)

0.0794255 -0.201386 1.12678 0.999913
left eye (inner) real0:(376.381,165.554), cal0:(374.295,141.284)
left eye (inner) real1:(436.6,141.431), cal1:(438.865,166.115)

0.0927016 -0.197564 1.1129 0.9999
left eye real0:(383.981,165.351), cal0:(381.99,142.009)
left eye real1:(446.782,142.693), cal1:(448.974,166.544)

0.10753 -0.195515 1.10514 0.99991
left eye (outer) real0:(392.268,164.389), cal0:(390.402,142.374)
left eye (outer) real1:(456.031,144.155), cal1:(458.112,166.76)

0.0329379 -0.206912 1.14156 0.999917
right eye (inner) real0:(351.429,164.26), cal0:(349.282,139.766)
right eye (inner) real1:(410.86,140.259), cal1:(413.1,164.817)

0.0131028 -0.206034 1.13609 0.999903
right eye real0:(340.994,163.73), cal0:(338.877,139.706)
right eye real1:(402.87,140.627), cal1:(405.052,164.576)

-0.00571178 -0.203938 1.12558 0.99992
right eye (outer) real0:(330.984,163.366), cal0:(328.899,139.807)
right eye (outer) real1:(396.466,141.022), cal1:(398.592,164.38)

0.116291 -0.165994 1.05277 0.999927
left ear real0:(399.816,172.982), cal0:(398.31,153.937)
left ear real1:(477.6,157.039), cal1:(479.438,176.659)

-0.0455318 -0.173216 1.08961 0.999942
right ear real0:(308.778,176.467), cal0:(306.844,153.158)
right ear real1:(386.606,154.175), cal1:(388.714,176.937)

0.0961321 -0.10626 1.1717 0.99995
mouth (left) real0:(382.346,212.393), cal0:(381.238,194.194)
mouth (left) real1:(436.997,200.668), cal1:(438.806,218.968)

0.0338597 -0.109555 1.19882 0.999952
mouth (right) real0:(350.139,213.479), cal0:(348.916,193.775)
mouth (right) real1:(402.026,200.559), cal1:(403.941,219.992)

0.219859 0.0668611 1.06321 0.999465
left shoulder real0:(456.332,295.441), cal0:(456.178,286.491)
left shoulder real1:(534.427,293.205), cal1:(535.462,302.485)

-0.155769 0.0666026 1.26538 0.999534
right shoulder real0:(258.581,307.131), cal0:(257.994,280.33)
right shoulder real1:(305.314,292.926), cal1:(308.004,317.336)

0.407259 0.227608 0.988446 0.964282
left elbow real0:(579.798,375), cal0:(579.474,387.085)
left elbow real1:(657.424,396.272), cal1:(655.821,383.418)

-0.395233 0.385564 1.96191 0.973296
right elbow real0:(209.496,433.292), cal0:(210.922,366.806)
right elbow real1:(154.167,377.09), cal1:(161.028,432.826)

0.602423 -0.0662107 1.25176 0.961128
left wrist real0:(622.662,252.036), cal0:(621.073,216.908)
left wrist real1:(605.879,195.023), cal1:(609.993,234.812)

-0.565543 -0.309223 3.65546 0.971487
right wrist real0:(240.646,223.771), cal0:(239.003,197.858)
right wrist real1:(96.9143,225.199), cal1:(99.0528,246.988)

0.661477 -0.186137 1.30239 0.928947
left pinky real0:(640.47,213.102), cal0:(637.074,162.804)
left pinky real1:(602.068,131.54), cal1:(607.6,188.581)

-0.766536 -0.871485 5.01045 0.950827
right pinky real0:(242.521,171.676), cal0:(240.039,144.165)
right pinky real1:(69.072,168.433), cal1:(71.0547,190.334)

0.635043 -0.206839 1.29764 0.926476
left index real0:(629.566,203.099), cal0:(625.952,152.902)
left index real1:(594.454,123.156), cal1:(599.901,180.071)

-0.590532 -0.742341 3.96162 0.952918
right index real0:(244.757,161.146), cal0:(242.396,136.082)
right index real1:(90.8194,159.719), cal1:(92.6127,179.776)

0.612398 -0.157732 1.32666 0.923634
left thumb real0:(612.068,222.287), cal0:(609.266,177.244)
left thumb real1:(581.086,150.671), cal1:(586.113,201.709)

-0.492555 -0.566754 3.70076 0.95231
right thumb real0:(254.156,182.606), cal0:(251.989,156.659)
right thumb real1:(109.299,180.244), cal1:(111.261,201.475)

0.292793 0.815581 1.35669 0.0503186
left hip real0:(461.927,607.454), cal0:(461.602,609.984)
left hip real1:(509.593,642.577), cal1:(508.407,634.996)

-0.0424018 0.851928 1.46923 0.0485143
right hip real0:(311.728,619.092), cal0:(314.61,597.176)
right hip real1:(348.891,641.912), cal1:(352.751,666.438)

0.363646 1.66398 1.62364 0.00938548
left knee real0:(469.363,852.824), cal0:(466.501,864.616)
left knee real1:(498.66,917.722), cal1:(498.408,916.422)

0.0482328 1.83049 1.92109 0.00425285
right knee real0:(336.247,867.047), cal0:(347.031,821.338)
right knee real1:(346.97,921.047), cal1:(348.318,928.064)

0.473469 2.68327 1.92887 0.00078586
left ankle real0:(481.165,1079.58), cal0:(479.414,1084.73)
left ankle real1:(499.466,1170.56), cal1:(499.433,1170.41)

0.168226 3.22616 2.51475 0.000266964
right ankle real0:(351.462,1083.07), cal0:(372.137,1019.7)
right ankle real1:(346.902,1166.97), cal1:(347.218,1168.38)

0.479684 2.75974 1.90937 0.000433664
left heel real0:(484.886,1111.65), cal0:(482.875,1117.34)
left heel real1:(507.652,1207.24), cal1:(507.511,1206.64)

0.167207 3.40551 2.57425 0.0006267
right heel real0:(348.26,1111), cal0:(370.97,1043.75)
right heel real1:(344.327,1199), cal1:(344.664,1200.48)

0.590286 3.52196 2.37437 0.000572861
left foot index real0:(478.376,1148.19), cal0:(481.302,1140.15)
left foot index real1:(473.976,1242.24), cal1:(474.187,1243.13)

0.363588 4.25246 3.00544 0.000986548
right foot index real0:(383.196,1158.91), cal0:(404.626,1099.04)
right foot index real1:(364.482,1251.03), cal1:(364.745,1252.15)

