camera0:
0.568468 0.397561 0.999913 0.831
0.580403 0.347967 0.99982 0.83375
0.591545 0.349337 0.999808 0.83025
0.602144 0.35101 0.999818 0.82825
0.543673 0.349121 0.999846 0.831
0.530274 0.351476 0.99983 0.8355
0.518702 0.353851 0.999831 0.838
0.614368 0.377696 0.999821 0.84475
0.49815 0.381252 0.999868 0.86175
0.595822 0.450254 0.999911 0.823
0.547924 0.449867 0.999931 0.84175
0.712825 0.624601 0.99957 0.919
0.404317 0.648691 0.999528 0.80925
0.872393 0.780049 0.950129 0.748
0.340903 0.968544 0.850127 0
1.05801 0.841549 0.917046 -111
0.396119 1.28925 0.706422 -111
1.13221 0.860107 0.85995 -111
0.399641 1.39408 0.675772 -111
1.11073 0.860306 0.874201 -111
0.429657 1.373 0.692292 -111
1.07577 0.868665 0.879389 -111
0.431664 1.33828 0.709589 -111
0.700561 1.26918 0.0416121 -111
0.474342 1.29429 0.0372629 -111
0.729031 1.78847 0.0023427 -111
0.513336 1.8309 0.00145008 -111
0.744963 2.26426 0.000115991 -111
0.522884 2.3185 4.92885e-05 -111
0.742961 2.33912 0.000122201 -111
0.502738 2.3996 0.000106365 -111
0.779209 2.39436 0.000232529 -111
0.614789 2.44482 0.000156606 -111
camera1:
0.628577 0.351406 0.999151 0.7535
0.64963 0.295758 0.997886 0.77175
0.664581 0.297563 0.998047 0.76275
0.679918 0.299634 0.997519 0.76175
0.610835 0.295376 0.998111 0.78125
0.59963 0.29668 0.998388 0.78425
0.588908 0.298762 0.998314 0.78575
0.716145 0.328652 0.997707 0.77425
0.580851 0.330835 0.99869 0.806
0.66234 0.408015 0.999285 0.7655
0.609029 0.409015 0.999409 0.77725
0.839076 0.635777 0.994504 0.72475
0.46773 0.627612 0.998739 0.85
0.937561 0.943569 0.829326 0
0.23227 0.819402 0.965141 0.6625
0.96982 1.2254 0.694223 -111
-0.012895 0.894842 0.920914 -111
0.993843 1.32802 0.664452 -111
-0.113235 0.937846 0.858245 -111
0.955392 1.30527 0.686154 -111
-0.107649 0.927031 0.894081 -111
0.938399 1.26639 0.685296 -111
-0.0733428 0.929746 0.900363 -111
0.772247 1.36093 0.0202834 -111
0.517579 1.34828 0.030257 -111
0.743761 1.87199 0.0155708 -111
0.521236 1.85885 0.00725896 -111
0.759228 2.4091 0.00144647 -111
0.521053 2.40627 0.000701683 -111
0.77267 2.49725 0.000685478 -111
0.519143 2.49249 0.00128102 -111
0.72006 2.55929 0.000865044 -111
0.541594 2.56456 0.00130252 -111
fused:
0.0620548 -0.170042 1.24084 0.999913
nose real0:(363.82,190.829), cal0:(361.992,166.34)
nose real1:(402.289,168.675), cal1:(404.617,193.189)

0.0744102 -0.213593 1.1979 0.99982
left eye (inner) real0:(371.458,167.024), cal0:(369.266,141.538)
left eye (inner) real1:(415.763,141.964), cal1:(418.136,167.84)

0.0876457 -0.209141 1.18344 0.999808
left eye real0:(378.589,167.682), cal0:(376.441,142.489)
left eye real1:(425.332,142.83), cal1:(427.692,168.508)

0.0996663 -0.203962 1.16662 0.999818
left eye (outer) real0:(385.372,168.485), cal0:(383.272,143.626)
left eye (outer) real1:(435.147,143.824), cal1:(437.494,169.292)

0.0277529 -0.21682 1.21466 0.999846
right eye (inner) real0:(347.951,167.578), cal0:(345.674,141.42)
right eye (inner) real1:(390.935,141.78), cal1:(393.328,167.962)

0.0103412 -0.214569 1.21165 0.99983
right eye real0:(339.375,168.708), cal0:(337.075,142.27)
right eye real1:(383.763,142.406), cal1:(386.169,168.719)

-0.00460856 -0.212589 1.21206 0.999831
right eye (outer) real0:(331.969,169.848), cal0:(329.664,143.287)
right eye (outer) real1:(376.901,143.406), cal1:(379.309,169.724)

0.109207 -0.166754 1.10386 0.999821
left ear real0:(393.195,181.294), cal0:(391.383,157.91)
left ear real1:(458.333,157.753), cal1:(460.593,181.771)

-0.0299759 -0.179871 1.18672 0.999868
right ear real0:(318.816,183.001), cal0:(316.773,157.606)
right ear real1:(371.745,158.801), cal1:(374.066,183.682)

0.097727 -0.11332 1.22416 0.999911
mouth (left) real0:(381.326,216.122), cal0:(379.908,193.064)
mouth (left) real1:(423.897,195.847), cal1:(426.183,219.007)

0.0360275 -0.117872 1.25556 0.999931
mouth (right) real0:(350.671,215.936), cal0:(349.187,192.276)
mouth (right) real1:(389.779,196.327), cal1:(392.073,219.656)

0.218703 0.0811745 1.05794 0.99957
left shoulder real0:(456.208,299.808), cal0:(456.141,294.81)
left shoulder real1:(537.009,305.173), cal1:(537.592,310.351)

-0.159144 0.0806232 1.2978 0.999528
right shoulder real0:(258.763,311.372), cal0:(258.279,286.032)
right shoulder real1:(299.347,301.254), cal1:(301.905,324.292)

0.445826 0.31102 1.18892 0.950129
left elbow real0:(558.331,374.423), cal0:(557.225,405.914)
left elbow real1:(600.039,452.913), cal1:(594.518,409.517)

-0.40116 0.473766 2.16364 0.965141
right elbow real0:(218.178,464.901), cal0:(220.561,380.293)
right elbow real1:(148.653,393.313), cal1:(155.631,449.089)

1.02318 0.663029 1.80138 0.917046
left wrist real0:(677.123,403.944), cal0:(673.181,469.9)
left wrist real1:(620.685,588.191), cal1:(603.814,463.011)

-4461.62 9080.23 30471.7 0.920914
right wrist real0:(253.516,618.841), cal0:(243.985,427.784)
right wrist real1:(-8.25279,429.524), cal1:(12.8134,522.832)

1.36886 0.876156 2.12567 0.85995
left pinky real0:(724.617,412.851), cal0:(718.821,496.411)
left pinky real1:(636.059,637.451), cal1:(614.788,483.024)

-8703.23 14488 43113.9 0.858245
right pinky real0:(255.77,669.158), cal0:(210.674,450.652)
right pinky real1:(-72.4703,450.166), cal1:(-30.9591,558.941)

1.47959 0.968176 2.38032 0.874201
left index real0:(710.865,412.947), cal0:(705.378,493.144)
left index real1:(611.451,626.53), cal1:(591.867,484.048)

-8835.7 14921.4 45956.8 0.894081
right index real0:(274.98,659.042), cal0:(216.444,443.828)
right index real1:(-68.8953,444.975), cal1:(-23.3033,549.038)

1.3131 0.891617 2.24222 0.879389
left thumb real0:(688.494,416.959), cal0:(683.771,487.679)
left thumb real1:(600.575,607.867), cal1:(583.277,481.552)

-7491.69 14267.8 43830.7 0.900363
right thumb real0:(276.265,642.377), cal0:(229.263,444.33)
right thumb real1:(-46.9394,446.278), cal1:(-6.03546,546.376)

0.267391 0.83729 1.38449 0.0416121
left hip real0:(448.359,609.205), cal0:(447.975,612.151)
left hip real1:(494.238,653.247), cal1:(492.426,641.702)

-0.0650263 0.893691 1.5273 0.0372629
right hip real0:(303.579,621.257), cal0:(306.37,600.361)
right hip real1:(331.251,647.176), cal1:(335.515,674.16)

0.420971 1.82788 1.8389 0.0155708
left knee real0:(466.58,858.465), cal0:(469.479,846.082)
left knee real1:(476.007,898.556), cal1:(476.054,898.802)

0.0542479 1.86547 2.06239 0.00725896
right knee real0:(328.535,878.831), cal0:(347.75,792.301)
right knee real1:(333.591,892.248), cal1:(334.123,895.085)

0.525902 2.88427 2.10684 0.00144647
left ankle real0:(476.777,1086.85), cal0:(481.909,1071.45)
left ankle real1:(485.906,1156.37), cal1:(485.924,1156.45)

0.164779 3.38259 2.68378 0.000701683
right ankle real0:(334.645,1112.88), cal0:(368.834,1006.17)
right ankle real1:(333.474,1155.01), cal1:(333.565,1155.42)

0.501807 2.89722 2.02657 0.000685478
left heel real0:(475.495,1122.78), cal0:(480.706,1107.88)
left heel real1:(494.509,1198.68), cal1:(494.6,1199.07)

0.124078 3.38574 2.58618 0.00128102
right heel real0:(321.753,1151.81), cal0:(360.771,1035.49)
right heel real1:(332.252,1196.4), cal1:(332.392,1197.01)

0.89318 4.59748 3.11913 0.000865044
left foot index real0:(498.694,1149.29), cal0:(503.98,1134.53)
left foot index real1:(460.839,1228.46), cal1:(461.046,1229.33)

0.666876 6.08558 4.36389 0.00130252
right foot index real0:(393.465,1173.51), cal0:(423.755,1086.79)
right foot index real1:(346.62,1230.99), cal1:(346.849,1231.97)

