camera0:
0.960061 0.19384 0.997722 0
0.944826 0.0920493 0.99626 0
0.95438 0.0961927 0.995153 0
0.962575 0.0989887 0.993284 0
0.895589 0.0886705 0.998881 0
0.866517 0.0920019 0.999204 0
0.842233 0.0970304 0.999319 0
0.922406 0.12486 0.994271 0
0.762651 0.14351 0.999782 0
0.963328 0.272623 0.996179 0
0.917344 0.278798 0.999362 0
0.94223 0.423486 0.959658 0.5895
0.52452 0.553806 0.997976 0
1.00328 0.707194 0.362133 -111
0.308589 1.00546 0.931832 -111
0.957266 0.898586 0.35263 1.6475
0.399857 1.30651 0.729697 -111
0.945498 0.97351 0.336854 0
0.411868 1.39791 0.649055 -111
0.93763 0.938359 0.346658 0
0.4627 1.35203 0.680217 -111
0.927487 0.919679 0.350773 0
0.465284 1.31356 0.664809 -111
0.854523 1.16646 0.0480436 -111
0.634679 1.27956 0.0602051 -111
0.862994 1.07459 0.0120759 -111
0.802594 1.23969 0.0353886 -111
0.764091 1.31847 0.00226194 -111
0.731875 1.35104 0.00518433 -111
0.716183 1.38341 0.00237095 -111
0.647058 1.37919 0.00584058 -111
0.876475 1.38496 0.00631271 -111
0.904967 1.39165 0.0093215 -111
camera1:
0.318347 0.149609 0.986014 0
0.35023 0.0222327 0.974777 0
0.382033 0.0227692 0.976834 0
0.430568 0.0492942 0.981042 0
0.295619 0.0249344 0.960971 0
0.31869 0.0627716 0.954558 0
0.3036 0.0628878 0.950946 0
0.512877 0.0571981 0.987539 0
0.280362 0.0604607 0.9617 0
0.390127 0.233571 0.995848 0
0.323581 0.248918 0.992517 0
0.729535 0.426094 0.996887 0
0.186322 0.48284 0.994147 0.5285
0.935307 0.829847 0.822332 0
-0.00824868 0.901993 0.623965 -111
1.04387 1.27758 0.280093 -111
-0.127154 1.16225 0.336976 -111
1.09766 1.40945 0.240181 -111
-0.177648 1.24989 0.294781 -111
1.05201 1.41892 0.265753 -111
-0.155655 1.2401 0.319574 -111
1.02052 1.37473 0.28324 -111
-0.125986 1.21806 0.340917 -111
0.668384 1.25474 0.0579227 -111
0.332646 1.28514 0.0598582 -111
0.718431 1.98118 0.0532396 -111
0.417192 2.00085 0.0472124 -111
0.751596 2.62236 0.0267132 -111
0.45459 2.63958 0.0247218 -111
0.771753 2.72157 0.0269282 -111
0.455996 2.73844 0.0324932 -111
0.697301 2.85226 0.018937 -111
0.493724 2.87552 0.0184381 -111
fused:
150061 -148679 457435 0.997722
nose real0:(614.439,93.0433), cal0:(529.028,53.3592)
nose real1:(203.742,71.8122), cal1:(300.348,109.747)

135243 -166771 399034 0.99626
left eye (inner) real0:(604.688,44.1837), cal0:(535.563,-2.47757)
left eye (inner) real1:(224.147,10.6717), cal1:(302.657,59.5701)

137154 -157842 379316 0.995153
left eye real0:(610.803,46.1725), cal0:(549.173,-1.38718)
left eye real1:(244.501,10.9292), cal1:(314.635,61.3731)

135847 -140207 346351 0.993284
left eye (outer) real0:(616.048,47.5146), cal0:(567.581,5.41105)
left eye (outer) real1:(275.563,23.6612), cal1:(330.91,68.4721)

117250 -173579 417268 0.998881
right eye (inner) real0:(573.177,42.5619), cal0:(500.76,-1.30739)
right eye (inner) real1:(189.196,11.9685), cal1:(271.471,58.4562)

107918 -155917 391047 0.999204
right eye real0:(554.571,44.1609), cal0:(497.742,9.07385)
right eye real1:(203.961,30.1304), cal1:(269.324,67.7792)

98744.6 -154172 389758 0.999319
right eye (outer) real0:(539.029,46.5746), cal0:(484.151,10.9723)
right eye (outer) real1:(194.304,30.1861), cal1:(256.85,68.7344)

76165.7 -72245.3 186100 0.994271
left ear real0:(590.34,59.9329), cal0:(577.824,15.3904)
left ear real1:(328.241,27.4551), cal1:(340.245,77.8224)

67756.5 -132505 353578 0.999782
right ear real0:(488.096,68.8849), cal0:(447.073,23.474)
right ear real1:(179.432,29.0211), cal1:(222.232,78.3432)

154373 -108464 421549 0.996179
mouth (left) real0:(616.53,130.859), cal0:(551.951,94.0644)
mouth (left) real1:(249.681,112.114), cal1:(323.156,147.378)

138198 -113868 458064 0.999362
mouth (right) real0:(587.1,133.823), cal0:(513.199,99.3003)
mouth (right) real1:(207.092,119.481), cal1:(288.953,151.663)

1.31746 -0.301711 2.93013 0.996887
left shoulder real0:(603.027,203.273), cal0:(602.067,186.814)
left shoulder real1:(466.902,204.525), cal1:(468.591,221.481)

0.0795028 -1.53416 32.424 0.997976
right shoulder real0:(335.693,265.827), cal0:(333.421,220.261)
right shoulder real1:(119.246,231.763), cal1:(123.635,274.769)

0.799933 0.35591 1.5555 0.822332
left elbow real0:(642.099,339.453), cal0:(640.897,386.207)
left elbow real1:(598.596,398.327), cal1:(597.362,388.404)

-1.62467 2.23433 7.41603 0.931832
right elbow real0:(197.497,482.621), cal0:(200.335,429.764)
right elbow real1:(-5.27916,432.957), cal1:(7.45167,528.744)

0.518752 0.480453 1.13235 0.35263
left wrist real0:(612.65,431.321), cal0:(607.17,503.694)
left wrist real1:(668.074,613.238), cal1:(651.168,492.233)

-49205.6 181571 325280 0.729697
right wrist real0:(255.908,627.126), cal0:(241.069,584.167)
right wrist real1:(-81.3788,557.882), cal1:(14.6907,715.427)

0.444614 0.488122 1.00276 0.336854
left pinky real0:(605.119,467.285), cal0:(598.319,541.243)
left pinky real1:(702.501,676.537), cal1:(680.492,524.533)

-51700.1 215929 344009 0.649055
right pinky real0:(263.596,670.997), cal0:(241.661,625.927)
right pinky real1:(-113.695,599.947), cal1:(17.053,767.955)

0.477459 0.530747 1.10247 0.346658
left index real0:(600.083,450.412), cal0:(592.128,538.021)
left index real1:(673.286,681.081), cal1:(650.925,526.26)

-42026.5 228705 381706 0.680217
right index real0:(296.128,648.972), cal0:(265.803,608.787)
right index real1:(-99.6192,595.246), cal1:(48.2206,736.821)

0.490293 0.540995 1.15965 0.350773
left thumb real0:(593.591,441.446), cal0:(585.948,529.068)
left thumb real1:(653.135,659.871), cal1:(633.192,520.708)

-42639.8 220080 389717 0.664809
right thumb real0:(297.782,630.509), cal0:(266.217,588.085)
right thumb real1:(-80.6313,584.671), cal1:(47.8942,711.03)

1.42708 2.14322 4.00869 0.0579227
left hip real0:(546.895,559.902), cal0:(545.818,570.011)
left hip real1:(427.766,602.275), cal1:(426.749,595.473)

45.7282 190.881 349.569 0.0602051
right hip real0:(406.194,614.187), cal0:(410.536,576.863)
right hip real1:(212.893,616.867), cal1:(218.018,650.473)

0.447875 2.11514 2.03568 0.0532396
left knee real0:(552.316,515.805), cal0:(464.123,873.142)
left knee real1:(459.796,950.968), cal1:(456.672,935.019)

38614.3 182002 205417 0.0472124
right knee real0:(513.66,595.052), cal0:(444.879,781.177)
right knee real1:(267.003,960.407), cal1:(266.446,869.565)

-0.0233459 1.56166 1.1127 0.0267132
left ankle real0:(489.018,632.864), cal0:(319.343,1092.18)
left ankle real1:(481.022,1258.73), cal1:(480.428,1256.26)

-0.0345683 3.62925 2.69532 0.0247218
right ankle real0:(468.4,648.5), cal0:(324.243,1057.92)
right ankle real1:(290.938,1267), cal1:(287.816,1253.63)

-0.0791476 1.40644 0.97456 0.0269282
left heel real0:(458.357,664.037), cal0:(283.158,1116.01)
left heel real1:(493.922,1306.36), cal1:(493.29,1303.8)

-0.207834 2.4436 1.78154 0.0324932
right heel real0:(414.117,662.013), cal0:(261.863,1073.02)
right heel real1:(291.837,1314.45), cal1:(289.566,1305)

0.0981432 2.43394 1.61108 0.018937
left foot index real0:(560.944,664.781), cal0:(368.545,1156.64)
left foot index real1:(446.273,1369.08), cal1:(436.049,1327.91)

1.27697 13.6045 9.38438 0.0184381
right foot index real0:(579.179,667.992), cal0:(413.697,1119.95)
right foot index real1:(315.983,1380.25), cal1:(294.803,1291.58)

