camera0:
0.959262 0.18985 0.997721 0
0.944845 0.0937266 0.99624 0
0.954883 0.0988755 0.995187 0
0.966862 0.103276 0.993298 0
0.894972 0.0888736 0.998861 0
0.866374 0.092285 0.999195 0
0.841616 0.0973733 0.999302 0
0.922458 0.125417 0.994207 0
0.761373 0.141158 0.999775 0
0.963409 0.271512 0.996197 0
0.91435 0.277055 0.999362 0
0.942323 0.42653 0.961899 0.5875
0.52897 0.564043 0.998058 0
0.969286 0.762819 0.399304 2.21575
0.310318 1.04034 0.926454 -111
0.92941 1.0344 0.389242 -111
0.393542 1.37952 0.722159 -111
0.927184 1.12538 0.370477 -111
0.398466 1.47342 0.642927 -111
0.9153 1.09908 0.380659 -111
0.448998 1.44111 0.674018 -111
0.900115 1.07639 0.385235 -111
0.452548 1.40104 0.663287 -111
0.855453 1.15405 0.0494766 -111
0.633344 1.27161 0.0606678 -111
0.863223 1.3065 0.0101421 -111
0.753962 1.44863 0.0334251 -111
0.809951 1.64522 0.00191431 -111
0.737844 1.68903 0.00490644 -111
0.780367 1.72007 0.00183744 -111
0.673247 1.73583 0.00551157 -111
0.914856 1.75814 0.00595455 -111
0.918609 1.78424 0.00900366 -111
camera1:
0.341574 0.152078 0.986481 0
0.359337 0.00390974 0.974761 0
0.382427 0.00788761 0.976943 0
0.429029 0.0228535 0.980975 0
0.308377 0.022817 0.961354 0
0.31877 0.0618652 0.955305 0
0.303865 0.0620649 0.951985 0
0.510204 0.0569338 0.987429 0
0.278318 0.0608093 0.962916 0
0.395393 0.231092 0.995965 0
0.324852 0.235998 0.992877 0
0.726646 0.426371 0.996803 0
0.184903 0.483845 0.994688 0.52675
0.934802 0.828735 0.821039 0
-0.0132129 0.913212 0.66222 -111
1.0434 1.26705 0.301143 -111
-0.148046 1.1674 0.37073 -111
1.09728 1.39967 0.260726 -111
-0.204695 1.25656 0.32478 -111
1.05172 1.40573 0.286267 -111
-0.181656 1.2426 0.35109 -111
1.02069 1.36251 0.303242 -111
-0.1517 1.22073 0.37295 -111
0.667856 1.25354 0.0632661 -111
0.329808 1.2852 0.065645 -111
0.715848 1.97768 0.0590259 -111
0.410869 1.99645 0.0523929 -111
0.750876 2.61853 0.0296777 -111
0.45046 2.63393 0.0274659 -111
0.770998 2.71758 0.0299177 -111
0.45074 2.73224 0.0360967 -111
0.696851 2.84865 0.0210384 -111
0.493321 2.86997 0.0204833 -111
fused:
129480 -123862 380512 0.997721
nose real0:(613.927,91.1279), cal0:(536.375,53.068)
nose real1:(218.607,72.9976), cal1:(306.854,109.739)

115645 -142738 336542 0.99624
left eye (inner) real0:(604.701,44.9888), cal0:(538.387,-6.19986)
left eye (inner) real1:(229.976,1.87667), cal1:(304.91,56.4116)

117962 -137107 325933 0.995187
left eye real0:(611.125,47.4603), cal0:(549.376,-4.11362)
left eye real1:(244.753,3.78605), cal1:(314.64,58.9578)

117910 -123710 299353 0.993298
left eye (outer) real0:(618.792,49.5722), cal0:(568.579,0.334171)
left eye (outer) real1:(274.579,10.9697), cal1:(331.433,64.0469)

101108 -146626 351939 0.998861
right eye (inner) real0:(572.782,42.6593), cal0:(504.54,-1.68833)
right eye (inner) real1:(197.361,10.9522), cal1:(274.901,58.3478)

93147.8 -134734 337702 0.999195
right eye real0:(554.479,44.2968), cal0:(497.656,8.91982)
right eye real1:(204.013,29.6953), cal1:(269.235,67.6328)

85047.4 -133048 336182 0.999302
right eye (outer) real0:(538.634,46.7392), cal0:(483.929,10.8503)
right eye (outer) real1:(194.474,29.7911), cal1:(256.637,68.6087)

68293.1 -64978.9 167429 0.994207
left ear real0:(590.373,60.2003), cal0:(576.996,15.4547)
left ear real1:(326.531,27.3282), cal1:(339.55,77.8371)

58136.8 -115105 306351 0.999775
right ear real0:(487.278,67.756), cal0:(445.956,22.8897)
right ear real1:(178.123,29.1885), cal1:(221.112,77.7292)

132929 -93139.3 360083 0.996197
mouth (left) real0:(616.582,130.326), cal0:(553.727,93.2455)
mouth (left) real1:(253.051,110.924), cal1:(324.652,146.66)

117816 -99681.7 391902 0.999362
mouth (right) real0:(585.184,132.986), cal0:(512.553,95.8341)
mouth (right) real1:(207.905,113.279), cal1:(288.15,148.433)

1.34375 -0.303739 2.98831 0.996803
left shoulder real0:(603.087,204.734), cal0:(602.093,187.611)
left shoulder real1:(465.053,204.658), cal1:(466.82,222.377)

0.362498 -2.21391 51.1641 0.998058
right shoulder real0:(338.541,270.741), cal0:(336.204,222.692)
right shoulder real1:(118.338,232.246), cal1:(122.98,277.577)

0.687371 0.335979 1.43504 0.821039
left elbow real0:(620.343,366.153), cal0:(619.709,389.404)
left elbow real1:(598.273,397.793), cal1:(597.529,391.833)

-1.78128 2.58143 8.24678 0.926454
right elbow real0:(198.604,499.361), cal0:(202.184,436.819)
right elbow real1:(-8.45626,438.342), cal1:(4.85145,537.654)

0.463554 0.525354 1.07662 0.389242
left wrist real0:(594.822,496.511), cal0:(590.616,541.959)
left wrist real1:(667.775,608.183), cal1:(656.353,529.401)

-46874 169364 288681 0.722159
right wrist real0:(251.867,662.171), cal0:(234.4,601.284)
right wrist real1:(-94.7494,560.354), cal1:(6.35497,739.587)

0.414581 0.550905 0.973079 0.370477
left pinky real0:(593.397,540.183), cal0:(587.904,588.943)
left pinky real1:(702.261,671.842), cal1:(686.942,570.629)

-51388 198566 302653 0.642927
right pinky real0:(255.018,707.239), cal0:(229.943,642.995)
right pinky real1:(-131.005,603.147), cal1:(1.80088,794.766)

0.43593 0.591424 1.05815 0.380659
left index real0:(585.792,527.557), cal0:(579.447,584.602)
left index real1:(673.098,674.753), cal1:(657.557,571.757)

-43356.5 210323 330745 0.674018
right index real0:(287.358,691.733), cal0:(253.196,630.868)
right index real1:(-116.26,596.448), cal1:(32.6168,769.471)

0.43609 0.591612 1.09966 0.385235
left thumb real0:(576.073,516.667), cal0:(570.191,572.024)
left thumb real1:(653.242,654.004), cal1:(639.667,563.091)

-43358.6 201674 336231 0.663287
right thumb real0:(289.631,672.501), cal0:(254.477,609.174)
right thumb real1:(-97.0881,585.951), cal1:(33.4414,741.679)

1.43917 2.14503 4.03885 0.0632661
left hip real0:(547.49,553.945), cal0:(546.019,567.88)
left hip real1:(427.428,601.697), cal1:(426.184,593.357)

6042 25208.9 46817.2 0.065645
right hip real0:(405.34,610.375), cal0:(409.48,572.299)
right hip real1:(211.077,616.897), cal1:(215.641,645.845)

0.614921 2.511 2.36911 0.0590259
left knee real0:(552.463,627.122), cal0:(487.881,885.679)
left knee real1:(458.143,949.287), cal1:(456.827,942.606)

23142 124506 131406 0.0523929
right knee real0:(482.536,695.344), cal0:(437.749,818.125)
right knee real1:(262.956,958.294), cal1:(261.429,915.594)

0.157866 2.13665 1.47334 0.0296777
left ankle real0:(518.368,789.708), cal0:(396.319,1120.25)
left ankle real1:(480.561,1256.89), cal1:(480.303,1255.82)

0.37057 6.80005 4.91886 0.0274659
right ankle real0:(472.22,810.736), cal0:(377.208,1079.53)
right ankle real1:(288.294,1264.28), cal1:(286.767,1257.76)

0.0897797 1.95114 1.29991 0.0299177
left heel real0:(499.435,825.636), cal0:(373.44,1150.77)
left heel real1:(493.439,1304.44), cal1:(493.208,1303.5)

-0.000126956 4.19177 2.95929 0.0360967
right heel real0:(430.878,833.197), cal0:(331.922,1099.98)
right heel real1:(288.473,1311.47), cal1:(287.372,1306.9)

0.454183 3.86386 2.44011 0.0210384
left foot index real0:(585.508,843.906), cal0:(443.769,1200.34)
left foot index real1:(445.985,1367.35), cal1:(440.421,1345.17)

15145 111787 73056.3 0.0204833
right foot index real0:(587.91,856.435), cal0:(456.49,1168.29)
right foot index real1:(315.726,1377.59), cal1:(306.483,1330.68)

