camera0:
0.626577 0.399998 0.999902 0.789
0.626747 0.351472 0.999788 0.78525
0.634771 0.352651 0.99978 0.79375
0.642233 0.353776 0.999776 0.80625
0.593525 0.350988 0.999828 0.79925
0.57892 0.352772 0.999817 0.79625
0.562368 0.355387 0.999806 0.797
0.634989 0.37857 0.999789 0.77575
0.521199 0.382969 0.99986 0.8315
0.637849 0.450199 0.999896 0.796
0.600605 0.452003 0.999926 0.7925
0.721067 0.619664 0.999574 0.9015
0.407678 0.645201 0.999517 0.78675
0.891897 0.772063 0.943613 0.74325
0.29858 0.935201 0.827731 0
1.0705 0.806198 0.914183 -111
0.370748 1.25472 0.659902 -111
1.14316 0.814955 0.855939 -111
0.383881 1.35928 0.634151 -111
1.11832 0.814352 0.871312 -111
0.422497 1.33337 0.653678 -111
1.08424 0.827407 0.877217 -111
0.417789 1.3002 0.672993 -111
0.707168 1.26408 0.039174 -111
0.48041 1.29384 0.0346184 -111
0.7329 1.77885 0.00215213 -111
0.51682 1.82909 0.00135209 -111
0.746027 2.25633 0.000110253 -111
0.528961 2.30641 4.80696e-05 -111
0.742472 2.33196 0.000115277 -111
0.509415 2.38632 0.00010729 -111
0.788319 2.3806 0.000255559 -111
0.617092 2.42398 0.000162267 -111
camera1:
0.631932 0.348068 0.999063 0.71125
0.652898 0.292737 0.997625 0.71575
0.66798 0.295315 0.997884 0.7105
0.683981 0.297974 0.99727 0.7115
0.614505 0.289534 0.997899 0.7025
0.602791 0.289992 0.998259 0.70175
0.592188 0.291197 0.998142 0.725
0.716491 0.32418 0.997528 0.7475
0.580904 0.319597 0.998539 0.73475
0.663823 0.401588 0.999106 0.71725
0.611085 0.402855 0.999309 0.7125
0.840908 0.604379 0.994569 0.668
0.462335 0.610356 0.99864 0.83825
0.970194 0.940552 0.784628 0
0.211252 0.792782 0.959381 0.68675
1.0287 1.16596 0.634264 -111
-0.0476197 0.899924 0.906885 -111
1.06378 1.25661 0.608414 -111
-0.149451 0.931892 0.837118 -111
1.02995 1.23621 0.634091 -111
-0.135056 0.919764 0.880348 -111
1.01008 1.206 0.635235 -111
-0.0962769 0.923203 0.889145 -111
0.77823 1.32167 0.0186511 -111
0.522953 1.31961 0.0277075 -111
0.799867 1.82334 0.0197561 -111
0.539189 1.85081 0.00775393 -111
0.75948 2.37473 0.00147917 -111
0.510593 2.40393 0.000696531 -111
0.760919 2.45047 0.000742372 -111
0.500145 2.49093 0.00122571 -111
0.714721 2.55885 0.000900811 -111
0.525943 2.56694 0.00123353 -111
fused:
0.157659 -0.196408 1.41211 0.999902
nose real0:(401.009,191.999), cal0:(399.022,165.107)
nose real1:(404.437,167.073), cal1:(407.043,194.463)

0.146467 -0.236675 1.31751 0.999788
left eye (inner) real0:(401.118,168.707), cal0:(398.735,140.737)
left eye (inner) real1:(417.854,140.514), cal1:(420.502,169.314)

0.154564 -0.229173 1.28977 0.99978
left eye real0:(406.254,169.273), cal0:(403.943,141.911)
left eye real1:(427.507,141.751), cal1:(430.111,170.003)

0.160955 -0.220958 1.25824 0.999776
left eye (outer) real0:(411.029,169.812), cal0:(408.798,143.158)
left eye (outer) real1:(437.748,143.027), cal1:(440.302,170.67)

0.10194 -0.245271 1.34918 0.999828
right eye (inner) real0:(379.856,168.474), cal0:(377.34,139.442)
right eye (inner) real1:(393.283,138.976), cal1:(395.985,168.488)

0.0805501 -0.243146 1.34381 0.999817
right eye real0:(370.509,169.331), cal0:(367.959,139.956)
right eye real1:(385.786,139.196), cal1:(388.501,168.876)

0.0561323 -0.238095 1.3279 0.999806
right eye (outer) real0:(359.916,170.586), cal0:(357.343,140.939)
right eye (outer) real1:(379,139.774), cal1:(381.725,169.557)

0.138508 -0.175765 1.14773 0.999789
left ear real0:(406.393,181.714), cal0:(404.448,156.661)
left ear real1:(458.554,155.606), cal1:(460.991,181.504)

-0.00152246 -0.194586 1.24602 0.99986
right ear real0:(333.568,183.825), cal0:(331.214,154.844)
right ear real1:(371.778,153.407), cal1:(374.442,182.022)

0.166803 -0.128951 1.34112 0.999896
mouth (left) real0:(408.223,216.095), cal0:(406.669,190.911)
mouth (left) real1:(424.847,192.762), cal1:(427.375,218.39)

0.119817 -0.137183 1.41738 0.999926
mouth (right) real0:(384.387,216.962), cal0:(382.733,190.53)
mouth (right) real1:(391.094,193.37), cal1:(393.7,219.855)

0.228869 0.0663025 1.06306 0.999574
left shoulder real0:(461.483,297.439), cal0:(461.288,286.18)
left shoulder real1:(538.181,290.102), cal1:(539.488,301.82)

-0.157666 0.0710242 1.32191 0.999517
right shoulder real0:(260.914,309.696), cal0:(260.294,280.987)
right shoulder real1:(295.894,292.971), cal1:(298.779,319.131)

0.448577 0.289444 1.1332 0.943613
left elbow real0:(570.814,370.59), cal0:(569.76,402.202)
left elbow real1:(620.924,451.465), cal1:(614.786,403.017)

-0.448321 0.373711 1.93593 0.959381
right elbow real0:(191.091,448.896), cal0:(192.824,364.711)
right elbow real1:(135.201,380.535), cal1:(141.667,433.177)

0.854652 0.472127 1.46489 0.914183
left wrist real0:(685.123,386.975), cal0:(682.448,442.392)
left wrist real1:(658.365,559.661), cal1:(641.667,432.429)

-5614.39 8833.99 31715.9 0.906885
right wrist real0:(237.279,602.267), cal0:(225.6,416.093)
right wrist real1:(-30.4766,431.964), cal1:(-11.8632,513.048)

1.04256 0.561828 1.58264 0.855939
left pinky real0:(731.621,391.178), cal0:(727.702,462.044)
left pinky real1:(680.816,603.172), cal1:(659.791,445.562)

-10667.2 14415.9 46132.5 0.837118
right pinky real0:(245.684,652.456), cal0:(193.033,436.498)
right pinky real1:(-95.6487,447.308), cal1:(-55.8046,546.035)

1.0629 0.591671 1.68055 0.871312
left index real0:(715.727,390.889), cal0:(711.914,460.286)
left index real1:(659.167,593.382), cal1:(639.715,447.446)

-10597.2 14802.9 49255.4 0.880348
right index real0:(270.398,640.018), cal0:(202.694,429.314)
right index real1:(-86.4358,441.487), cal1:(-42.5684,534.678)

0.979732 0.574502 1.64151 0.877217
left thumb real0:(693.911,397.155), cal0:(690.513,459.033)
left thumb real1:(646.449,578.88), cal1:(629.111,448.789)

-8874.98 13969.7 46144.5 0.889145
right thumb real0:(267.385,624.098), cal0:(216.403,430.639)
right thumb real1:(-61.6172,443.137), cal1:(-23.7742,532.909)

0.275337 0.816906 1.37113 0.039174
left hip real0:(452.587,606.757), cal0:(452.587,606.757)
left hip real1:(498.067,634.402), cal1:(498.067,634.402)

-0.0537269 0.880608 1.52526 0.0346184
right hip real0:(307.463,621.045), cal0:(310.786,595.676)
right hip real1:(334.69,633.413), cal1:(340.014,667.276)

0.364799 1.49954 1.54371 0.0197561
left knee real0:(469.056,853.85), cal0:(473.916,832.487)
left knee real1:(511.915,875.203), cal1:(511.958,875.428)

0.0589312 1.76628 1.95797 0.00775393
right knee real0:(330.765,877.964), cal0:(350.03,790.844)
right knee real1:(345.081,888.388), cal1:(345.489,890.572)

0.544014 2.87219 2.13047 0.00147917
left ankle real0:(477.457,1083.04), cal0:(485.352,1058.91)
left ankle real1:(486.067,1139.87), cal1:(486.092,1139.98)

0.188022 3.6222 2.87885 0.000696531
right ankle real0:(338.535,1107.08), cal0:(371.185,1004.86)
right ankle real1:(326.78,1153.89), cal1:(326.864,1154.27)

0.550478 3.01793 2.15665 0.000742372
left heel real0:(475.182,1119.34), cal0:(485.291,1089.69)
left heel real1:(486.988,1176.23), cal1:(487.124,1176.82)

0.151144 3.77489 2.89002 0.00122571
right heel real0:(326.025,1145.43), cal0:(363.367,1033.69)
right heel real1:(320.093,1195.65), cal1:(320.242,1196.3)

0.971884 4.9054 3.32768 0.000900811
left foot index real0:(504.524,1142.69), cal0:(507.408,1134.62)
left foot index real1:(457.421,1228.25), cal1:(457.547,1228.78)

0.729701 6.7624 4.85742 0.00123353
right foot index real0:(394.939,1163.51), cal0:(422.197,1085.38)
right foot index real1:(336.604,1232.13), cal1:(336.85,1233.19)

