camera0:
0.982666 0.196977 0.99437 0
0.966878 0.102269 0.991256 0
0.97191 0.107959 0.98906 0
0.974796 0.112122 0.98414 0
0.929372 0.099983 0.997407 0
0.903618 0.103512 0.998349 0
0.885473 0.107337 0.998548 0
0.939 0.137486 0.985493 0
0.803562 0.136101 0.999584 0
0.981254 0.269134 0.992034 0
0.941265 0.267401 0.99886 0
0.959622 0.424901 0.946424 0.61275
0.526148 0.543171 0.998087 0
1.07162 0.68398 0.116131 -111
0.273883 0.929075 0.945243 0
0.993443 0.882069 0.121236 1.68325
0.403599 1.39941 0.649644 -111
0.979696 0.954719 0.125733 0
0.424699 1.51995 0.562439 -111
0.964601 0.918884 0.134754 1.65875
0.474582 1.46216 0.606957 -111
0.958498 0.904548 0.133197 1.64075
0.469648 1.41269 0.568986 -111
0.887647 1.20835 0.032732 -111
0.613699 1.30124 0.044556 -111
0.870975 1.69087 0.0065877 -111
0.688096 1.74122 0.0293713 -111
0.89247 2.17107 0.00154057 -111
0.696907 2.19217 0.00532333 -111
0.881821 2.26171 0.0014496 -111
0.653781 2.26919 0.00639582 -111
0.978018 2.33849 0.00691646 -111
0.842684 2.33789 0.0111796 -111
camera1:
0.382107 0.158216 0.981328 0
0.409898 0.0491337 0.965584 0
0.443841 0.0523002 0.965721 0
0.467167 0.0576935 0.972328 0
0.353351 0.0530754 0.952115 0
0.343523 0.0695199 0.94558 0
0.328725 0.100692 0.944995 0
0.534033 0.0852554 0.97955 0
0.310913 0.0920883 0.956804 0
0.445197 0.255587 0.994914 0
0.375659 0.274594 0.991876 0
0.743005 0.451819 0.997934 0
0.174506 0.517904 0.996097 0.526
0.933543 0.875746 0.85759 0
-0.0743221 0.913723 0.615649 -111
1.06809 1.35737 0.144294 -111
-0.265885 1.12375 0.163532 -111
1.12758 1.49109 0.10362 -111
-0.345561 1.19207 0.122664 -111
1.08277 1.49924 0.129259 -111
-0.322957 1.17581 0.14641 -111
1.04899 1.45658 0.15121 -111
-0.283571 1.16755 0.176064 -111
0.681241 1.3183 0.0223473 -111
0.326714 1.34326 0.022288 -111
0.718603 2.07295 0.0143853 -111
0.393519 2.09124 0.0125885 -111
0.748896 2.74075 0.00682426 -111
0.434281 2.75931 0.0063093 -111
0.761839 2.84124 0.00686682 -111
0.432894 2.85512 0.00831345 -111
0.706874 2.96695 0.00483765 -111
0.490793 3.00192 0.00471704 -111
fused:
177640 -150532 470640 0.99437
nose real0:(628.906,94.5489), cal0:(558.702,56.4744)
nose real1:(244.549,75.9438), cal1:(326.585,113.568)

158468 -165606 411205 0.991256
left eye (inner) real0:(618.802,49.0892), cal0:(563.467,6.65966)
left eye (inner) real1:(262.335,23.5842), cal1:(327.475,69.3475)

154899 -152105 381382 0.98906
left eye real0:(622.023,51.8203), cal0:(575.95,9.00874)
left eye real1:(284.058,25.1041), cal1:(338.246,72.1043)

150292 -141783 358467 0.98414
left eye (outer) real0:(623.87,53.8186), cal0:(583.826,10.9919)
left eye (outer) real1:(298.987,27.6929), cal1:(345.005,74.2655)

147786 -177211 442702 0.997407
right eye (inner) real0:(594.798,47.9919), cal0:(532.499,8.12523)
right eye (inner) real1:(226.144,25.4762), cal1:(300.611,68.9179)

137870 -172344 440380 0.998349
right eye real0:(578.315,49.6856), cal0:(520.03,13.4994)
right eye real1:(219.854,33.3696), cal1:(289.831,73.0807)

132052 -169596 449168 0.998548
right eye (outer) real0:(566.703,51.5218), cal0:(508.569,21.7774)
right eye (outer) real1:(210.384,48.332), cal1:(279.983,80.015)

81999.4 -70768.7 190377 0.985493
left ear real0:(600.96,65.9931), cal0:(590.71,25.2924)
left ear real1:(341.781,40.9226), cal1:(351.701,87.1468)

94373.7 -148798 406048 0.999584
right ear real0:(514.279,65.3284), cal0:(471.578,28.4639)
right ear real1:(198.984,44.2024), cal1:(246.048,84.3178)

175019 -107242 429835 0.994914
mouth (left) real0:(628.003,129.184), cal0:(576.565,98.7538)
mouth (left) real1:(284.926,122.682), cal1:(344.663,151.944)

165666 -116631 480151 0.99886
mouth (right) real0:(602.41,128.352), cal0:(539.229,102.715)
mouth (right) real1:(240.422,131.805), cal1:(312.533,155.117)

1.39414 -0.272881 2.97387 0.997934
left shoulder real0:(614.158,203.953), cal0:(613.584,193.551)
left shoulder real1:(475.523,216.873), cal1:(476.573,227.317)

178.596 -1319.14 34414.9 0.998087
right shoulder real0:(336.735,260.722), cal0:(335.066,225.661)
right shoulder real1:(111.684,248.594), cal1:(115.079,281.502)

1.11164 0.545406 1.90672 0.85759
left elbow real0:(685.834,328.311), cal0:(682.202,420.606)
left elbow real1:(597.468,420.358), cal1:(597.227,418.489)

-2.5355 2.61073 9.82504 0.945243
right elbow real0:(175.285,445.956), cal0:(176.912,408.392)
right elbow real1:(-47.5661,438.587), cal1:(-38.3398,509.709)

0.543663 0.593555 1.12797 0.144294
left wrist real0:(635.804,423.393), cal0:(621.507,564.945)
left wrist real1:(683.575,651.537), cal1:(668.12,546.86)

-42883.8 206718 309202 0.649644
right wrist real0:(258.303,671.717), cal0:(248.627,650.489)
right wrist real1:(-170.167,539.401), cal1:(27.3262,796.273)

0.470934 0.529832 0.99693 0.125733
left pinky real0:(627.005,458.265), cal0:(615.74,568.099)
left pinky real1:(721.651,715.724), cal1:(696.541,546.227)

-34052.6 224050 291273 0.562439
right pinky real0:(271.807,729.576), cal0:(261.713,710.981)
right pinky real1:(-221.159,572.193), cal1:(47.1679,867.686)

0.482225 0.591064 1.07164 0.134754
left index real0:(617.344,441.065), cal0:(602.284,580.17)
left index real1:(692.97,719.633), cal1:(669.514,563.209)

-23917 241415 334413 0.606957
right index real0:(303.733,701.838), cal0:(288.982,682.553)
right index real1:(-206.692,564.39), cal1:(81.182,819.182)

0.496718 0.640866 1.13025 0.15121
left thumb real0:(613.439,434.183), cal0:(595.969,589.463)
left thumb real1:(671.356,699.159), cal1:(652.638,575.443)

-34067.3 258204 386261 0.568986
right thumb real0:(300.575,678.089), cal0:(278.962,650.438)
right thumb real1:(-181.485,560.424), cal1:(66.9632,783.395)

1.91113 2.77197 4.88491 0.032732
left hip real0:(568.094,580.007), cal0:(566.985,589.729)
left hip real1:(435.994,632.786), cal1:(432.881,612.278)

2.45528 14.2073 23.5585 0.044556
right hip real0:(392.768,624.596), cal0:(394.56,611.13)
right hip real1:(209.097,644.763), cal1:(216.525,691.81)

1.10224 3.79147 3.37615 0.0143853
left knee real0:(557.424,811.618), cal0:(528.084,923.614)
left knee real1:(459.906,995.018), cal1:(455.73,974.261)

25151.9 147212 147854 0.0293713
right knee real0:(440.382,835.787), cal0:(434.145,847.072)
right knee real1:(251.852,1003.79), cal1:(259.549,951.297)

0.866163 4.69257 2.95134 0.00682426
left ankle real0:(571.181,1042.11), cal0:(508.261,1204.25)
left ankle real1:(479.293,1315.56), cal1:(477.641,1308.88)

14.3279 137.123 94.9408 0.0063093
right ankle real0:(446.02,1052.24), cal0:(422.612,1116.7)
right ankle real1:(277.94,1324.47), cal1:(269.543,1289.15)

0.750161 4.41899 2.67218 0.00686682
left heel real0:(564.365,1085.62), cal0:(500.601,1242.55)
left heel real1:(487.577,1363.79), cal1:(486.16,1358.22)

1.18929 16.7813 11.207 0.00831345
right heel real0:(418.42,1089.21), cal0:(395.701,1148.6)
right heel real1:(277.052,1370.46), cal1:(270.587,1344.07)

54523.3 204772 128798 0.00691646
left foot index real0:(625.932,1122.48), cal0:(586.266,1204.19)
left foot index real1:(452.4,1424.13), cal1:(437.591,1282.48)

53711 272728 180466 0.0111796
right foot index real0:(539.318,1122.19), cal0:(510.75,1156.93)
right foot index real1:(314.107,1440.92), cal1:(361.607,1277.42)

