camera0:
0.991505 0.206382 0.992905 0
0.971322 0.11052 0.988612 0
0.97507 0.113566 0.986123 0
0.976424 0.115367 0.979717 0
0.935739 0.111882 0.996687 0
0.918745 0.116386 0.997947 0
0.892003 0.118038 0.998156 0
0.937292 0.138889 0.980817 0
0.808728 0.143753 0.999468 0
0.988113 0.272509 0.990233 0
0.949502 0.274094 0.998607 0
0.960617 0.422419 0.94466 0.61375
0.5259 0.546069 0.998053 0
1.04317 0.707206 0.0937162 -111
0.292705 0.920228 0.942126 0
0.981849 0.939426 0.0986221 1.6205
0.456653 1.38424 0.620994 -111
0.971031 1.02195 0.104523 -111
0.482959 1.5061 0.53365 -111
0.958544 0.993955 0.113292 0
0.536822 1.45041 0.580505 -111
0.949703 0.975364 0.111152 1.66075
0.530045 1.39986 0.538409 -111
0.885553 1.20477 0.0285311 -111
0.616861 1.30349 0.0395811 -111
0.885754 1.57703 0.00579212 -111
0.705506 1.64311 0.0266078 -111
0.888479 2.03811 0.00139144 -111
0.710205 2.06083 0.00487407 -111
0.872523 2.1237 0.00124963 -111
0.661807 2.12578 0.0060202 -111
0.975398 2.20491 0.0066729 -111
0.865662 2.21916 0.0107647 -111
camera1:
0.399565 0.151726 0.976413 0
0.43402 0.025656 0.957944 0
0.45528 0.0298262 0.957862 0
0.475977 0.0369339 0.965954 0
0.371529 0.00238523 0.942331 0
0.368084 0.0657789 0.935492 0
0.35213 0.0789793 0.93584 0
0.538126 0.0670499 0.975114 0
0.320694 0.0719389 0.951116 0
0.470853 0.221102 0.994117 0
0.37853 0.244701 0.990924 0
0.745119 0.451008 0.99807 0
0.181312 0.519275 0.996323 0.52775
0.939174 0.873572 0.859247 0
-0.0567349 0.943747 0.620617 -111
1.0171 1.34935 0.130516 -111
-0.208541 1.22088 0.145045 -111
1.0628 1.49063 0.0909709 -111
-0.274021 1.31214 0.105654 -111
1.00529 1.49017 0.116211 -111
-0.244176 1.29961 0.128918 -111
0.978174 1.44286 0.136874 -111
-0.209505 1.27911 0.158267 -111
0.68481 1.3221 0.0190057 -111
0.330381 1.35353 0.0189691 -111
0.730079 2.07674 0.0106825 -111
0.408203 2.09726 0.00930554 -111
0.762846 2.74437 0.00498166 -111
0.450326 2.76102 0.00460453 -111
0.776014 2.84628 0.0050107 -111
0.448196 2.86 0.00607155 -111
0.72112 2.97368 0.00353298 -111
0.507194 2.99683 0.00344517 -111
fused:
177801 -143835 452530 0.992905
nose real0:(634.563,99.0634), cal0:(567.99,57.6753)
nose real1:(255.722,72.8287), cal1:(334.647,114.942)

152926 -155278 381266 0.988612
left eye (inner) real0:(621.646,53.0495), cal0:(572.915,3.9344)
left eye (inner) real1:(277.773,12.3149), cal1:(335.348,67.4685)

150149 -146506 362360 0.986123
left eye real0:(624.045,54.5119), cal0:(580.884,5.7118)
left eye real1:(291.379,14.3166), cal1:(342.19,69.4744)

144722 -136856 340589 0.979717
left eye (outer) real0:(624.911,55.376), cal0:(587.222,7.20791)
left eye (outer) real1:(304.626,17.7283), cal1:(347.599,71.1307)

144787 -171839 416249 0.996687
right eye (inner) real0:(598.873,53.7034), cal0:(540.916,0.593694)
right eye (inner) real1:(237.779,1.14491), cal1:(307.554,62.6465)

141609 -162673 421115 0.997947
right eye real0:(587.997,55.8653), cal0:(533.967,16.5413)
right eye real1:(235.574,31.5739), cal1:(302.434,76.5817)

131194 -160440 422077 0.998156
right eye (outer) real0:(570.882,56.6583), cal0:(518.684,20.2499)
right eye (outer) real1:(225.363,37.9101), cal1:(289.036,79.1432)

65960.9 -57776.9 152810 0.980817
left ear real0:(599.867,66.6668), cal0:(591.27,21.4666)
left ear real1:(344.4,32.1839), cal1:(351.914,83.8194)

93963.6 -144480 390208 0.999468
right ear real0:(517.586,69.0016), cal0:(476.614,26.1739)
right ear real1:(205.244,34.5307), cal1:(250.673,82.4351)

167948 -103114 394647 0.994117
mouth (left) real0:(632.392,130.805), cal0:(587.613,91.6701)
mouth (left) real1:(301.346,106.129), cal1:(353.527,145.754)

165604 -118466 470486 0.998607
mouth (right) real0:(607.681,131.565), cal0:(543.408,97.3714)
mouth (right) real1:(242.259,117.456), cal1:(315.88,150.274)

1.38442 -0.274274 2.94629 0.99807
left shoulder real0:(614.795,202.761), cal0:(614.239,192.75)
left shoulder real1:(476.876,216.484), cal1:(477.882,226.501)

0.384703 -2.81493 77.4715 0.998053
right shoulder real0:(336.576,262.113), cal0:(334.931,226.86)
right shoulder real1:(116.04,249.252), cal1:(119.446,282.328)

0.947729 0.488605 1.71239 0.859247
left elbow real0:(667.63,339.459), cal0:(664.444,420.18)
left elbow real1:(601.071,419.314), cal1:(600.936,418.261)

-2.81752 3.18584 11.8165 0.942126
right elbow real0:(187.331,441.71), cal0:(188.702,410.728)
right elbow real1:(-36.3103,452.999), cal1:(-28.8048,510.729)

0.591174 0.701044 1.25938 0.130516
left wrist real0:(628.383,450.924), cal0:(613.957,583.241)
left wrist real1:(650.944,647.688), cal1:(639.2,569.5)

-24859.9 201713 301607 0.620994
right wrist real0:(292.258,664.436), cal0:(282.43,650.634)
right wrist real1:(-133.466,586.024), cal1:(71.4,782.208)

0.530497 0.656382 1.14665 0.104523
left pinky real0:(621.46,490.538), cal0:(609.891,592.722)
left pinky real1:(680.192,715.502), cal1:(659.07,576.107)

-14777.4 212119 275392 0.53365
right pinky real0:(309.094,722.93), cal0:(299.711,711.601)
right pinky real1:(-175.373,629.827), cal1:(96.0841,850.66)

0.573516 0.762516 1.29238 0.116211
left index real0:(613.468,477.098), cal0:(598.547,603.284)
left index real1:(643.388,715.282), cal1:(624.65,592.915)

-918.675 228805 315412 0.580505
right index real0:(343.566,696.196), cal0:(330.198,684.662)
right index real1:(-156.272,623.812), cal1:(132.113,804.213)

0.578417 0.799879 1.34094 0.136874
left thumb real0:(607.81,468.175), cal0:(591.089,607.189)
left thumb real1:(626.031,692.572), cal1:(611.735,599.61)

-8422.68 251420 372556 0.538409
right thumb real0:(339.229,671.933), cal0:(318.366,654.273)
right thumb real1:(-134.083,613.971), cal1:(116.269,772.166)

1.80746 2.63071 4.64821 0.0285311
left hip real0:(566.754,578.288), cal0:(565.555,588.833)
left hip real1:(438.278,634.61), cal1:(434.735,611.25)

2.54926 14.4478 23.7737 0.0395811
right hip real0:(394.791,625.674), cal0:(396.368,613.929)
right hip real1:(211.444,649.696), cal1:(218.523,694.419)

1.04645 3.52344 3.20659 0.0106825
left knee real0:(566.883,756.973), cal0:(528.004,909.068)
left knee real1:(467.251,996.834), cal1:(459.353,957.138)

29060 143240 154948 0.0266078
right knee real0:(451.524,788.694), cal0:(444.619,804.27)
right knee real1:(261.25,1006.68), cal1:(267.735,896.339)

0.600254 3.68719 2.34695 0.00498166
left ankle real0:(568.626,978.292), cal0:(485.599,1192.88)
left ankle real1:(488.221,1317.3), cal1:(484.908,1303.87)

8.29983 76.5107 55.1815 0.00487407
right ankle real0:(454.531,989.199), cal0:(422.309,1081.98)
right ankle real1:(288.209,1325.29), cal1:(269.462,1244.44)

0.489809 3.421 2.09335 0.0050107
left heel real0:(558.414,1019.38), cal0:(472.517,1230.84)
left heel real1:(496.649,1366.21), cal1:(494.015,1355.85)

0.819561 12.4758 8.65721 0.00607155
right heel real0:(423.556,1020.37), cal0:(388.821,1114.77)
right heel real1:(286.846,1372.8), cal1:(270.051,1302.69)

55700.9 189792 128992 0.0066729
left foot index real0:(624.255,1058.36), cal0:(591.368,1132.96)
left foot index real1:(461.517,1427.37), cal1:(436.016,1196.8)

56573.8 238263 169215 0.0107647
right foot index real0:(554.024,1065.19), cal0:(532.802,1094.91)
right foot index real1:(324.604,1438.48), cal1:(378.197,1188.65)

