camera0:
0.955442 0.193701 0.996952 0
0.946324 0.0890704 0.995007 0
0.955598 0.093676 0.993291 0
0.966098 0.0974538 0.990707 0
0.893677 0.0824567 0.99865 0
0.864529 0.0834758 0.999061 0
0.834718 0.085145 0.999234 0
0.935657 0.127688 0.992015 0
0.758207 0.133513 0.99977 0
0.959911 0.279917 0.994458 0
0.905059 0.280246 0.99922 0
0.946702 0.433213 0.94906 0.586
0.52262 0.550872 0.997922 0
1.03679 0.73532 0.296618 -111
0.241592 0.921817 0.940573 0
0.982262 0.969846 0.290558 1.64975
0.321419 1.43221 0.726327 -111
0.978046 1.04372 0.279927 -111
0.326184 1.54194 0.640958 -111
0.96242 1.01809 0.289237 -111
0.386061 1.50515 0.676836 -111
0.950331 1.00532 0.292357 -111
0.389199 1.46227 0.656259 -111
0.876255 1.17941 0.0416787 -111
0.615541 1.2757 0.052574 -111
0.883445 1.59023 0.0104142 -111
0.691843 1.65394 0.0320251 -111
0.878241 2.05197 0.00195995 -111
0.70884 2.08782 0.00471061 -111
0.861285 2.14135 0.00203509 -111
0.658112 2.16703 0.00530701 -111
0.96345 2.21709 0.00584453 -111
0.877199 2.22748 0.0087879 -111
camera1:
0.321807 0.185145 0.985958 0
0.354439 0.0541107 0.97555 0
0.390465 0.0533322 0.977647 0
0.421901 0.0582955 0.981857 0
0.297293 0.0692543 0.961267 0
0.287531 0.0774563 0.954666 0
0.304695 0.111117 0.950142 0
0.515391 0.0845809 0.988248 0
0.283849 0.0953636 0.960798 0
0.392154 0.269938 0.995901 0
0.325318 0.280004 0.992217 0
0.730343 0.437864 0.997259 0
0.187604 0.488317 0.993793 0.52875
0.933873 0.83931 0.833398 0
-0.0394375 0.869258 0.591474 -111
1.03045 1.28985 0.252896 -111
-0.192727 1.07266 0.286061 -111
1.08162 1.42607 0.208924 -111
-0.25962 1.14476 0.246781 -111
1.03247 1.42558 0.236115 -111
-0.240901 1.12329 0.270012 -111
1.00241 1.38185 0.256581 -111
-0.204881 1.11139 0.293262 -111
0.675336 1.25739 0.0492036 -111
0.335137 1.28536 0.0501984 -111
0.715883 1.98802 0.0433742 -111
0.400651 2.00472 0.0383828 -111
0.74298 2.63616 0.0216465 -111
0.437456 2.64943 0.0200299 -111
0.7607 2.73219 0.0218183 -111
0.438549 2.74504 0.0263321 -111
0.691964 2.86551 0.0153437 -111
0.484937 2.89028 0.0149402 -111
fused:
145787 -138764 446043 0.996952
nose real0:(611.483,92.9763), cal0:(528.304,61.7304)
nose real1:(205.957,88.8697), cal1:(300.227,117.365)

133507 -158873 390184 0.995007
left eye (inner) real0:(605.647,42.7538), cal0:(537.507,3.99095)
left eye (inner) real1:(226.841,25.9732), cal1:(304.773,65.4897)

134699 -148943 367194 0.993291
left eye real0:(611.583,44.9645), cal0:(552.328,4.92264)
left eye real1:(249.898,25.5994), cal1:(317.771,67.1777)

135403 -139871 347534 0.990707
left eye (outer) real0:(618.302,46.7778), cal0:(566.012,6.82033)
left eye (outer) real1:(270.017,27.9818), cal1:(329.662,69.6308)

115295 -164904 410233 0.99865
right eye (inner) real0:(571.953,39.5792), cal0:(500.792,7.1156)
right eye (inner) real1:(190.267,33.2421), cal1:(272.004,66.1635)

104776 -160878 405057 0.999061
right eye real0:(553.299,40.0684), cal0:(487.347,10.0013)
right eye real1:(184.02,37.179), cal1:(259.77,68.0243)

95123.9 -145642 380712 0.999234
right eye (outer) real0:(534.219,40.8696), cal0:(482.054,18.7881)
right eye (outer) real1:(195.005,53.3364), cal1:(255.349,75.8552)

87414.1 -78612.6 208635 0.992015
left ear real0:(598.82,61.2904), cal0:(583.656,22.2491)
left ear real1:(329.85,40.5988), cal1:(345.602,84.146)

65463.4 -125133 342217 0.99977
right ear real0:(485.253,64.0862), cal0:(446.869,28.9447)
right ear real1:(181.663,45.7745), cal1:(222.339,83.5155)

150242 -98801.1 412116 0.995901
mouth (left) real0:(614.343,134.36), cal0:(550.964,104.616)
mouth (left) real1:(250.979,129.57), cal1:(322.978,156.974)

130640 -104318 443016 0.99922
mouth (right) real0:(579.238,134.518), cal0:(509.106,107.182)
mouth (right) real1:(208.204,134.402), cal1:(285.706,158.962)

1.36367 -0.283127 3.00038 0.997259
left shoulder real0:(605.889,207.942), cal0:(604.994,191.986)
left shoulder real1:(467.42,210.175), cal1:(469.03,226.24)

0.0173269 -1.27778 27.693 0.997922
right shoulder real0:(334.477,264.418), cal0:(332.324,220.967)
right shoulder real1:(120.066,234.392), cal1:(124.255,275.401)

0.94318 0.420501 1.71537 0.833398
left elbow real0:(663.544,352.953), cal0:(662.273,396.021)
left elbow real1:(597.678,402.869), cal1:(596.924,396.859)

-1.25656 1.09434 4.2968 0.940573
right elbow real0:(154.619,442.472), cal0:(156.261,401.761)
right elbow real1:(-25.24,417.244), cal1:(-14.6517,499.444)

0.59482 0.58691 1.23008 0.290558
left wrist real0:(628.648,465.526), cal0:(622.455,535.447)
left wrist real1:(659.486,619.127), cal1:(645.522,521.975)

-49237.3 148001 232598 0.726327
right wrist real0:(205.708,687.462), cal0:(204.776,631.102)
right wrist real1:(-123.345,514.878), cal1:(-33.6203,790.324)

0.525813 0.591466 1.10181 0.279927
left pinky real0:(625.95,500.986), cal0:(618.649,571.315)
left pinky real1:(692.236,684.514), cal1:(672.636,552.559)

-56127.6 187433 261588 0.640958
right pinky real0:(208.758,740.133), cal0:(203.045,679.315)
right pinky real1:(-166.157,549.483), cal1:(-34.5802,854.755)

0.556075 0.648993 1.21253 0.289237
left index real0:(615.948,488.683), cal0:(607.462,570.367)
left index real1:(660.782,684.28), cal1:(641.922,557.327)

-50776.4 211825 306809 0.676836
right index real0:(247.079,722.47), cal0:(232.522,663.626)
right index real1:(-154.176,539.179), cal1:(6.07741,820.268)

0.566877 0.666537 1.27072 0.292357
left thumb real0:(608.212,482.554), cal0:(599.952,563.934)
left thumb real1:(641.544,663.288), cal1:(625.434,554.293)

-52370.5 205684 318789 0.656259
right thumb real0:(249.088,701.89), cal0:(233.255,636.456)
right thumb real1:(-131.124,533.466), cal1:(6.08198,784.929)

1.69661 2.42304 4.47115 0.0492036
left hip real0:(560.803,566.117), cal0:(559.912,574.387)
left hip real1:(432.215,603.546), cal1:(431.34,597.708)

2.35151 11.6506 21.3499 0.052574
right hip real0:(393.946,612.334), cal0:(398.117,576.654)
right hip real1:(214.488,616.972), cal1:(219.775,651.601)

1.11087 3.63829 3.35459 0.0433742
left knee real0:(565.405,763.309), cal0:(530.891,900.509)
left knee real1:(458.165,954.248), cal1:(456.773,947.202)

15843.7 94759 97227.2 0.0383828
right knee real0:(442.78,793.89), cal0:(429.846,834.427)
right knee real1:(256.417,962.265), cal1:(254.103,938.47)

0.723212 4.03008 2.64952 0.0216465
left ankle real0:(562.074,984.945), cal0:(495.932,1162.83)
left ankle real1:(475.507,1265.36), cal1:(475.221,1264.17)

2.78461 27.3333 19.2887 0.0200299
right ankle real0:(453.658,1002.15), cal0:(418.677,1100.33)
right ankle real1:(279.972,1271.72), cal1:(278.985,1267.53)

0.590502 3.66293 2.31874 0.0218183
left heel real0:(551.222,1027.85), cal0:(484.942,1198.08)
left heel real1:(486.848,1311.45), cal1:(486.555,1310.27)

0.684059 10.4837 7.18179 0.0263321
right heel real0:(421.192,1040.18), cal0:(389.17,1125.99)
right heel real1:(280.672,1317.62), cal1:(280.037,1314.99)

3.25543 15.3457 9.24206 0.0153437
left foot index real0:(616.608,1064.2), cal0:(543.562,1246.59)
left foot index real1:(442.857,1375.45), cal1:(437.456,1354)

32649 231080 147305 0.0149402
right foot index real0:(561.407,1069.19), cal0:(465.103,1191.47)
right foot index real1:(310.359,1387.33), cal1:(317.433,1353.59)

