camera0:
0.946067 0.167962 0.997173 0
0.946318 0.0885806 0.995309 0
0.956787 0.0932091 0.993685 0
0.966552 0.0964233 0.991208 0
0.889468 0.0793062 0.998742 0
0.86212 0.0789593 0.999129 0
0.833736 0.0792731 0.999291 0
0.939979 0.123536 0.992394 0
0.761705 0.114063 0.999793 0
0.952 0.262063 0.994923 0
0.893849 0.264031 0.99929 0
0.950528 0.436333 0.94912 0.58675
0.527171 0.545591 0.998043 0
1.01601 0.760907 0.244976 -111
0.22803 0.910796 0.948623 0
0.986931 1.00153 0.241311 -111
0.208583 1.31835 0.736438 -111
0.990619 1.08327 0.235783 -111
0.197696 1.41119 0.650885 -111
0.972262 1.05552 0.245206 -111
0.251531 1.38771 0.689778 -111
0.95818 1.03792 0.247645 -111
0.254109 1.3579 0.668475 -111
0.887453 1.21768 0.0398611 -111
0.625284 1.28686 0.0497777 -111
0.896434 1.69818 0.00991745 -111
0.713835 1.73991 0.0319113 -111
0.909383 2.2179 0.00193132 -111
0.722424 2.26369 0.00456399 -111
0.895366 2.31391 0.00194131 -111
0.667642 2.35635 0.00522485 -111
0.99442 2.39971 0.00594987 -111
0.880792 2.42584 0.00892982 -111
camera1:
0.301329 0.249722 0.987376 0
0.335073 0.1096 0.978546 0
0.362221 0.107504 0.980284 0
0.398678 0.108763 0.984167 0
0.273888 0.129961 0.96584 0
0.300893 0.157773 0.959559 0
0.290903 0.155705 0.955523 0
0.491635 0.118318 0.989797 0
0.276205 0.135413 0.964654 0
0.362404 0.312214 0.996388 0
0.302286 0.3307 0.99299 0
0.729982 0.445151 0.997619 0
0.186254 0.488992 0.994263 0.5265
0.937801 0.842995 0.847323 0
-0.0347436 0.87427 0.561891 -111
1.04034 1.32311 0.235758 -111
-0.129652 1.05969 0.247805 -111
1.09224 1.45119 0.186479 -111
-0.169751 1.11521 0.20994 -111
1.04794 1.45327 0.215528 -111
-0.162307 1.08467 0.232287 -111
1.01639 1.41425 0.238367 -111
-0.13504 1.08021 0.25665 -111
0.674079 1.264 0.0425268 -111
0.335371 1.28222 0.0426657 -111
0.702722 1.99847 0.0354359 -111
0.392464 2.00802 0.0312971 -111
0.731562 2.64716 0.0175493 -111
0.422925 2.65591 0.0162323 -111
0.751206 2.74229 0.0176823 -111
0.425222 2.74361 0.0213457 -111
0.672481 2.87197 0.012437 -111
0.455243 2.89892 0.0121125 -111
fused:
159124 -152647 513854 0.997173
nose real0:(605.483,80.622), cal0:(517.985,70.1666)
nose real1:(192.85,119.866), cal1:(291.485,124.804)

151326 -176282 456393 0.995309
left eye (inner) real0:(605.644,42.5187), cal0:(531.143,16.5664)
left eye (inner) real1:(214.447,52.608), cal1:(299.934,76.4555)

154921 -169399 439686 0.993685
left eye real0:(612.343,44.7404), cal0:(543.624,17.1535)
left eye real1:(231.821,51.6021), cal1:(310.967,77.6364)

156338 -158900 414220 0.991208
left eye (outer) real0:(618.594,46.2832), cal0:(558.693,18.1505)
left eye (outer) real1:(255.154,52.206), cal1:(324.112,79.2982)

127558 -182743 480335 0.998742
right eye (inner) real0:(569.26,38.067), cal0:(491.487,20.0528)
right eye (inner) real1:(175.288,62.3813), cal1:(264.205,77.5344)

118690 -165876 449702 0.999129
right eye real0:(551.757,37.9004), cal0:(490.507,27.0184)
right eye real1:(192.571,75.7313), cal1:(263.71,83.9211)

106589 -162519 440944 0.999291
right eye (outer) real0:(533.591,38.0511), cal0:(477.17,27.1921)
right eye (outer) real1:(186.178,74.7386), cal1:(251.256,83.4124)

119306 -106676 291465 0.992394
left ear real0:(601.586,59.2974), cal0:(577.861,28.7374)
left ear real1:(314.647,56.7927), cal1:(341.147,89.5995)

75426.8 -142928 397936 0.999793
right ear real0:(487.491,54.7503), cal0:(445.82,32.8394)
right ear real1:(176.771,64.9982), cal1:(221.532,87.158)

166172 -111940 484378 0.996388
mouth (left) real0:(609.28,125.79), cal0:(538.047,109.809)
mouth (left) real1:(231.939,149.863), cal1:(311.941,161.622)

140754 -113923 511802 0.99929
mouth (right) real0:(572.063,126.735), cal0:(497.169,114.923)
mouth (right) real1:(193.463,158.736), cal1:(275.184,166.138)

1.41399 -0.277855 3.0826 0.997619
left shoulder real0:(608.338,209.44), cal0:(607.518,194.526)
left shoulder real1:(467.189,213.672), cal1:(468.699,228.684)

0.234181 -2.02459 42.145 0.998043
right shoulder real0:(337.39,261.884), cal0:(335.286,219.826)
right shoulder real1:(119.203,234.716), cal1:(123.255,274.443)

0.84382 0.404964 1.59835 0.847323
left elbow real0:(650.244,365.235), cal0:(649.11,400.965)
left elbow real1:(600.193,404.638), cal1:(599.78,401.368)

-1.13759 0.943647 3.70265 0.948623
right elbow real0:(145.939,437.182), cal0:(147.372,401.863)
right elbow real1:(-22.2359,419.65), cal1:(-11.9224,499.671)

0.58718 0.630478 1.20973 0.241311
left wrist real0:(631.636,480.735), cal0:(623.547,561.914)
left wrist real1:(665.816,635.092), cal1:(652.706,546.042)

-1.53919 2.75916 4.78984 0.736438
right wrist real0:(133.493,632.81), cal0:(138.895,594.891)
right wrist real1:(-82.9773,508.652), cal1:(-43.0533,756.74)

0.537315 0.632074 1.09929 0.235783
left pinky real0:(633.996,519.969), cal0:(625.593,594.256)
left pinky real1:(699.032,696.57), cal1:(680.261,572.663)

-1.80395 3.52222 5.45316 0.650885
right pinky real0:(126.526,677.37), cal0:(133.211,636.876)
right pinky real1:(-108.641,535.299), cal1:(-61.0379,818.118)

0.553418 0.684113 1.18659 0.245206
left index real0:(622.248,506.652), cal0:(612.141,595.188)
left index real1:(670.682,697.57), cal1:(652.712,579.211)

-3.93351 8.9839 14.366 0.689778
right index real0:(160.98,666.101), cal0:(167.454,624.529)
right index real1:(-103.877,520.641), cal1:(-58.7892,793.485)

0.56054 0.704812 1.2425 0.247645
left thumb real0:(613.235,498.201), cal0:(602.976,589.608)
left thumb real1:(650.488,678.839), cal1:(635.159,577.462)

-2.93016 6.40539 10.842 0.668475
right thumb real0:(162.63,651.791), cal0:(169.585,603.757)
right thumb real1:(-86.4257,518.499), cal1:(-46.8411,763.327)

1.97912 2.81293 5.03717 0.0425268
left hip real0:(567.97,584.486), cal0:(567.99,584.309)
left hip real1:(431.411,606.719), cal1:(431.434,606.873)

4.00044 18.4555 33.1959 0.0497777
right hip real0:(400.182,617.695), cal0:(404.346,582.82)
right hip real1:(214.638,615.466), cal1:(221.095,657.532)

1.67963 5.08205 4.62715 0.0354359
left knee real0:(573.718,815.129), cal0:(550.022,908.767)
left knee real1:(449.742,959.265), cal1:(448.44,952.69)

33544.8 189636 189970 0.0319113
right knee real0:(456.854,835.158), cal0:(438.031,848.627)
right knee real1:(251.177,963.848), cal1:(263.791,951.228)

1.4758 6.66668 4.29504 0.0175493
left ankle real0:(582.005,1064.59), cal0:(538.374,1181.54)
left ankle real1:(468.2,1270.64), cal1:(467.917,1269.47)

14580.4 128909 90222.9 0.0162323
right ankle real0:(462.351,1086.57), cal0:(429.034,1107.38)
right ankle real1:(270.672,1274.84), cal1:(272.161,1273.46)

1.17687 5.73877 3.5553 0.0176823
left heel real0:(573.034,1110.68), cal0:(530.812,1218.78)
left heel real1:(480.772,1316.3), cal1:(480.508,1315.24)

20.1019 193.529 130.659 0.0213457
right heel real0:(427.291,1131.05), cal0:(424.375,1138.86)
right heel real1:(272.142,1316.93), cal1:(272.056,1316.57)

41742.6 175258 104156 0.012437
left foot index real0:(636.429,1151.86), cal0:(572.716,1259.95)
left foot index real1:(430.388,1378.54), cal1:(430.01,1357.93)

47802.7 331331 207541 0.0121125
right foot index real0:(563.707,1164.4), cal0:(470.321,1208.15)
right foot index real1:(291.356,1391.48), cal1:(324.248,1370.74)

