camera0:
0.588085 0.39443 0.999909 0.82575
0.60119 0.341714 0.999847 0.854
0.613526 0.340567 0.999825 0.8565
0.624676 0.339642 0.999842 0.867
0.560977 0.343926 0.999853 0.84725
0.543625 0.344715 0.999826 0.60425
0.527517 0.345406 0.999857 0.594
0.622831 0.361576 0.999871 0.8635
0.484158 0.373825 0.999896 0.57775
0.601537 0.447651 0.999916 0.83925
0.557595 0.453051 0.999918 0.8375
0.714838 0.618323 0.999364 0.9215
0.410321 0.649982 0.999264 0.54125
0.921998 0.756997 0.945415 0.7925
0.344986 0.924229 0.943631 0.54925
0.841245 0.441156 0.939031 0.752
0.439612 0.477019 0.891941 0.563
0.851615 0.343806 0.879838 0.74125
0.472712 0.319296 0.805937 0.567
0.805346 0.336526 0.878564 2.3715
0.464619 0.329435 0.80856 0.5685
0.786205 0.384193 0.8839 2.356
0.460182 0.389242 0.8251 0.569
0.724445 1.27317 0.0624891 -111
0.487803 1.29143 0.0601003 -111
0.724169 1.78073 0.00294098 -111
0.509914 1.79857 0.00159555 -111
0.729255 2.23596 0.000138731 -111
0.524471 2.24259 5.07333e-05 -111
0.732354 2.3029 0.000142984 -111
0.518681 2.30324 9.68569e-05 -111
0.719388 2.37731 0.000208787 -111
0.570887 2.40132 0.000156896 -111
camera1:
0.622357 0.352759 0.999741 0.7815
0.650145 0.29483 0.999577 0.78525
0.666685 0.296115 0.99956 0.78475
0.683645 0.297188 0.999574 0.78175
0.605246 0.292584 0.999568 0.80475
0.591449 0.292179 0.999508 0.8125
0.579456 0.291584 0.999535 0.82
0.71716 0.318931 0.999633 0.79575
0.565585 0.31574 0.999608 0.841
0.6559 0.41355 0.999722 0.787
0.600134 0.404993 0.999742 0.79275
0.825543 0.583066 0.996087 0.77175
0.475445 0.604099 0.998901 0.86025
1.01011 0.694765 0.950916 -111
0.243865 0.802955 0.951852 0.68275
0.826174 0.265366 0.939965 0.5705
0.31129 0.4071 0.950865 0.65625
0.795466 0.148148 0.917595 0.5835
0.325395 0.270122 0.934065 0.64575
0.77145 0.134634 0.919158 0.5865
0.355568 0.254749 0.938302 0.65775
0.767576 0.181551 0.917205 0.572
0.371467 0.318521 0.937805 0.64925
0.79043 1.31266 0.0337634 -111
0.533328 1.30677 0.0501096 -111
0.765893 1.88051 0.00708883 -111
0.52793 1.88708 0.00349281 -111
0.766102 2.38929 0.000540585 -111
0.529043 2.38985 0.000210131 -111
0.780064 2.46328 0.000325907 -111
0.527761 2.45711 0.00043208 -111
0.724245 2.54157 0.000532747 -111
0.547069 2.56903 0.000868699 -111
fused:
0.0937034 -0.183225 1.32042 0.999909
nose real0:(376.374,189.326), cal0:(374.581,165.303)
nose real1:(398.309,169.324), cal1:(400.601,193.474)

0.105656 -0.228065 1.25265 0.999847
left eye (inner) real0:(384.761,164.023), cal0:(382.62,139.278)
left eye (inner) real1:(416.093,141.518), cal1:(418.401,166.724)

0.120546 -0.22435 1.23487 0.999825
left eye real0:(392.657,163.472), cal0:(390.594,139.51)
left eye real1:(426.678,142.135), cal1:(428.927,166.662)

0.132922 -0.219743 1.21261 0.999842
left eye (outer) real0:(399.793,163.028), cal0:(397.802,139.789)
left eye (outer) real1:(437.533,142.65), cal1:(439.726,166.547)

0.0528229 -0.234016 1.28076 0.999853
right eye (inner) real0:(359.025,165.085), cal0:(356.726,138.887)
right eye (inner) real1:(387.358,140.44), cal1:(389.755,166.722)

0.0289141 -0.232528 1.27377 0.999826
right eye real0:(347.92,165.463), cal0:(345.585,138.986)
right eye real1:(378.527,140.246), cal1:(380.932,166.645)

0.00692925 -0.230659 1.26419 0.999857
right eye (outer) real0:(337.611,165.795), cal0:(335.241,139.044)
right eye (outer) real1:(370.852,139.96), cal1:(373.264,166.48)

0.120778 -0.18098 1.11823 0.999871
left ear real0:(398.612,173.556), cal0:(396.835,151.431)
left ear real1:(458.983,153.087), cal1:(461.104,175.821)

-0.0482249 -0.191079 1.18896 0.999896
right ear real0:(309.861,179.436), cal0:(307.581,152.112)
right ear real1:(361.974,151.555), cal1:(364.435,178.173)

0.108656 -0.116035 1.26202 0.999916
mouth (left) real0:(384.984,214.873), cal0:(383.672,193.44)
mouth (left) real1:(419.776,198.504), cal1:(421.903,220.035)

0.0508721 -0.124634 1.31236 0.999918
mouth (right) real0:(356.861,217.465), cal0:(355.236,191.622)
mouth (right) real1:(384.086,194.397), cal1:(386.594,219.916)

0.226008 0.0569237 1.08434 0.999364
left shoulder real0:(457.496,296.795), cal0:(457.165,280.247)
left shoulder real1:(528.348,279.872), cal1:(530.246,297.01)

-0.150068 0.0692151 1.28774 0.999264
right shoulder real0:(262.605,311.991), cal0:(261.937,281)
right shoulder real1:(304.285,289.967), cal1:(307.402,318.232)

0.442516 0.17179 1.0293 0.950916
left elbow real0:(590.079,363.358), cal0:(590.228,349.001)
left elbow real1:(646.471,333.487), cal1:(648.322,348.938)

-0.381852 0.442505 2.09684 0.951852
right elbow real0:(220.791,443.63), cal0:(222.544,375.526)
right elbow real1:(156.073,385.419), cal1:(163.172,442.484)

0.439274 -0.195155 1.30252 0.939965
left wrist real0:(538.397,211.755), cal0:(534.555,158.652)
left wrist real1:(528.751,127.375), cal1:(534.317,185.593)

-0.202143 -0.229885 2.27668 0.950865
right wrist real0:(281.351,228.969), cal0:(278.607,188.013)
right wrist real1:(199.226,195.408), cal1:(202.483,228.949)

0.488952 -0.347562 1.41958 0.917595
left pinky real0:(545.033,165.027), cal0:(538.872,101.554)
left pinky real1:(509.098,71.1109), cal1:(514.855,136.089)

-0.133764 -0.531678 2.43352 0.934065
right pinky real0:(302.535,153.262), cal0:(298.926,117.393)
right pinky real1:(208.253,129.658), cal1:(210.497,155.281)

0.401898 -0.345954 1.36476 0.919158
left index real0:(515.421,161.532), cal0:(508.862,96.3531)
left index real1:(493.728,64.6241), cal1:(499.46,130.061)

-0.132595 -0.451544 2.05212 0.938302
right index real0:(297.356,158.129), cal0:(293.13,116.458)
right index real1:(227.563,122.28), cal1:(230.158,151.975)

0.368041 -0.284746 1.33632 0.917205
left thumb real0:(503.171,184.413), cal0:(497.407,120.638)
left thumb real1:(491.249,87.1445), cal1:(497.071,151.497)

-0.131314 -0.327275 1.92808 0.937805
right thumb real0:(294.516,186.836), cal0:(291.032,146.685)
right thumb real1:(237.739,152.89), cal1:(240.446,182.475)

0.302658 0.828172 1.37873 0.0624891
left hip real0:(463.645,611.122), cal0:(463.828,609.697)
left hip real1:(505.875,630.078), cal1:(506.593,634.67)

-0.0407607 0.864866 1.51307 0.0601003
right hip real0:(312.194,619.888), cal0:(315.764,592.218)
right hip real1:(341.33,627.249), cal1:(346.683,661.439)

0.366901 1.66905 1.66507 0.00708883
left knee real0:(463.468,854.75), cal0:(464.328,851.122)
left knee real1:(490.171,902.645), cal1:(490.277,903.193)

0.0229474 1.78021 1.91388 0.00349281
right knee real0:(326.345,863.315), cal0:(339.151,807.708)
right knee real1:(337.875,905.797), cal1:(339.673,915.248)

0.442523 2.59002 1.91582 0.000540585
left ankle real0:(466.723,1073.26), cal0:(470.715,1061.18)
left ankle real1:(490.305,1146.86), cal1:(490.454,1147.52)

0.111576 3.00395 2.40128 0.000210131
right ankle real0:(335.661,1076.44), cal0:(359.863,1000.52)
right ankle real1:(338.587,1147.13), cal1:(339.349,1150.56)

0.438121 2.62996 1.87017 0.000325907
left heel real0:(468.706,1105.39), cal0:(472.688,1093.84)
left heel real1:(499.241,1182.37), cal1:(499.663,1184.2)

0.107893 3.13344 2.4267 0.00043208
right heel real0:(331.956,1105.55), cal0:(358.658,1024.71)
right heel real1:(337.767,1179.41), cal1:(338.474,1182.53)

0.5271 3.3431 2.31295 0.000532747
left foot index real0:(460.409,1141.11), cal0:(468.857,1117.35)
left foot index real1:(463.517,1219.95), cal1:(464.212,1222.91)

0.292936 4.09581 2.96666 0.000868699
right foot index real0:(365.367,1152.64), cal0:(391.269,1078.43)
right foot index real1:(350.124,1233.14), cal1:(350.568,1234.96)

