camera0:
0.950382 0.18619 0.996967 0
0.946284 0.0889615 0.994993 0
0.956163 0.0932613 0.993256 0
0.966303 0.0963214 0.990694 0
0.889204 0.0811 0.998657 0
0.861258 0.0817854 0.999067 0
0.83193 0.0834961 0.999244 0
0.938169 0.124879 0.99206 0
0.75657 0.127904 0.999777 0
0.954703 0.274274 0.994556 0
0.896204 0.276318 0.999234 0
0.948347 0.43466 0.948591 0.58475
0.525594 0.548545 0.997971 0
1.01047 0.729051 0.269818 -111
0.229289 0.907916 0.945802 0
0.975173 0.942141 0.264735 0
0.164302 1.31023 0.745028 -111
0.969831 1.01145 0.256632 -111
0.134655 1.38822 0.661624 -111
0.955063 0.978768 0.265817 1.63575
0.18482 1.37604 0.696455 -111
0.942755 0.967608 0.268883 0
0.208784 1.3509 0.676187 -111
0.864399 1.21309 0.0430076 -111
0.626143 1.28439 0.0538011 -111
0.873533 1.37247 0.0105992 -111
0.778744 1.44443 0.0342328 -111
0.837993 1.70929 0.00206539 -111
0.743414 1.73556 0.00487936 -111
0.810208 1.78506 0.00211609 -111
0.667604 1.78319 0.00555225 -111
0.948077 1.81516 0.00623768 -111
0.92329 1.84165 0.00933614 -111
camera1:
0.304176 0.204866 0.986594 0
0.340363 0.0877775 0.976885 0
0.37557 0.0868868 0.978825 0
0.40538 0.0894249 0.982881 0
0.279031 0.10048 0.963247 0
0.300953 0.124247 0.956798 0
0.297309 0.126857 0.952373 0
0.511019 0.100851 0.988931 0
0.279479 0.108094 0.962376 0
0.365434 0.276774 0.996115 0
0.307411 0.295998 0.992524 0
0.730586 0.438518 0.997438 0
0.186745 0.490773 0.994005 0.5285
0.935367 0.842635 0.839275 0
-0.038201 0.870256 0.578315 -111
1.03976 1.30312 0.241871 -111
-0.188924 1.07562 0.265818 -111
1.09222 1.43697 0.195681 -111
-0.253127 1.14477 0.227109 -111
1.04625 1.43926 0.223578 -111
-0.235851 1.12591 0.249965 -111
1.01494 1.39661 0.245076 -111
-0.201547 1.11525 0.27402 -111
0.675774 1.2637 0.045585 -111
0.335115 1.28765 0.0461464 -111
0.714006 1.99731 0.0391904 -111
0.397714 2.01211 0.0346377 -111
0.742634 2.64507 0.0194891 -111
0.431766 2.65923 0.0180305 -111
0.760859 2.74195 0.0196411 -111
0.433418 2.75224 0.0237074 -111
0.689084 2.87388 0.0138128 -111
0.474328 2.90451 0.0134507 -111
fused:
152300 -148838 485161 0.996967
nose real0:(608.245,89.3711), cal0:(520.538,64.3257)
nose real1:(194.673,98.3358), cal1:(293.425,119.505)

143431 -169111 428754 0.994993
left eye (inner) real0:(605.622,42.7015), cal0:(532.922,11.6539)
left eye (inner) real1:(217.832,42.1332), cal1:(301.204,72.1202)

145897 -159641 406148 0.993256
left eye real0:(611.944,44.7654), cal0:(547.756,12.4729)
left eye real1:(240.365,41.7057), cal1:(314.278,73.6621)

147430 -151369 387037 0.990694
left eye (outer) real0:(618.434,46.2343), cal0:(560.791,13.6531)
left eye (outer) real1:(259.443,42.9239), cal1:(325.628,75.4065)

120893 -176005 450402 0.998657
right eye (inner) real0:(569.091,38.928), cal0:(493.2,13.8471)
right eye (inner) real1:(178.58,48.2304), cal1:(265.422,71.9065)

111716 -161111 423749 0.999067
right eye real0:(551.205,39.257), cal0:(490.332,20.2002)
right eye real1:(192.61,59.6386), cal1:(263.144,77.609)

100107 -154739 410004 0.999244
right eye (outer) real0:(532.435,40.0781), cal0:(478.631,21.8792)
right eye (outer) real1:(190.278,60.8913), cal1:(252.32,78.5419)

99785.1 -88693.3 238508 0.99206
left ear real0:(600.428,59.9418), cal0:(583.291,25.2095)
left ear real1:(327.052,48.4084), cal1:(345.49,86.7341)

69121.8 -133512 367469 0.999777
right ear real0:(484.205,61.3941), cal0:(444.953,30.3409)
right ear real1:(178.866,51.885), cal1:(220.548,84.7423)

158443 -109674 457152 0.996115
mouth (left) real0:(611.01,131.652), cal0:(540.165,104.517)
mouth (left) real1:(233.878,132.851), cal1:(313.477,156.78)

134580 -111221 481462 0.999234
mouth (right) real0:(573.571,132.633), cal0:(499.875,109.865)
mouth (right) real1:(196.743,142.079), cal1:(277.381,161.399)

1.37886 -0.282652 3.02223 0.997438
left shoulder real0:(606.942,208.637), cal0:(606.04,192.49)
left shoulder real1:(467.575,210.489), cal1:(469.205,226.729)

0.139657 -1.65814 35.92 0.997971
right shoulder real0:(336.38,263.302), cal0:(334.284,220.954)
right shoulder real1:(119.517,235.571), cal1:(123.602,275.558)

0.827924 0.394511 1.58765 0.839275
left elbow real0:(646.703,349.945), cal0:(645.233,398.034)
left elbow real1:(598.635,404.465), cal1:(597.951,399.031)

-1.16983 0.955896 3.82441 0.945802
right elbow real0:(146.745,435.8), cal0:(148.183,398.911)
right elbow real1:(-24.4487,417.723), cal1:(-14.3672,496.234)

0.56093 0.563607 1.18311 0.264735
left wrist real0:(624.111,452.228), cal0:(616.779,534.993)
left wrist real1:(665.449,625.5), cal1:(650.473,521.31)

-1.71124 2.61791 4.65433 0.745028
right wrist real0:(105.153,628.91), cal0:(111.068,586.732)
right wrist real1:(-120.911,516.299), cal1:(-82.3053,757.286)

0.495047 0.558071 1.05969 0.256632
left pinky real0:(620.692,485.496), cal0:(612.603,565.199)
left pinky real1:(699.019,689.745), cal1:(677.852,546.527)

-2.03086 3.17571 5.1124 0.661624
right pinky real0:(86.1792,666.345), cal0:(93.2995,622.016)
right pinky real1:(-162.002,549.489), cal1:(-117.546,815.934)

0.517698 0.607015 1.15359 0.265817
left index real0:(611.241,469.809), cal0:(601.552,564.933)
left index real1:(669.598,690.845), cal1:(649.004,551.616)

-3.37342 5.97496 9.80835 0.696455
right index real0:(118.285,660.497), cal0:(125.325,614.8)
right index real1:(-150.945,540.437), cal1:(-108.632,797.345)

0.52679 0.627882 1.20912 0.268883
left thumb real0:(603.363,464.452), cal0:(593.689,560.782)
left thumb real1:(649.561,670.375), cal1:(631.941,550.888)

-3.67216 6.69324 11.5545 0.676187
right thumb real0:(133.622,648.433), cal0:(141.018,596.834)
right thumb real1:(-128.99,535.321), cal1:(-91.6751,766.791)

1.50817 2.27391 4.0951 0.045585
left hip real0:(553.216,582.282), cal0:(553.201,582.41)
left hip real1:(432.495,606.574), cal1:(432.478,606.463)

4.39859 20.2206 36.32 0.0538011
right hip real0:(400.732,616.505), cal0:(404.704,583.287)
right hip real1:(214.474,618.072), cal1:(220.618,658.084)

0.752127 2.84499 2.66758 0.0391904
left knee real0:(559.061,658.784), cal0:(501.334,889.65)
left knee real1:(456.964,958.71), cal1:(454.036,943.851)

45405.6 216479 239500 0.0346377
right knee real0:(498.396,693.325), cal0:(445.844,791.915)
right knee real1:(254.537,965.814), cal1:(268.18,881.516)

0.242101 2.47643 1.67716 0.0194891
left ankle real0:(536.315,820.458), cal0:(418.669,1136.09)
left ankle real1:(475.285,1269.63), cal1:(474.614,1266.85)

0.675355 10.2569 7.37902 0.0180305
right ankle real0:(475.785,833.069), cal0:(386.932,1084.07)
right ankle real1:(276.33,1276.43), cal1:(273.047,1262.42)

0.161146 2.24988 1.47336 0.0196411
left heel real0:(518.533,856.829), cal0:(397.656,1166.43)
left heel real1:(486.95,1316.14), cal1:(486.264,1313.37)

0.0216708 4.84682 3.41232 0.0237074
right heel real0:(427.266,855.932), cal0:(335.763,1102.33)
right heel real1:(277.387,1321.08), cal1:(274.993,1311.14)

0.897361 5.76771 3.65324 0.0138128
left foot index real0:(606.769,871.276), cal0:(479.516,1197.53)
left foot index real1:(441.014,1379.46), cal1:(427.947,1326.75)

33863.8 250499 169046 0.0134507
right foot index real0:(590.906,883.993), cal0:(452.295,1139.26)
right foot index real1:(303.57,1394.17), cal1:(299.792,1297.03)

