camera0:
0.981886 0.220466 0.989309 0
0.969561 0.118905 0.982268 0
0.9738 0.123826 0.978925 0
0.976192 0.127787 0.970126 0
0.93397 0.112678 0.994221 0
0.910419 0.112871 0.996315 0
0.891515 0.113626 0.996546 0
0.938671 0.148296 0.97009 0
0.809892 0.140192 0.999082 0
0.973169 0.286275 0.988629 0
0.929246 0.282104 0.998437 0
0.951377 0.436229 0.951921 0.59725
0.518449 0.540385 0.99825 0
0.998422 0.774171 0.058226 0.6425
0.264753 0.917585 0.921037 0
0.979067 1.04846 0.0613071 -111
0.3549 1.38664 0.47554 -111
0.990188 1.1256 0.0714059 -111
0.368033 1.50546 0.394989 -111
0.979249 1.11052 0.0818983 -111
0.413465 1.46697 0.452405 -111
0.964265 1.09232 0.0761162 -111
0.410303 1.42086 0.406338 -111
0.865593 1.23216 0.0119089 -111
0.584355 1.30737 0.0164415 -111
0.86412 1.86208 0.00335768 -111
0.627497 1.9416 0.0115305 -111
0.847662 2.42506 0.000688476 -111
0.614133 2.47619 0.00201134 -111
0.824116 2.5278 0.00046808 -111
0.571233 2.57187 0.00283238 -111
0.94066 2.5958 0.00422499 -111
0.762977 2.6253 0.0054086 -111
camera1:
0.384251 0.154643 0.985701 0
0.418899 0.0475289 0.976152 0
0.453881 0.0464741 0.976119 0
0.480515 0.0486762 0.981552 0
0.353388 0.0599331 0.96608 0
0.335366 0.0676883 0.960209 0
0.323977 0.0789486 0.960025 0
0.546663 0.070698 0.986071 0
0.314699 0.103475 0.967006 0
0.444427 0.235721 0.996763 0
0.364162 0.256412 0.994738 0
0.752466 0.458121 0.998782 0
0.175937 0.521403 0.997014 0.5255
0.946845 0.88879 0.841189 0
0.0535693 0.976325 0.423767 0
1.01364 1.36844 0.0880317 -111
-0.0224329 1.2832 0.0640655 -111
1.06167 1.50161 0.0589903 -111
-0.0687367 1.38633 0.048598 -111
1.00115 1.50766 0.0830647 -111
-0.0400944 1.38073 0.064761 -111
0.972343 1.45899 0.0943723 -111
-0.0104472 1.34921 0.0826905 -111
0.692493 1.33687 0.00988383 -111
0.339864 1.35903 0.00890678 -111
0.735007 2.10566 0.0023804 -111
0.41616 2.11999 0.00192987 -111
0.755005 2.78412 0.000937757 -111
0.443654 2.7945 0.000861284 -111
0.770009 2.88988 0.000938252 -111
0.441616 2.89555 0.00114276 -111
0.704545 3.01328 0.000665716 -111
0.494475 3.03592 0.000649944 -111
fused:
179144 -148253 475984 0.989309
nose real0:(628.407,105.823), cal0:(558.055,61.5099)
nose real1:(245.921,74.2286), cal1:(326.352,118.074)

159700 -162985 410137 0.982268
left eye (inner) real0:(620.519,57.0746), cal0:(565.875,9.87007)
left eye (inner) real1:(268.095,22.8139), cal1:(329.741,72.3222)

154453 -148830 376280 0.978925
left eye real0:(623.232,59.4365), cal0:(578.545,10.9891)
left eye real1:(290.484,22.3076), cal1:(340.566,73.9854)

147292 -136440 346439 0.981552
left eye (outer) real0:(624.763,61.3376), cal0:(587.369,12.0069)
left eye (outer) real1:(307.53,23.3646), cal1:(348.037,75.3399)

151520 -178255 453171 0.994221
right eye (inner) real0:(597.741,54.0853), cal0:(532.816,12.2982)
right eye (inner) real1:(226.168,28.7679), cal1:(301.151,72.6951)

142327 -178191 457819 0.996315
right eye real0:(582.668,54.1781), cal0:(518.714,14.7829)
right eye real1:(214.634,32.4904), cal1:(288.728,74.1745)

134573 -176406 459233 0.996546
right eye (outer) real0:(570.57,54.5404), cal0:(507.994,17.8394)
right eye (outer) real1:(207.345,37.8953), cal1:(279.223,76.3825)

36818.5 -31557.7 84327 0.986071
left ear real0:(600.749,71.1819), cal0:(594.251,23.79)
left ear real1:(349.865,33.9351), cal1:(354.549,85.9929)

98491.4 -149909 415074 0.999082
right ear real0:(518.331,67.292), cal0:(474.501,31.6437)
right ear real1:(201.407,49.6679), cal1:(248.998,87.4343)

171943 -107228 428785 0.996763
mouth (left) real0:(622.828,137.412), cal0:(572.855,98.4057)
mouth (left) real1:(284.433,113.146), cal1:(341.48,151.586)

161771 -119249 489027 0.998437
mouth (right) real0:(594.717,135.41), cal0:(530.682,102.147)
mouth (right) real1:(233.064,123.078), cal1:(304.897,154.503)

1.23862 -0.22483 2.69262 0.998782
left shoulder real0:(608.881,209.39), cal0:(608.302,198.516)
left shoulder real1:(481.578,219.898), cal1:(482.69,230.897)

-0.159692 -2.11211 55.8596 0.99825
right shoulder real0:(331.807,259.385), cal0:(330.231,225.973)
right shoulder real1:(112.6,250.273), cal1:(115.812,281.516)

0.755496 0.445866 1.4902 0.841189
left elbow real0:(638.99,371.602), cal0:(636.52,428.511)
left elbow real1:(605.981,426.619), cal1:(605.942,426.324)

-0.832227 0.913786 3.09076 0.921037
right elbow real0:(169.442,440.441), cal0:(170.184,426.379)
right elbow real1:(34.2843,468.636), cal1:(41.3671,522.039)

0.592993 0.774459 1.26842 0.0880317
left wrist real0:(626.603,503.261), cal0:(612.808,615.641)
left wrist real1:(648.73,656.853), cal1:(640.087,600.939)

-3.50196 13.8722 20.2266 0.47554
right wrist real0:(227.136,665.587), cal0:(227.934,660.878)
right wrist real1:(-14.357,615.938), cal1:(19.4968,815.428)

0.582755 0.740553 1.1993 0.0714059
left pinky real0:(633.72,540.289), cal0:(623.867,619.799)
left pinky real1:(679.466,720.775), cal1:(660.821,600.443)

-13865.4 67865.8 86883.9 0.394989
right pinky real0:(235.541,722.62), cal0:(236.075,718.133)
right pinky real1:(-43.9915,665.438), cal1:(12.9758,889.615)

0.645445 0.8864 1.37806 0.0830647
left index real0:(626.719,533.051), cal0:(613.33,635.266)
left index real1:(640.734,723.678), cal1:(624.819,622.451)

-15079 100493 134077 0.452405
right index real0:(264.618,704.147), cal0:(264.383,699.146)
right index real1:(-25.6604,662.749), cal1:(50.1829,851.26)

0.640058 0.916304 1.42181 0.0943723
left thumb real0:(617.13,524.314), cal0:(602.395,636.011)
left thumb real1:(622.3,700.317), cal1:(610.723,626.819)

-16596.1 101811 144228 0.406338
right thumb real0:(262.594,682.011), cal0:(262.819,672.932)
right thumb real1:(-6.68618,647.62), cal1:(47.0194,818.596)

1.3722 2.19958 3.7354 0.0119089
left hip real0:(553.979,591.437), cal0:(552.638,602.586)
left hip real1:(443.196,641.697), cal1:(440.77,625.925)

0.596923 4.93784 8.14766 0.0164415
right hip real0:(373.987,627.538), cal0:(375.962,612.921)
right hip real1:(217.513,652.336), cal1:(224.355,695.495)

1.3538 4.2402 3.79541 0.00335768
left knee real0:(553.036,893.799), cal0:(546.237,920.113)
left knee real1:(470.404,1010.72), cal1:(461.052,963.939)

0.925335 9.00146 7.93447 0.0115305
right knee real0:(401.598,931.97), cal0:(402.01,930.5)
right knee real1:(266.342,1017.6), cal1:(275.118,1059.86)

1.07368 5.42857 3.37848 0.000937757
left ankle real0:(542.504,1164.03), cal0:(522.871,1214.37)
left ankle real1:(483.203,1336.38), cal1:(477.734,1314.32)

0.761814 10.9432 7.06691 0.00201134
right ankle real0:(393.045,1188.57), cal0:(396.71,1179.33)
right ankle real1:(283.938,1341.36), cal1:(293.355,1378.97)

0.806292 4.65156 2.75981 0.000938252
left heel real0:(527.434,1213.34), cal0:(507.464,1261.64)
left heel real1:(492.805,1387.14), cal1:(490.347,1377.57)

0.293785 7.28235 4.50012 0.00283238
right heel real0:(365.589,1234.5), cal0:(371.168,1221.25)
right heel real1:(282.634,1389.87), cal1:(297.981,1448.94)

26287.7 98149.8 58940.9 0.00422499
left foot index real0:(602.023,1245.98), cal0:(599.89,1249.47)
left foot index real1:(450.909,1446.38), cal1:(453.948,1326.27)

14507.7 94369.6 56041.1 0.0054086
right foot index real0:(488.305,1260.14), cal0:(487.471,1260.72)
right foot index real1:(316.464,1457.24), cal1:(346.373,1424.06)

