camera0:
0.985296 0.178853 0.993357 0
0.97238 0.104948 0.989228 0
0.977223 0.10938 0.987061 0
0.979687 0.112883 0.981155 0
0.93498 0.100442 0.996772 0
0.916718 0.10487 0.998002 0
0.890683 0.107256 0.998164 0
0.939144 0.137527 0.981679 0
0.809493 0.139686 0.999467 0
0.981443 0.272162 0.991166 0
0.939939 0.272002 0.99872 0
0.951611 0.434989 0.949906 0.60325
0.525363 0.55485 0.998158 0
1.00025 0.759615 0.082412 -111
0.319791 1.05673 0.941206 -111
0.974023 1.05338 0.0870987 -111
0.459642 1.39671 0.592886 -111
0.981098 1.13877 0.093485 -111
0.485961 1.51537 0.502368 -111
0.969783 1.12567 0.10289 -111
0.5347 1.46367 0.55224 -111
0.954911 1.10652 0.0998881 -111
0.525184 1.4139 0.507001 -111
0.874887 1.20345 0.0252155 -111
0.608212 1.30934 0.0349592 -111
0.858466 1.74364 0.00524877 -111
0.651381 1.81726 0.0235673 -111
0.858773 2.2671 0.00126222 -111
0.648027 2.3312 0.00439221 -111
0.842419 2.36718 0.00105223 -111
0.608662 2.4283 0.00552956 -111
0.957912 2.42944 0.00648649 -111
0.803334 2.46454 0.0102015 -111
camera1:
0.396088 0.134067 0.980393 0
0.428226 0.0200444 0.965228 0
0.456432 0.0279319 0.965135 0
0.488616 0.0325564 0.971878 0
0.357614 0.0335854 0.952163 0
0.338658 0.0367789 0.946417 0
0.317187 0.0485223 0.946573 0
0.5422 0.0649224 0.979449 0
0.307589 0.0916302 0.959107 0
0.459697 0.227057 0.995178 0
0.372181 0.24592 0.992529 0
0.749197 0.448734 0.99831 0
0.174996 0.509649 0.996754 0.52625
0.945866 0.873107 0.853821 0
-0.0416062 0.942643 0.596713 -111
1.04731 1.33915 0.110695 -111
-0.177721 1.19313 0.120769 -111
1.09892 1.47566 0.0755105 -111
-0.239463 1.27963 0.0868713 -111
1.04956 1.47929 0.0984081 -111
-0.211631 1.26695 0.107544 -111
1.02099 1.43101 0.116214 -111
-0.179654 1.24684 0.133722 -111
0.687997 1.32105 0.0164564 -111
0.325621 1.35088 0.0162548 -111
0.73203 2.07681 0.00797013 -111
0.392241 2.105 0.00689726 -111
0.761206 2.74537 0.00363926 -111
0.426784 2.77024 0.00336159 -111
0.776055 2.85025 0.00365767 -111
0.424151 2.87124 0.00443594 -111
0.718512 2.98265 0.00258042 -111
0.493742 3.01598 0.002517 -111
fused:
176070 -153372 454900 0.993357
nose real0:(630.589,85.8496), cal0:(564.475,46.0714)
nose real1:(253.496,64.3523), cal1:(330.882,104.451)

156330 -162032 392630 0.989228
left eye (inner) real0:(622.323,50.3749), cal0:(571.149,0.679751)
left eye (inner) real1:(274.065,9.62131), cal1:(333.64,64.5006)

153026 -149969 367943 0.987061
left eye real0:(625.422,52.5024), cal0:(581.803,3.74268)
left eye real1:(292.116,13.4073), cal1:(342.834,67.7981)

143911 -134468 332056 0.981155
left eye (outer) real0:(627,54.1837), cal0:(592.316,5.32391)
left eye (outer) real1:(312.714,15.6271), cal1:(351.718,69.7609)

149162 -179085 439421 0.996772
right eye (inner) real0:(598.387,48.2124), cal0:(535.878,3.76628)
right eye (inner) real1:(228.873,16.121), cal1:(303.324,65.1927)

142509 -180435 447279 0.998002
right eye real0:(586.7,50.3377), cal0:(523.359,6.25557)
right eye real1:(216.741,17.6539), cal1:(292.367,66.7053)

131971 -180326 453776 0.998164
right eye (outer) real0:(570.037,51.4831), cal0:(506.667,9.87123)
right eye (outer) real1:(203,23.2907), cal1:(277.533,69.0264)

59609.9 -52056.6 137057 0.981679
left ear real0:(601.052,66.0128), cal0:(593.237,20.432)
left ear real1:(347.008,31.1628), cal1:(353.482,83.007)

97328.2 -151993 415972 0.999467
right ear real0:(518.075,67.0493), cal0:(472.514,29.1016)
right ear real1:(196.857,43.9825), cal1:(246.971,84.9609)

170370 -106359 410315 0.995178
mouth (left) real0:(628.124,130.638), cal0:(581.395,92.9135)
mouth (left) real1:(294.206,108.987), cal1:(348.37,146.771)

164055 -120875 479184 0.99872
mouth (right) real0:(601.561,130.561), cal0:(537.628,97.0968)
mouth (right) real1:(238.196,118.042), cal1:(310.756,149.946)

1.259 -0.24124 2.73676 0.99831
left shoulder real0:(609.031,208.795), cal0:(608.32,195.721)
left shoulder real1:(479.486,215.392), cal1:(480.815,228.578)

0.891884 -8.28074 222.554 0.998158
right shoulder real0:(336.232,266.328), cal0:(334.356,226.336)
right shoulder real1:(111.997,244.631), cal1:(115.854,282.108)

0.762612 0.426844 1.49722 0.853821
left elbow real0:(640.157,364.615), cal0:(637.949,420.033)
left elbow real1:(605.354,419.091), cal1:(605.282,418.531)

-3.63836 6.02218 17.661 0.941206
right elbow real0:(204.666,507.231), cal0:(208.184,453.626)
right elbow real1:(-26.628,452.469), cal1:(-11.9104,560.224)

0.536355 0.671405 1.14885 0.110695
left wrist real0:(623.375,505.621), cal0:(612.423,599.923)
left wrist real1:(670.281,642.793), cal1:(661.087,582.49)

-19785.4 183851 269387 0.592886
right wrist real0:(294.171,670.419), cal0:(287.824,658.856)
right wrist real1:(-113.741,572.703), cal1:(78.6231,790.183)

0.510325 0.655837 1.06763 0.093485
left pinky real0:(627.903,546.607), cal0:(619.111,617.877)
left pinky real1:(703.309,708.319), cal1:(685.815,595.283)

-11179 193193 247415 0.502368
right pinky real0:(311.015,727.377), cal0:(304.804,717.974)
right pinky real1:(-153.256,614.222), cal1:(102.76,856.279)

0.543043 0.74329 1.1761 0.10289
left index real0:(620.661,540.32), cal0:(609.34,628.517)
left index real1:(671.719,710.057), cal1:(656.294,611.412)

569.241 209692 283888 0.55224
right index real0:(342.208,702.563), cal0:(333.153,692.612)
right index real1:(-135.444,608.135), cal1:(136.071,812.62)

0.537341 0.763389 1.21015 0.116214
left thumb real0:(611.143,531.127), cal0:(598.705,627.813)
left thumb real1:(653.436,686.883), cal1:(642.077,614.285)

-5991.65 234652 340833 0.507001
right thumb real0:(336.117,678.673), cal0:(321.387,662.456)
right thumb real1:(-114.978,598.485), cal1:(120.346,780.884)

1.56507 2.33908 4.14522 0.0252155
left hip real0:(559.928,577.657), cal0:(558.773,587.824)
left hip real1:(440.318,634.103), cal1:(436.769,610.699)

1.87909 11.7021 19.1398 0.0349592
right hip real0:(389.256,628.481), cal0:(390.929,616.143)
right hip real1:(208.397,648.422), cal1:(216.29,698.15)

1.03132 3.50737 3.15171 0.00797013
left knee real0:(549.418,836.946), cal0:(528.534,917.502)
left knee real1:(468.499,996.868), cal1:(462.3,965.905)

9.65121 71.4687 68.6632 0.0235673
right knee real0:(416.884,872.287), cal0:(416.391,874.239)
right knee real1:(251.034,1010.4), cal1:(247.324,991.657)

0.783895 4.3137 2.71767 0.00363926
left ankle real0:(549.615,1088.21), cal0:(505.235,1202.63)
left ankle real1:(487.172,1317.78), cal1:(484.421,1306.65)

2.89786 32.654 22.2399 0.00439221
right ankle real0:(414.737,1118.97), cal0:(410.228,1131.1)
right ankle real1:(273.142,1329.72), cal1:(269.345,1313.96)

0.654586 3.9939 2.41093 0.00365767
left heel real0:(539.148,1136.24), cal0:(495.06,1244.28)
left heel real1:(496.675,1368.12), cal1:(494.863,1361.01)

0.871852 14.2145 9.28637 0.00552956
right heel real0:(389.544,1165.58), cal0:(388.351,1168.62)
right heel real1:(271.456,1378.2), cal1:(270.584,1374.7)

47207.8 168303 106700 0.00648649
left foot index real0:(613.064,1166.13), cal0:(597.747,1196.66)
left foot index real1:(459.847,1431.67), cal1:(447.322,1266.14)

35142.4 190422 121312 0.0102015
right foot index real0:(514.133,1182.98), cal0:(505.981,1192.06)
right foot index real1:(315.995,1447.67), cal1:(359.683,1323.83)

