camera0:
0.98315 0.186913 0.991656 0
0.969556 0.111985 0.986453 0
0.973749 0.116266 0.983821 0
0.975525 0.119599 0.977022 0
0.932369 0.108944 0.995578 0
0.90827 0.110609 0.997171 0
0.888498 0.113199 0.997344 0
0.935302 0.142245 0.976741 0
0.808188 0.141029 0.999237 0
0.979455 0.280015 0.990642 0
0.936587 0.281184 0.998617 0
0.950838 0.437766 0.948751 0.60125
0.517009 0.56067 0.997973 0
1.0445 0.785197 0.0697993 -111
0.283089 1.05424 0.921905 -111
0.987669 1.04635 0.0674388 -111
0.434698 1.38834 0.509008 -111
0.98659 1.13221 0.0748546 -111
0.463411 1.50895 0.428319 -111
0.971377 1.10695 0.0841472 -111
0.508033 1.45421 0.480811 -111
0.962175 1.08404 0.0804489 -111
0.49656 1.40679 0.432835 -111
0.883731 1.25488 0.0179631 -111
0.599461 1.3302 0.0248004 -111
0.886675 1.84731 0.00495559 -111
0.654996 1.92751 0.0180701 -111
0.884864 2.42341 0.00110652 -111
0.646409 2.48065 0.00336485 -111
0.864442 2.52804 0.000776981 -111
0.603991 2.5784 0.00437945 -111
0.977349 2.59821 0.00617573 -111
0.802927 2.63828 0.00831802 -111
camera1:
0.386683 0.157264 0.9849 0
0.420576 0.0470343 0.972904 0
0.456247 0.043906 0.972938 0
0.48267 0.0465091 0.978021 0
0.352748 0.0567038 0.962826 0
0.333704 0.0671638 0.958542 0
0.313816 0.0783406 0.958482 0
0.544832 0.0699938 0.983759 0
0.306982 0.104784 0.968363 0
0.451745 0.241087 0.996226 0
0.367522 0.261448 0.99423 0
0.749681 0.45841 0.998545 0
0.171347 0.523841 0.997328 0.52675
0.948191 0.873063 0.845997 0
-0.0545858 0.961015 0.576419 -111
1.03136 1.34875 0.0935819 -111
-0.180621 1.24466 0.0986788 -111
1.08275 1.4823 0.0617812 -111
-0.238691 1.34027 0.0695728 -111
1.02965 1.48357 0.0836226 -111
-0.207907 1.32792 0.0888669 -111
1.00074 1.43746 0.0988548 -111
-0.177088 1.30391 0.112379 -111
0.690193 1.33651 0.0128557 -111
0.324275 1.36431 0.0125653 -111
0.727767 2.10135 0.00491691 -111
0.386184 2.12504 0.00419924 -111
0.756544 2.77589 0.0021568 -111
0.423278 2.7984 0.0019897 -111
0.770349 2.88175 0.00216519 -111
0.421183 2.89962 0.00262867 -111
0.715006 3.01374 0.00153016 -111
0.489833 3.04449 0.00149264 -111
fused:
187113 -160230 492973 0.991656
nose real0:(629.216,89.7184), cal0:(559.975,53.36)
nose real1:(247.477,75.4866), cal1:(327.483,110.815)

166721 -170484 426155 0.986453
left eye (inner) real0:(620.516,53.7526), cal0:(566.98,8.27152)
left eye (inner) real1:(269.168,22.5765), cal1:(330.581,70.9676)

160650 -155450 389410 0.983821
left eye real0:(623.199,55.8075), cal0:(579.791,8.78763)
left eye real1:(291.998,21.0749), cal1:(341.472,72.1161)

152719 -142190 357827 0.978021
left eye (outer) real0:(624.336,57.4077), cal0:(588.351,9.88324)
left eye (outer) real1:(308.909,22.3243), cal1:(348.717,73.5319)

157503 -186879 472060 0.995578
right eye (inner) real0:(596.716,52.2931), cal0:(532.393,10.7791)
right eye (inner) real1:(225.759,27.2178), cal1:(300.682,71.3027)

147732 -186553 478084 0.997171
right eye real0:(581.293,53.0925), cal0:(517.589,14.1862)
right eye real1:(213.57,32.2386), cal1:(287.68,73.5708)

139364 -187258 487145 0.997344
right eye (outer) real0:(568.639,54.3355), cal0:(503.816,17.6781)
right eye (outer) real1:(200.842,37.6035), cal1:(275.404,76.0107)

29533.9 -25627.8 68094.1 0.983759
left ear real0:(598.593,68.2778), cal0:(592.513,22.5108)
left ear real1:(348.692,33.597), cal1:(353.02,84.7922)

102428 -159052 441327 0.999237
right ear real0:(517.24,67.6939), cal0:(471.38,32.1044)
right ear real1:(196.469,50.2965), cal1:(246.071,87.714)

181847 -111280 444314 0.996226
mouth (left) real0:(626.851,134.407), cal0:(577.826,98.1774)
mouth (left) real1:(289.117,115.722), cal1:(345.697,151.441)

172827 -124165 512454 0.998617
mouth (right) real0:(599.415,134.968), cal0:(534.558,103.081)
mouth (right) real1:(235.214,125.495), cal1:(308.412,155.404)

1.25522 -0.226596 2.73231 0.998545
left shoulder real0:(608.537,210.128), cal0:(607.938,198.856)
left shoulder real1:(479.796,220.037), cal1:(480.941,231.362)

-0.33963 -2.17407 73.5338 0.997973
right shoulder real0:(330.886,269.122), cal0:(329.173,230.929)
right shoulder real1:(109.662,251.444), cal1:(113.346,287.037)

0.929474 0.479967 1.66812 0.845997
left elbow real0:(668.482,376.894), cal0:(666.692,421.618)
left elbow real1:(606.842,419.07), cal1:(606.799,418.736)

-2.12158 2.97021 8.6501 0.921905
right elbow real0:(181.177,506.034), cal0:(184.6,455.059)
right elbow real1:(-34.9349,461.287), cal1:(-20.6978,565.164)

0.587391 0.733192 1.22704 0.0935819
left wrist real0:(632.108,502.25), cal0:(619.536,607.803)
left wrist real1:(660.068,647.402), cal1:(651.384,590.793)

-26435 182470 268673 0.509008
right wrist real0:(278.207,666.404), cal0:(272.838,656.858)
right wrist real1:(-115.597,597.437), cal1:(59.3726,793.979)

0.542231 0.691056 1.12259 0.0748546
left pinky real0:(631.418,543.459), cal0:(622.128,618.659)
left pinky real1:(692.958,711.506), cal1:(675.278,597.31)

-16706 192222 246807 0.428319
right pinky real0:(296.583,724.295), cal0:(291.283,716.767)
right pinky real1:(-152.762,643.33), cal1:(85.7019,861.032)

0.57395 0.78365 1.24294 0.0841472
left index real0:(621.681,531.338), cal0:(609.361,627.606)
left index real1:(658.973,712.114), cal1:(643.413,612.532)

-6938.94 209423 285138 0.480811
right index real0:(325.141,698.02), cal0:(317.328,690.098)
right index real1:(-133.061,637.402), cal1:(116.815,816.264)

0.581827 0.819393 1.29531 0.0988548
left thumb real0:(615.792,520.339), cal0:(601.799,628.872)
left thumb real1:(640.474,689.983), cal1:(629.045,616.975)

-15889.4 238376 347217 0.432835
right thumb real0:(317.799,675.259), cal0:(304.456,661.295)
right thumb real1:(-113.336,625.875), cal1:(99.5585,786.327)

1.69115 2.6094 4.3619 0.0179631
left hip real0:(565.588,602.344), cal0:(564.87,608.222)
left hip real1:(441.723,641.527), cal1:(439.99,630.298)

1.36106 9.45787 15.1829 0.0248004
right hip real0:(383.655,638.497), cal0:(385.803,623.069)
right hip real1:(207.536,654.868), cal1:(215.87,706.995)

1.67565 5.06759 4.4809 0.00495559
left knee real0:(567.472,886.707), cal0:(556.606,928.37)
left knee real1:(465.771,1008.65), cal1:(458.16,970.74)

12.6988 97.544 86.905 0.0180701
right knee real0:(419.197,925.205), cal0:(419.733,923.256)
right knee real1:(247.158,1020.02), cal1:(253.191,1049.35)

1.39521 6.4992 3.99634 0.0021568
left ankle real0:(566.313,1163.24), cal0:(541.687,1226.07)
left ankle real1:(484.188,1332.43), cal1:(480.821,1318.88)

4.43543 47.5805 30.761 0.00336485
right ankle real0:(413.701,1190.71), cal0:(418.572,1178.29)
right ankle real1:(270.898,1343.23), cal1:(277.562,1370.03)

1.08616 5.61642 3.30245 0.00216519
left heel real0:(553.243,1213.46), cal0:(529.536,1270.79)
left heel real1:(493.023,1383.24), cal1:(491.498,1377.3)

1.01379 15.536 9.64272 0.00437945
right heel real0:(386.554,1237.63), cal0:(395.109,1216.99)
right heel real1:(269.557,1391.82), cal1:(280.398,1433.97)

45846.8 160576 95800.6 0.00617573
left foot index real0:(625.504,1247.14), cal0:(619.453,1256.04)
left foot index real1:(457.604,1446.59), cal1:(471.941,1320.48)

28570.4 162756 95951.8 0.00831802
right foot index real0:(513.873,1266.37), cal0:(510.83,1268.1)
right foot index real1:(313.493,1461.35), cal1:(370.828,1414.74)

