camera0:
0.977247 0.176641 0.989506 0
0.967921 0.0991576 0.98235 0
0.972847 0.103964 0.979432 0
0.975917 0.108995 0.970174 0
0.930542 0.095844 0.993925 0
0.905519 0.09638 0.996184 0
0.886275 0.0979312 0.996236 0
0.942049 0.138042 0.971194 0
0.804525 0.121634 0.999069 0
0.964433 0.274187 0.98947 0
0.92463 0.271119 0.998517 0
0.945556 0.440379 0.954019 0.59375
0.509833 0.536365 0.998312 0
0.989565 0.828078 0.0626008 0
0.241559 1.029 0.917308 -111
0.976026 1.13187 0.0633158 -111
0.313523 1.39532 0.462403 -111
0.989871 1.21926 0.0739786 -111
0.321065 1.50793 0.384436 -111
0.980036 1.21053 0.0849753 -111
0.364172 1.47539 0.44212 -111
0.962305 1.18634 0.0787627 -111
0.363361 1.43293 0.398071 -111
0.849357 1.27246 0.0119013 -111
0.566485 1.32328 0.0157991 -111
0.852277 1.9455 0.00342081 -111
0.603303 2.02392 0.0110771 -111
0.832596 2.51907 0.000684037 -111
0.582982 2.56306 0.001829 -111
0.80644 2.62378 0.000429739 -111
0.540366 2.66089 0.0026189 -111
0.928923 2.69243 0.00432639 -111
0.734442 2.71388 0.00504178 -111
camera1:
0.376298 0.162975 0.98701 0
0.415188 0.0556921 0.978864 0
0.448061 0.0543078 0.978865 0
0.475264 0.0559282 0.983855 0
0.351854 0.0655063 0.969624 0
0.334736 0.0722765 0.96392 0
0.329885 0.0792508 0.963687 0
0.543664 0.0775351 0.987835 0
0.316244 0.107644 0.96983 0
0.43549 0.241513 0.997146 0
0.358889 0.260359 0.995241 0
0.750067 0.460693 0.998896 0
0.181302 0.519986 0.997077 0.527
0.945667 0.885607 0.847352 0
0.0602068 0.944857 0.38252 3.9255
1.01603 1.37732 0.0913149 -111
-0.0318675 1.20396 0.0592461 -111
1.06421 1.5152 0.0619479 -111
-0.0829425 1.29465 0.0466568 -111
1.00377 1.52202 0.0874868 -111
-0.0580949 1.28684 0.0626919 -111
0.974881 1.47228 0.0972323 -111
-0.0272139 1.2615 0.0802414 -111
0.692904 1.34382 0.0107239 -111
0.342036 1.36167 0.00931242 -111
0.728458 2.10879 0.00206817 -111
0.409278 2.12052 0.00162636 -111
0.746152 2.78902 0.000765013 -111
0.424494 2.79704 0.000699999 -111
0.763174 2.89494 0.000763313 -111
0.421756 2.89707 0.00093121 -111
0.693317 3.01355 0.00054266 -111
0.462009 3.03789 0.000529531 -111
fused:
201850 -178843 545969 0.989506
nose real0:(625.438,84.7877), cal0:(554.056,51.8319)
nose real1:(240.831,78.2281), cal1:(322.264,109.239)

182043 -189903 470948 0.98235
left eye (inner) real0:(619.469,47.5957), cal0:(564.171,6.35809)
left eye (inner) real1:(265.721,26.7322), cal1:(328.058,69.1196)

177527 -175160 436155 0.979432
left eye real0:(622.622,49.9028), cal0:(576.475,7.34108)
left eye real1:(286.759,26.0677), cal1:(338.581,70.6648)

170298 -161077 403140 0.983855
left eye (outer) real0:(624.587,52.3178), cal0:(585.727,8.56991)
left eye (outer) real1:(304.169,26.8455), cal1:(346.439,72.2429)

170859 -205764 515756 0.993925
right eye (inner) real0:(595.547,46.0051), cal0:(530.968,8.92997)
right eye (inner) real1:(225.186,31.443), cal1:(299.304,69.5563)

159480 -204950 518867 0.996184
right eye real0:(579.532,46.2624), cal0:(516.6,11.3108)
right eye real1:(214.231,34.6927), cal1:(286.614,70.9025)

149998 -200372 512362 0.996236
right eye (outer) real0:(567.216,47.007), cal0:(507.827,13.6664)
right eye (outer) real1:(211.127,38.0404), cal1:(278.818,72.559)

76089.5 -65456.5 173977 0.987835
left ear real0:(602.911,66.2599), cal0:(594.694,22.5842)
left ear real1:(347.945,37.2169), cal1:(354.834,84.9586)

109358 -171058 465224 0.999069
right ear real0:(514.896,58.3845), cal0:(473.167,27.7215)
right ear real1:(202.396,51.6691), cal1:(247.509,83.7041)

193180 -125084 494344 0.997146
mouth (left) real0:(617.237,131.61), cal0:(566.715,96.6289)
mouth (left) real1:(278.714,115.926), cal1:(336.105,149.906)

182329 -138548 560783 0.998517
mouth (right) real0:(591.763,130.137), cal0:(527.276,100.216)
mouth (right) real1:(229.689,124.972), cal1:(301.727,152.684)

1.20778 -0.21459 2.66153 0.998896
left shoulder real0:(605.156,211.382), cal0:(604.57,200.242)
left shoulder real1:(480.043,221.133), cal1:(481.186,232.423)

-0.26342 -0.865483 21.9657 0.998312
right shoulder real0:(326.293,257.455), cal0:(324.743,225.017)
right shoulder real1:(116.033,249.593), cal1:(119.141,279.869)

0.734291 0.435336 1.46984 0.847352
left elbow real0:(633.322,397.477), cal0:(632.073,426.697)
left elbow real1:(605.227,425.092), cal1:(605.204,424.919)

-0.730503 0.911416 2.50227 0.917308
right elbow real0:(154.598,493.92), cal0:(156.564,467.597)
right elbow real1:(38.5324,453.532), cal1:(55.1851,572.996)

0.589769 0.805612 1.26054 0.0913149
left wrist real0:(624.657,543.298), cal0:(613.026,632.786)
left wrist real1:(650.256,661.112), cal1:(643.359,617.147)

-1.49983 4.78072 6.91182 0.462403
right wrist real0:(200.654,669.753), cal0:(201.585,664.382)
right wrist real1:(-20.3952,577.898), cal1:(21.9589,825.52)

0.580884 0.799688 1.19316 0.0739786
left pinky real0:(633.517,585.243), cal0:(624.428,651.495)
left pinky real1:(681.096,727.295), cal1:(665.67,630.41)

-3.37726 12.6462 16.185 0.384436
right pinky real0:(205.482,723.808), cal0:(206.589,718.282)
right pinky real1:(-53.0832,621.431), cal1:(-2.84595,900.463)

0.648535 0.952366 1.37544 0.0874868
left index real0:(627.223,581.054), cal0:(615.215,664.825)
left index real1:(642.413,730.569), cal1:(629.514,650.554)

-9894.98 45848.3 60845.8 0.44212
right index real0:(233.07,708.189), cal0:(234.249,701.55)
right index real1:(-37.1807,617.685), cal1:(9.85118,868.797)

0.639396 0.964417 1.4154 0.0972323
left thumb real0:(615.875,569.442), cal0:(603.339,658.194)
left thumb real1:(623.924,706.694), cal1:(614.513,648.072)

-5.2888 23.2111 32.6623 0.398071
right thumb real0:(232.551,687.807), cal0:(234.67,675.781)
right thumb real1:(-17.4169,605.519), cal1:(21.6939,832.929)

1.18146 2.05039 3.3625 0.0119013
left hip real0:(543.589,610.781), cal0:(543.035,615.166)
left hip real1:(443.458,645.036), cal1:(442.645,639.813)

0.341958 3.78265 6.18602 0.0157991
right hip real0:(362.551,635.175), cal0:(365.158,616.19)
right hip real1:(218.903,653.6), cal1:(226.397,700.658)

1.31001 4.30654 3.72842 0.00342081
left knee real0:(545.457,933.841), cal0:(543.031,942.871)
left knee real1:(466.213,1012.22), cal1:(461.756,990.318)

0.497182 6.51557 5.43692 0.0110771
right knee real0:(386.114,971.483), cal0:(386.885,968.914)
right knee real1:(261.938,1017.85), cal1:(282.161,1112.02)

1.17745 5.92166 3.6414 0.000765013
left ankle real0:(532.861,1209.15), cal0:(526.206,1226.02)
left ankle real1:(477.537,1338.73), cal1:(474.805,1327.78)

0.432328 8.56816 5.34365 0.001829
right ankle real0:(373.109,1230.27), cal0:(380.553,1212.33)
right ankle real1:(271.676,1342.58), cal1:(294.74,1432.16)

0.878002 4.98984 2.93567 0.000763313
left heel real0:(516.122,1259.42), cal0:(511.625,1270.21)
left heel real1:(488.431,1389.57), cal1:(487.729,1386.85)

0.140985 6.17156 3.68021 0.0026189
right heel real0:(345.834,1277.23), cal0:(354.963,1256.53)
right heel real1:(269.924,1390.59), cal1:(301.065,1506.97)

22590.8 90159.8 51858.9 0.00432639
left foot index real0:(594.511,1292.37), cal0:(593.654,1293.55)
left foot index real1:(443.723,1446.5), cal1:(452.271,1382.82)

11565 88250.4 50346.5 0.00504178
right foot index real0:(470.043,1302.66), cal0:(469.949,1302.14)
right foot index real1:(295.686,1458.19), cal1:(331.328,1492.12)

