camera0:
0.960978 0.17131 0.989631 0
0.961354 0.0992127 0.982174 0
0.970415 0.104074 0.979565 0
0.974616 0.109088 0.969729 0
0.919383 0.0950092 0.993684 0
0.900327 0.0954648 0.996092 0
0.871213 0.0952559 0.996032 0
0.943801 0.138272 0.971487 0
0.790029 0.120387 0.999061 0
0.958397 0.267304 0.989885 0
0.917311 0.266193 0.998561 0
0.948682 0.460004 0.954748 0.592
0.512808 0.533141 0.998355 0
0.991808 0.856937 0.0652274 0
0.260219 0.943039 0.91395 0
0.973951 1.16885 0.0628085 -111
0.304182 1.37269 0.459639 -111
0.98743 1.26157 0.0738503 -111
0.305752 1.4837 0.382891 -111
0.977242 1.25627 0.0847543 -111
0.349171 1.45534 0.439884 -111
0.957964 1.22718 0.078799 -111
0.351321 1.41437 0.398016 -111
0.848194 1.28944 0.0116612 -111
0.559468 1.32329 0.0152058 -111
0.847356 1.97263 0.00333812 -111
0.591302 2.03722 0.010414 -111
0.827217 2.56177 0.000669622 -111
0.572237 2.59468 0.00170072 -111
0.801643 2.66816 0.000406454 -111
0.530576 2.69513 0.00244006 -111
0.915538 2.73566 0.00422214 -111
0.721736 2.74905 0.00473089 -111
camera1:
0.376184 0.161968 0.987664 0
0.415554 0.0555241 0.980192 0
0.448735 0.054303 0.980213 0
0.476294 0.0560215 0.984955 0
0.351878 0.0636609 0.971357 0
0.33487 0.0703563 0.965777 0
0.322613 0.0773448 0.965463 0
0.54417 0.0776893 0.988707 0
0.316126 0.107767 0.97127 0
0.435436 0.241117 0.997335 0
0.358506 0.258404 0.995497 0
0.749722 0.45774 0.99895 0
0.184103 0.516332 0.99708 0.52725
0.94701 0.885451 0.849702 0
0.0604193 0.925854 0.363353 0
1.02395 1.3711 0.095847 -111
-0.0362539 1.16767 0.0583211 -111
1.07499 1.50569 0.0655289 -111
-0.0891288 1.25238 0.0469773 -111
1.01704 1.5097 0.0924318 -111
-0.0655939 1.24145 0.0633037 -111
0.985321 1.4618 0.101955 -111
-0.0331733 1.21889 0.0813093 -111
0.693033 1.33627 0.0115332 -111
0.342254 1.35361 0.0097596 -111
0.727793 2.09965 0.0019453 -111
0.407319 2.10938 0.0014981 -111
0.743918 2.78214 0.000691585 -111
0.420757 2.78616 0.000631185 -111
0.760806 2.88756 0.000688934 -111
0.418147 2.8852 0.000840902 -111
0.689475 3.00574 0.00049002 -111
0.459114 3.02578 0.000478133 -111
fused:
189572 -174032 527530 0.989631
nose real0:(615.026,82.2288), cal0:(547.837,50.4316)
nose real1:(240.758,77.7447), cal1:(316.761,107.758)

175283 -184809 458382 0.982174
left eye (inner) real0:(615.266,47.6221), cal0:(561.677,6.39359)
left eye (inner) real1:(265.955,26.6516), cal1:(325.924,69.0121)

172991 -171217 426377 0.980213
left eye real0:(621.066,49.9554), cal0:(575.692,7.36354)
left eye real1:(287.191,26.0654), cal1:(337.921,70.6419)

166291 -157425 394011 0.984955
left eye (outer) real0:(623.754,52.3622), cal0:(585.499,8.57613)
left eye (outer) real1:(304.828,26.8903), cal1:(346.248,72.2361)

161948 -199848 499848 0.993684
right eye (inner) real0:(588.405,45.6044), cal0:(526.592,8.41294)
right eye (inner) real1:(225.202,30.5572), cal1:(295.384,68.8416)

153920 -200589 506418 0.996092
right eye real0:(576.209,45.8231), cal0:(514.544,10.65)
right eye real1:(214.317,33.771), cal1:(284.719,70.1856)

139744 -196423 500182 0.996032
right eye (outer) real0:(557.576,45.7228), cal0:(499.793,12.6884)
right eye (outer) real1:(206.472,37.1255), cal1:(271.422,71.2135)

77829.3 -66732.1 177405 0.988707
left ear real0:(604.033,66.3705), cal0:(595.509,22.6318)
left ear real1:(348.269,37.2909), cal1:(355.513,85.0382)

99953.6 -162440 441569 0.999061
right ear real0:(505.619,57.7857), cal0:(467.937,27.6124)
right ear real1:(202.32,51.7284), cal1:(242.543,83.3369)

186335 -123257 481379 0.997335
mouth (left) real0:(613.374,128.306), cal0:(564.496,94.815)
mouth (left) real1:(278.679,115.736), cal1:(334.078,148.238)

175160 -136545 546558 0.998561
mouth (right) real0:(587.079,127.773), cal0:(524.479,98.554)
mouth (right) real1:(229.444,124.034), cal1:(299.111,151.115)

1.23161 -0.198432 2.69666 0.99895
left shoulder real0:(607.157,220.802), cal0:(606.327,204.474)
left shoulder real1:(479.822,219.715), cal1:(481.509,236.282)

-0.198006 -0.937416 22.3506 0.998355
right shoulder real0:(328.197,255.908), cal0:(326.626,223.491)
right shoulder real1:(117.826,247.839), cal1:(120.931,278.144)

0.741461 0.437156 1.47428 0.849702
left elbow real0:(634.757,411.33), cal0:(634.091,426.903)
left elbow real1:(606.087,425.016), cal1:(606.074,424.917)

-0.772117 0.876236 2.82132 0.91395
right elbow real0:(166.54,452.659), cal0:(167.535,435.349)
right elbow real1:(38.6684,444.41), cal1:(50.4375,532.186)

0.574046 0.799968 1.22797 0.095847
left wrist real0:(623.329,561.048), cal0:(612.791,640.213)
left wrist real1:(655.327,658.128), cal1:(649.847,623.428)

-1.41682 4.20444 6.24177 0.459639
right wrist real0:(194.676,658.89), cal0:(195.581,653.519)
right wrist real1:(-23.2025,560.482), cal1:(19.5584,812.93)

0.557303 0.799045 1.1495 0.0738503
left pinky real0:(631.955,605.554), cal0:(623.213,666.458)
left pinky real1:(687.997,722.731), cal1:(675.244,643.658)

-2.53415 8.5795 11.2662 0.382891
right pinky real0:(195.681,712.175), cal0:(196.815,706.365)
right pinky real1:(-57.0424,601.145), cal1:(-5.96136,887.583)

0.615339 0.933926 1.30899 0.0924318
left index real0:(625.435,603.01), cal0:(614.359,677.482)
left index real1:(650.906,724.654), cal1:(640.598,661.396)

-9.54707 39.4285 53.5275 0.439884
right index real0:(223.469,698.562), cal0:(224.797,691.385)
right index real1:(-41.9801,595.898), cal1:(3.99361,858.773)

0.609281 0.942737 1.35605 0.101955
left thumb real0:(613.097,589.044), cal0:(601.875,666.508)
left thumb real1:(630.605,701.666), cal1:(623.086,655.165)

-3.40626 13.5473 19.5108 0.398016
right thumb real0:(224.845,678.897), cal0:(227.064,665.991)
right thumb real1:(-21.2309,585.066), cal1:(19.2393,822.322)

1.16977 2.04562 3.3301 0.0116612
left hip real0:(542.844,618.93), cal0:(542.979,617.872)
left hip real1:(443.541,641.408), cal1:(443.704,642.454)

0.277176 3.45383 5.70505 0.0152058
right hip real0:(358.059,635.179), cal0:(361.136,612.534)
right hip real1:(219.042,649.732), cal1:(226.552,697.024)

1.25563 4.20531 3.60208 0.00333812
left knee real0:(542.308,946.862), cal0:(541.365,950.329)
left knee real1:(465.787,1007.83), cal1:(463.94,998.806)

0.372188 5.70507 4.72086 0.010414
right knee real0:(378.433,977.864), cal0:(379.312,974.977)
right knee real1:(260.684,1012.5), cal1:(284.382,1122.14)

1.21555 6.07778 3.715 0.000691585
left ankle real0:(529.419,1229.65), cal0:(528.519,1231.92)
left ankle real1:(476.107,1335.43), cal1:(475.675,1333.7)

0.341486 7.68893 4.73769 0.00170072
right ankle real0:(366.231,1245.45), cal0:(375.25,1224.05)
right ankle real1:(269.285,1337.36), cal1:(298.639,1450.27)

0.939761 5.22225 3.06372 0.000688934
left heel real0:(513.052,1280.72), cal0:(516.225,1273.1)
left heel real1:(486.916,1386.03), cal1:(487.461,1388.14)

0.103132 5.73743 3.37708 0.00244006
right heel real0:(339.569,1293.66), cal0:(350.295,1269.73)
right heel real1:(267.614,1384.89), cal1:(306.096,1527.19)

16384.2 68767.3 38809.6 0.00422214
left foot index real0:(585.944,1313.12), cal0:(585.572,1313.59)
left foot index real1:(441.264,1442.76), cal1:(446.691,1412.86)

7927.18 65092.8 36563.8 0.00473089
right foot index real0:(461.911,1319.55), cal0:(462.196,1318.6)
right foot index real1:(293.833,1452.38), cal1:(324.355,1520.54)

