camera0:
0.982892 0.185618 0.991954 0
0.968726 0.110716 0.986945 0
0.972803 0.114862 0.984421 0
0.974448 0.118026 0.977819 0
0.932166 0.107832 0.995754 0
0.908442 0.109722 0.997288 0
0.888854 0.112412 0.997463 0
0.933972 0.141147 0.977617 0
0.809844 0.140826 0.999271 0
0.979387 0.274736 0.990803 0
0.942944 0.27976 0.998646 0
0.953173 0.439754 0.949788 0.60125
0.522583 0.549478 0.998066 0
1.04665 0.790723 0.0729189 -111
0.282248 0.930383 0.92639 0
0.992948 1.06352 0.0708821 -111
0.44443 1.38617 0.527417 -111
0.994541 1.15505 0.0780233 -111
0.47345 1.50909 0.443632 -111
0.976524 1.1321 0.0873883 -111
0.52316 1.45525 0.495973 -111
0.966242 1.10689 0.0838211 -111
0.511252 1.40755 0.448182 -111
0.88554 1.25758 0.0193019 -111
0.604959 1.32971 0.026653 -111
0.895025 1.86412 0.00503683 -111
0.661078 1.94118 0.0190242 -111
0.892354 2.43939 0.00113946 -111
0.652341 2.48671 0.00354602 -111
0.871505 2.54372 0.000828033 -111
0.611514 2.58402 0.00459206 -111
0.986982 2.61424 0.00625734 -111
0.809261 2.64112 0.00862912 -111
camera1:
0.390721 0.158057 0.984423 0
0.421014 0.0477175 0.972023 0
0.456275 0.0442132 0.972026 0
0.482615 0.0466978 0.977326 0
0.354052 0.0570993 0.961636 0
0.335011 0.0681483 0.957174 0
0.315773 0.0795188 0.957245 0
0.543739 0.0693199 0.983279 0
0.308773 0.106971 0.967394 0
0.454846 0.239999 0.99615 0
0.369793 0.261429 0.994072 0
0.749825 0.456741 0.998527 0
0.179585 0.523875 0.997349 0.52575
0.939776 0.870394 0.846428 0
-0.0365896 0.958889 0.580717 -111
1.01467 1.3514 0.0933021 -111
-0.166307 1.25322 0.102366 -111
1.0602 1.4913 0.0624236 -111
-0.22753 1.35301 0.0724285 -111
1.00524 1.49673 0.0838472 -111
-0.193147 1.34825 0.0919698 -111
0.978562 1.44492 0.0986839 -111
-0.162163 1.32077 0.115541 -111
0.690479 1.34017 0.0134826 -111
0.326439 1.36498 0.0132675 -111
0.728148 2.09962 0.00540907 -111
0.389252 2.12159 0.0046352 -111
0.758592 2.76937 0.00239471 -111
0.423515 2.79093 0.00220962 -111
0.773221 2.87707 0.00240465 -111
0.42125 2.89413 0.00291868 -111
0.716082 3.00025 0.00169846 -111
0.489895 3.03481 0.00165667 -111
fused:
186436 -158817 488406 0.991954
nose real0:(629.051,89.0965), cal0:(561.274,53.2716)
nose real1:(250.062,75.8674), cal1:(328.597,110.78)

166064 -169936 424610 0.986945
left eye (inner) real0:(619.985,53.1437), cal0:(566.905,8.17208)
left eye (inner) real1:(269.449,22.9044), cal1:(330.511,70.8756)

159937 -155062 388091 0.984421
left eye real0:(622.594,55.1337), cal0:(579.53,8.57266)
left eye real1:(292.016,21.2223), cal1:(341.238,71.9132)

151901 -141790 356397 0.977819
left eye (outer) real0:(623.647,56.6523), cal0:(588.001,9.59919)
left eye (outer) real1:(308.874,22.4149), cal1:(348.406,73.2648)

157192 -186194 470055 0.995754
right eye (inner) real0:(596.586,51.7593), cal0:(532.851,10.6397)
right eye (inner) real1:(226.593,27.4077), cal1:(301.078,71.2025)

147701 -185867 476424 0.997288
right eye real0:(581.403,52.6664), cal0:(518.196,14.2349)
right eye real1:(214.407,32.7112), cal1:(288.229,73.6483)

139466 -186359 485041 0.997463
right eye (outer) real0:(568.867,53.9579), cal0:(504.688,17.7898)
right eye (outer) real1:(202.095,38.169), cal1:(276.208,76.16)

28960 -25252.1 66984.5 0.983279
left ear real0:(597.742,67.7504), cal0:(591.681,22.1352)
left ear real1:(347.993,33.2735), cal1:(352.304,84.4242)

103160 -158458 440635 0.999271
right ear real0:(518.3,67.5964), cal0:(472.598,32.5748)
right ear real1:(197.615,51.3459), cal1:(247.252,88.2129)

180654 -111246 439518 0.99615
mouth (left) real0:(626.807,131.873), cal0:(578.878,96.5815)
mouth (left) real1:(291.101,115.2), cal1:(346.483,150.023)

175706 -124653 513006 0.998646
mouth (right) real0:(603.484,134.285), cal0:(537.712,102.667)
mouth (right) real1:(236.667,125.486), cal1:(311.186,155.057)

1.2734 -0.228337 2.75741 0.998527
left shoulder real0:(610.031,211.082), cal0:(609.386,198.93)
left shoulder real1:(479.888,219.236), cal1:(481.126,231.479)

0.0919227 -2.05472 61.6222 0.998066
right shoulder real0:(334.453,263.75), cal0:(332.844,228.658)
right shoulder real1:(114.935,251.46), cal1:(118.321,284.265)

0.971793 0.493379 1.73577 0.846428
left elbow real0:(669.857,379.547), cal0:(668.293,419.522)
left elbow real1:(601.456,417.789), cal1:(601.415,417.463)

-1.78362 2.01476 7.14655 0.92639
right elbow real0:(180.639,446.584), cal0:(182.011,418.128)
right elbow real1:(-23.4173,460.267), cal1:(-15.7654,518.579)

0.635481 0.779148 1.30698 0.0933021
left wrist real0:(635.487,510.492), cal0:(624.051,606.97)
left wrist real1:(649.391,648.672), cal1:(640.573,591.125)

-23666.1 182191 268703 0.527417
right wrist real0:(284.435,665.363), cal0:(279.035,656.189)
right wrist real1:(-106.436,601.546), cal1:(67.313,790.534)

0.597905 0.757764 1.21409 0.0780233
left pinky real0:(636.506,554.423), cal0:(627.807,623.797)
left pinky real1:(678.527,715.825), cal1:(661.115,603.793)

-14185.6 193178 247872 0.443632
right pinky real0:(303.008,724.362), cal0:(297.567,717.072)
right pinky real1:(-145.619,649.445), cal1:(93.6552,858.492)

0.635474 0.866845 1.35657 0.0873883
left index real0:(624.975,543.407), cal0:(613.371,632.725)
left index real1:(643.352,718.43), cal1:(627.829,619.48)

-2455.62 210607 286096 0.495973
right index real0:(334.822,698.521), cal0:(326.792,691.106)
right index real1:(-123.614,647.159), cal1:(128.351,813.473)

0.639704 0.893346 1.4049 0.0986839
left thumb real0:(618.395,531.31), cal0:(605.498,630.85)
left thumb real1:(626.28,693.56), cal1:(614.854,620.676)

-10467.5 238507 346200 0.448182
right thumb real0:(327.201,675.625), cal0:(313.784,662.734)
right thumb real1:(-103.784,633.969), cal1:(111.108,784.288)

1.72426 2.657 4.42539 0.0193019
left hip real0:(566.745,603.64), cal0:(566.024,609.528)
left hip real1:(441.907,643.284), cal1:(440.082,631.474)

1.62101 10.6053 17.0032 0.026653
right hip real0:(387.174,638.26), cal0:(389.222,623.545)
right hip real1:(208.921,655.19), cal1:(217.17,706.787)

1.81978 5.42392 4.74839 0.00540907
left knee real0:(572.816,894.779), cal0:(562.186,935.182)
left knee real1:(466.015,1007.82), cal1:(459.682,976.402)

20.7519 153.637 135.699 0.0190242
right knee real0:(423.09,931.766), cal0:(423.821,929.13)
right knee real1:(249.121,1018.36), cal1:(256.58,1054.49)

1.51977 6.87896 4.218 0.00239471
left ankle real0:(571.106,1170.91), cal0:(548.407,1228.82)
left ankle real1:(485.499,1329.3), cal1:(482.82,1318.52)

7.6846 78.2607 50.5616 0.00354602
right ankle real0:(417.498,1193.62), cal0:(423.255,1178.92)
right ankle real1:(271.05,1339.65), cal1:(278.165,1368.28)

1.17258 5.87581 3.44759 0.00240465
left heel real0:(557.763,1220.98), cal0:(536.278,1272.97)
left heel real1:(494.861,1380.99), cal1:(493.584,1376.02)

1.33285 18.723 11.6166 0.00459206
right heel real0:(391.369,1240.33), cal0:(400.877,1217.33)
right heel real1:(269.6,1389.18), cal1:(280.39,1431.19)

49691.9 172328 101966 0.00625734
left foot index real0:(631.669,1254.83), cal0:(624.722,1264.39)
left foot index real1:(458.293,1440.12), cal1:(477.323,1326.57)

30830.1 172410 101501 0.00862912
right foot index real0:(517.927,1267.74), cal0:(514.426,1269.53)
right foot index real1:(313.533,1456.71), cal1:(374.557,1413.7)

