camera0:
0.981281 0.185678 0.992747 0
0.968395 0.110769 0.988352 0
0.972597 0.11485 0.985995 0
0.974325 0.11795 0.980011 0
0.931787 0.107901 0.99628 0
0.908535 0.109745 0.997626 0
0.888754 0.112338 0.997805 0
0.934036 0.140917 0.979933 0
0.809859 0.140317 0.999362 0
0.977518 0.271964 0.99129 0
0.935026 0.279675 0.998719 0
0.952338 0.440395 0.950393 0.59575
0.523618 0.550387 0.99812 0
1.04696 0.790747 0.074652 -111
0.30104 1.05338 0.928308 -111
0.994408 1.06158 0.0738259 -111
0.443719 1.38973 0.542704 -111
0.996291 1.15377 0.0809177 -111
0.469238 1.51148 0.458645 -111
0.978804 1.13058 0.0904094 -111
0.518504 1.45765 0.511205 -111
0.968001 1.10519 0.0869985 -111
0.508728 1.41029 0.463704 -111
0.883233 1.25658 0.020617 -111
0.605251 1.32788 0.0285278 -111
0.894149 1.84111 0.00508923 -111
0.661775 1.91936 0.0199759 -111
0.892367 2.40542 0.00116399 -111
0.653808 2.44962 0.00374338 -111
0.87148 2.509 0.000880755 -111
0.612022 2.54646 0.0047951 -111
0.987534 2.58208 0.00633149 -111
0.811223 2.60554 0.00900017 -111
camera1:
0.384849 0.158613 0.983485 0
0.419085 0.048698 0.970465 0
0.453164 0.0446915 0.970415 0
0.480788 0.0471665 0.976098 0
0.352075 0.0560107 0.95941 0
0.333266 0.0672218 0.954541 0
0.313167 0.0785376 0.954663 0
0.54365 0.0692434 0.982411 0
0.308881 0.107358 0.965264 0
0.44866 0.24041 0.995916 0
0.36816 0.261591 0.993689 0
0.751559 0.456541 0.998456 0
0.179134 0.516696 0.997193 0.526
0.944772 0.878729 0.846725 0
-0.0192275 0.953905 0.576363 -111
1.01403 1.36819 0.0974083 -111
-0.126452 1.25304 0.106303 -111
1.05895 1.50857 0.0656609 -111
-0.180165 1.35346 0.0758888 -111
1.00347 1.51501 0.0876113 -111
-0.148711 1.34756 0.095848 -111
0.977091 1.46138 0.103293 -111
-0.11856 1.31916 0.120046 -111
0.690529 1.33856 0.0138009 -111
0.326543 1.35859 0.0136141 -111
0.725628 2.09928 0.00593648 -111
0.388571 2.11528 0.00510636 -111
0.749573 2.76885 0.00265756 -111
0.417881 2.7859 0.00245327 -111
0.763353 2.87555 0.00266954 -111
0.415628 2.88937 0.00323903 -111
0.705169 3.00039 0.00188498 -111
0.47793 3.03052 0.00183863 -111
fused:
184967 -159084 489681 0.992747
nose real0:(628.02,89.1254), cal0:(558.874,53.453)
nose real1:(246.303,76.1342), cal1:(326.539,110.861)

165288 -169276 423625 0.988352
left eye (inner) real0:(619.773,53.169), cal0:(566.352,8.54924)
left eye (inner) real1:(268.215,23.3751), cal1:(330.063,71.179)

159723 -155261 388992 0.985995
left eye real0:(622.462,55.1282), cal0:(578.627,8.82124)
left eye real1:(290.025,21.4519), cal1:(340.493,72.0832)

151615 -141642 356404 0.980011
left eye (outer) real0:(623.568,56.6159), cal0:(587.514,9.85252)
left eye (outer) real1:(307.704,22.6399), cal1:(348.016,73.4609)

156135 -185550 468209 0.99628
right eye (inner) real0:(596.343,51.7925), cal0:(532.287,10.5286)
right eye (inner) real1:(225.328,26.8852), cal1:(300.572,71.071)

146921 -185245 474646 0.997626
right eye real0:(581.462,52.6776), cal0:(517.907,14.1442)
right eye real1:(213.291,32.2664), cal1:(287.963,73.55)

138614 -186020 483863 0.997805
right eye (outer) real0:(568.803,53.922), cal0:(504.051,17.6492)
right eye (outer) real1:(200.427,37.698), cal1:(275.617,75.9969)

31226.1 -27216.5 72221.8 0.982411
left ear real0:(597.783,67.6402), cal0:(591.696,22.2181)
left ear real1:(347.936,33.2368), cal1:(352.322,84.4976)

102562 -157332 437582 0.999362
right ear real0:(518.31,67.3519), cal0:(472.757,32.6127)
right ear real1:(197.684,51.532), cal1:(247.405,88.2561)

179783 -112412 442184 0.995916
mouth (left) real0:(625.612,130.543), cal0:(576.206,95.9149)
mouth (left) real1:(287.142,115.397), cal1:(344.17,149.389)

170529 -122967 506421 0.998719
mouth (right) real0:(598.417,134.244), cal0:(534.245,102.769)
mouth (right) real1:(235.622,125.564), cal1:(308.114,155.114)

1.25203 -0.224067 2.71643 0.998456
left shoulder real0:(609.496,211.39), cal0:(608.846,199.124)
left shoulder real1:(480.998,219.14), cal1:(482.249,231.514)

0.167364 -2.49919 69.6849 0.99812
right shoulder real0:(335.116,264.186), cal0:(333.391,227.143)
right shoulder real1:(114.646,248.014), cal1:(118.217,282.681)

0.954353 0.498199 1.70501 0.846725
left elbow real0:(670.055,379.559), cal0:(668.216,424.303)
left elbow real1:(604.654,421.79), cal1:(604.605,421.408)

-1.69762 2.5844 7.50268 0.928308
right elbow real0:(192.665,505.622), cal0:(196.014,455.715)
right elbow real1:(-12.3056,457.874), cal1:(1.95308,561.922)

0.63988 0.7953 1.31592 0.0974083
left wrist real0:(636.421,509.558), cal0:(624.076,611.915)
left wrist real1:(648.981,656.733), cal1:(639.644,596.053)

-21823.7 170859 251065 0.542704
right wrist real0:(283.98,667.073), cal0:(279.727,657.69)
right wrist real1:(-80.9291,601.461), cal1:(68.2649,792.118)

0.604557 0.773498 1.22592 0.0809177
left pinky real0:(637.626,553.809), cal0:(628.212,627.89)
left pinky real1:(677.731,724.113), cal1:(659.612,607.939)

-14046.6 182576 233809 0.458645
right pinky real0:(300.313,725.509), cal0:(295.856,717.995)
right pinky real1:(-115.306,649.661), cal1:(91.5446,860.443)

0.645072 0.889081 1.37433 0.0904094
left index real0:(626.434,542.677), cal0:(613.93,637.486)
left index real1:(642.219,727.203), cal1:(626.021,624.363)

-3167.06 200580 271902 0.511205
right index real0:(331.843,699.67), cal0:(324.95,692.039)
right index real1:(-95.1752,646.831), cal1:(126.176,815.39)

0.646617 0.91415 1.41925 0.103293
left thumb real0:(619.521,530.491), cal0:(605.658,635.795)
left thumb real1:(625.338,701.463), cal1:(613.42,625.757)

-9563.63 225546 326489 0.463704
right thumb real0:(325.586,676.939), cal0:(314.35,663.872)
right thumb real1:(-75.8781,633.197), cal1:(111.857,785.446)

1.68156 2.60009 4.34207 0.020617
left hip real0:(565.269,603.156), cal0:(564.606,608.576)
left hip real1:(441.939,642.507), cal1:(440.112,630.675)

1.59508 10.4053 16.6985 0.0285278
right hip real0:(387.361,637.383), cal0:(389.334,623.189)
right hip real1:(208.987,652.121), cal1:(217.643,706.284)

1.77346 5.33575 4.68594 0.00593648
left knee real0:(572.255,883.731), cal0:(559.316,933.023)
left knee real1:(464.402,1007.65), cal1:(457.868,975.201)

85.3648 620.604 556.335 0.0199759
right knee real0:(423.536,921.292), cal0:(424.13,919.11)
right knee real1:(248.686,1015.33), cal1:(254.263,1042.56)

1.50598 6.94957 4.27699 0.00265756
left ankle real0:(571.115,1154.6), cal0:(543.485,1225.22)
left ankle real1:(479.727,1329.05), cal1:(476.969,1317.94)

19.2751 196.153 128.463 0.00374338
right ankle real0:(418.437,1175.82), cal0:(422.089,1166.36)
right ankle real1:(267.444,1337.23), cal1:(271.557,1353.93)

1.1627 5.94535 3.5038 0.00266954
left heel real0:(557.747,1204.32), cal0:(531.305,1268.47)
left heel real1:(488.546,1380.26), cal1:(487.105,1374.64)

1.47733 21.0233 13.2229 0.0047951
right heel real0:(391.694,1222.3), cal0:(399.068,1204.21)
right heel real1:(266.002,1386.9), cal1:(273.467,1416.21)

54799.9 189087 113246 0.00633149
left foot index real0:(632.022,1239.4), cal0:(622.658,1252.16)
left foot index real1:(451.308,1440.19), cal1:(474.4,1313.82)

33796.2 186063 111277 0.00900017
right foot index real0:(519.182,1250.66), cal0:(514.408,1253.59)
right foot index real1:(305.875,1454.65), cal1:(373.205,1393.8)

