camera0:
0.980765 0.216563 0.990423 0
0.967686 0.114813 0.984178 0
0.972085 0.119834 0.981231 0
0.974444 0.123684 0.9731 0
0.929765 0.1099 0.994838 0
0.904212 0.111087 0.996719 0
0.88593 0.113114 0.996925 0
0.934988 0.144178 0.972765 0
0.808407 0.140735 0.999166 0
0.974715 0.284338 0.989497 0
0.927907 0.282464 0.998524 0
0.95218 0.437032 0.948826 0.59725
0.521424 0.540902 0.998132 0
1.04939 0.794081 0.0610619 -111
0.281864 0.917356 0.924173 0
0.996223 1.05239 0.060806 -111
0.413058 1.39035 0.507164 -111
0.996251 1.14679 0.0697075 -111
0.432458 1.51902 0.424866 -111
0.977395 1.1168 0.0794081 -111
0.488586 1.46812 0.480676 -111
0.965777 1.08958 0.0748594 -111
0.482698 1.41725 0.431775 -111
0.88131 1.26037 0.0148354 -111
0.596451 1.31821 0.0205794 -111
0.884621 1.87198 0.00406307 -111
0.654802 1.92007 0.0147975 -111
0.877033 2.42633 0.000879267 -111
0.645228 2.4491 0.00267559 -111
0.856913 2.52882 0.000613387 -111
0.604485 2.54492 0.00361982 -111
0.96475 2.60859 0.00513363 -111
0.794073 2.60757 0.00688754 -111
camera1:
0.374936 0.157685 0.985905 0
0.412071 0.0447839 0.9758 0
0.446912 0.0432636 0.975715 0
0.474702 0.0454709 0.980684 0
0.342884 0.0618277 0.966179 0
0.324048 0.0640296 0.961323 0
0.302709 0.0750581 0.961339 0
0.544345 0.0706303 0.985642 0
0.305187 0.105923 0.969485 0
0.441637 0.241941 0.996642 0
0.360929 0.261389 0.994706 0
0.752232 0.459307 0.998669 0
0.176234 0.523685 0.997186 0.52525
0.943807 0.890131 0.839145 0
0.0486646 0.975486 0.493569 0
1.01632 1.38919 0.0839382 -111
-0.0219721 1.27498 0.0761651 -111
1.06495 1.52839 0.0557204 -111
-0.0649833 1.37855 0.0554023 -111
1.00509 1.53928 0.0772938 -111
-0.0347867 1.36941 0.0722893 -111
0.975636 1.48917 0.0902711 -111
-0.00670167 1.33821 0.0922005 -111
0.691082 1.34193 0.0110153 -111
0.333547 1.36488 0.0103538 -111
0.730961 2.10987 0.00338383 -111
0.404381 2.12818 0.00282727 -111
0.752704 2.78923 0.0014205 -111
0.427559 2.8028 0.00130806 -111
0.771278 2.8961 0.00142431 -111
0.425185 2.90466 0.0017312 -111
0.695907 3.02288 0.00100782 -111
0.476193 3.05182 0.000983256 -111
fused:
181610 -152863 489859 0.990423
nose real0:(627.69,103.95), cal0:(554.675,61.1565)
nose real1:(239.959,75.689), cal1:(323.401,117.653)

161643 -168074 420044 0.984178
left eye (inner) real0:(619.319,55.1105), cal0:(563.136,8.22205)
left eye (inner) real1:(263.725,21.4963), cal1:(327.292,70.7134)

156985 -154063 386716 0.981231
left eye real0:(622.134,57.5204), cal0:(575.824,9.27223)
left eye real1:(286.024,20.7666), cal1:(338.157,72.3295)

149938 -141173 355935 0.980684
left eye (outer) real0:(623.644,59.3683), cal0:(585.02,10.331)
left eye (outer) real1:(303.809,21.826), cal1:(345.963,73.7487)

151974 -183462 465857 0.994838
right eye (inner) real0:(595.049,52.7521), cal0:(527.932,12.0187)
right eye (inner) real1:(219.446,29.6773), cal1:(296.799,72.1745)

141162 -183606 469132 0.996719
right eye real0:(578.695,53.3219), cal0:(512.718,13.4867)
right eye real1:(207.39,30.7342), cal1:(283.242,72.6662)

133472 -185176 479844 0.996925
right eye (outer) real0:(566.995,54.2948), cal0:(499.055,16.7714)
right eye (outer) real1:(193.734,36.0279), cal1:(270.989,74.9209)

30998.1 -26888.5 71558.7 0.985642
left ear real0:(598.392,69.2055), cal0:(592.189,22.8736)
left ear real1:(348.381,33.9025), cal1:(352.775,85.0948)

99461.1 -154962 430232 0.999166
right ear real0:(517.381,67.5529), cal0:(470.833,32.2321)
right ear real1:(195.32,50.8432), cal1:(245.56,87.8071)

175912 -109127 439195 0.996642
mouth (left) real0:(623.818,136.482), cal0:(572.574,99.3699)
mouth (left) real1:(282.648,116.132), cal1:(341.304,152.45)

163547 -120485 498358 0.998524
mouth (right) real0:(593.86,135.583), cal0:(529.102,103.4)
mouth (right) real1:(230.995,125.467), cal1:(303.564,155.642)

1.24813 -0.224126 2.70821 0.998669
left shoulder real0:(609.395,209.775), cal0:(608.822,198.961)
left shoulder real1:(481.428,220.467), cal1:(482.528,231.338)

0.0299917 -3.07576 83.64 0.998132
right shoulder real0:(333.711,259.633), cal0:(332.163,226.596)
right shoulder real1:(112.79,251.369), cal1:(115.97,282.265)

0.970355 0.522148 1.7272 0.839145
left elbow real0:(671.607,381.159), cal0:(669.462,430.38)
left elbow real1:(604.036,427.263), cal1:(603.999,426.977)

-0.905083 1.04631 3.60875 0.924173
right elbow real0:(180.393,440.331), cal0:(181.275,422.944)
right elbow real1:(31.1453,468.233), cal1:(37.656,517.56)

0.635492 0.811133 1.31069 0.0839382
left wrist real0:(637.583,505.148), cal0:(623.229,620.622)
left wrist real1:(650.448,666.812), cal1:(640.774,604.426)

-14790.2 90402.9 131506 0.507164
right wrist real0:(264.357,667.367), cal0:(264.382,661.84)
right wrist real1:(-14.0621,611.991), cal1:(48.5988,803.867)

0.596491 0.765153 1.21164 0.0697075
left pinky real0:(637.601,550.459), cal0:(627.705,628.222)
left pinky real1:(681.569,733.626), cal1:(661.963,607.956)

-13464.1 114768 145006 0.424866
right pinky real0:(276.773,729.13), cal0:(276.166,724.359)
right pinky real1:(-41.5893,661.702), cal1:(66.6636,877.841)

0.636997 0.890836 1.36799 0.0794081
left index real0:(625.533,536.063), cal0:(611.69,640.059)
left index real1:(643.259,738.855), cal1:(625.635,627.244)

-6537.21 139054 185298 0.480676
right index real0:(312.695,704.698), cal0:(310.753,699.7)
right index real1:(-22.2635,657.316), cal1:(109.229,830.928)

0.638694 0.928579 1.42005 0.0902711
left thumb real0:(618.097,523), cal0:(602.154,641.686)
left thumb real1:(624.407,714.8), cal1:(611.358,632.365)

-9637.81 156324 222301 0.431775
right thumb real0:(308.927,680.279), cal0:(305.902,671.316)
right thumb real1:(-4.28907,642.34), cal1:(101.836,798.036)

1.63849 2.56565 4.25501 0.0148354
left hip real0:(564.039,604.977), cal0:(563.286,611.075)
left hip real1:(442.293,644.126), cal1:(440.62,633.318)

0.97768 7.00746 11.3701 0.0205794
right hip real0:(381.729,632.74), cal0:(383.606,619.088)
right hip real1:(213.47,655.14), cal1:(220.928,701.95)

1.68128 5.06803 4.46997 0.00406307
left knee real0:(566.158,898.55), cal0:(557.912,930.092)
left knee real1:(467.815,1012.74), cal1:(459.625,971.987)

3.4528 26.5342 23.7328 0.0147975
right knee real0:(419.073,921.636), cal0:(419.351,920.622)
right knee real1:(258.804,1021.52), cal1:(263.446,1044.14)

1.3704 6.4964 4.00024 0.0014205
left ankle real0:(561.301,1164.64), cal0:(537.758,1224.7)
left ankle real1:(481.73,1338.83), cal1:(477.055,1320.02)

3.04565 33.815 22.0475 0.00267559
right ankle real0:(412.946,1175.57), cal0:(414.938,1170.45)
right ankle real1:(273.638,1345.34), cal1:(277.638,1361.5)

1.01183 5.3806 3.16016 0.00142431
left heel real0:(548.424,1213.83), cal0:(524.303,1271.96)
left heel real1:(493.618,1390.13), cal1:(491.393,1381.49)

0.837298 13.5937 8.48913 0.00361982
right heel real0:(386.87,1221.56), cal0:(391.202,1211.06)
right heel real1:(272.118,1394.24), cal1:(280.777,1428)

38395.8 137584 81953.6 0.00513363
left foot index real0:(617.44,1252.12), cal0:(613.41,1257.64)
left foot index real1:(445.38,1450.98), cal1:(466.753,1326.48)

23782.8 137255 82118.8 0.00688754
right foot index real0:(508.207,1251.63), cal0:(505.938,1253.19)
right foot index real1:(304.763,1464.87), cal1:(364.655,1399.89)

