camera0:
0.969503 0.221776 0.99063 0
0.962942 0.11299 0.983718 0
0.971731 0.118727 0.981472 0
0.97594 0.123486 0.972332 0
0.923036 0.104906 0.994138 0
0.905135 0.105182 0.996382 0
0.874534 0.102859 0.996268 0
0.942063 0.158919 0.974419 0
0.801036 0.129026 0.999136 0
0.959366 0.288343 0.991029 0
0.918977 0.28441 0.99871 0
0.941883 0.456316 0.958351 0.5935
0.514395 0.543053 0.998487 0
0.972098 0.845222 0.0693164 0
0.242099 0.935221 0.917165 0
0.946806 1.14519 0.0705822 -111
0.297494 1.40697 0.470067 -111
0.961638 1.22555 0.0822397 -111
0.303417 1.52105 0.390375 -111
0.951372 1.2189 0.0940402 -111
0.346937 1.49354 0.448201 -111
0.932526 1.19765 0.0878026 -111
0.346697 1.45088 0.409288 -111
0.842241 1.285 0.0117256 -111
0.55985 1.33467 0.0150373 -111
0.842094 1.97285 0.00339319 -111
0.597992 2.05735 0.00971142 -111
0.815223 2.56024 0.000656818 -111
0.569331 2.62257 0.00151449 -111
0.786257 2.66582 0.000376774 -111
0.522231 2.72668 0.0021846 -111
0.916235 2.73312 0.00431683 -111
0.72943 2.76736 0.00436161 -111
camera1:
0.371577 0.156981 0.989435 0
0.414227 0.0525377 0.983117 0
0.447772 0.0520486 0.983151 0
0.47676 0.053929 0.987231 0
0.347013 0.0628487 0.975483 0
0.329673 0.0697623 0.970563 0
0.31181 0.0770114 0.970185 0
0.545028 0.0780894 0.990434 0
0.312531 0.108281 0.975158 0
0.432074 0.239294 0.997733 0
0.352349 0.253291 0.996115 0
0.749366 0.458537 0.99905 0
0.183147 0.514522 0.997231 0.5265
0.951403 0.881762 0.846357 0
0.0412431 0.92842 0.331402 0
1.03789 1.36865 0.0979908 -111
-0.0537547 1.19203 0.0554516 -111
1.09091 1.50506 0.0680713 -111
-0.105872 1.2882 0.0461387 -111
1.0304 1.51056 0.0971113 -111
-0.0727163 1.2813 0.0627481 -111
0.999295 1.46184 0.105665 -111
-0.0419871 1.2541 0.0806055 -111
0.699283 1.34035 0.0110656 -111
0.341637 1.36243 0.00928244 -111
0.734139 2.1039 0.00165199 -111
0.404641 2.12043 0.00124325 -111
0.750149 2.78444 0.000562792 -111
0.418182 2.79816 0.000512157 -111
0.76662 2.89154 0.000559788 -111
0.414245 2.90074 0.000683151 -111
0.69547 3.01234 0.000398663 -111
0.46595 3.04098 0.000388833 -111
fused:
171550 -147287 474990 0.99063
nose real0:(620.482,106.452), cal0:(548.924,62.3403)
nose real1:(237.81,75.351), cal1:(318.471,118.548)

154877 -161433 405219 0.983718
left eye (inner) real0:(616.283,54.2352), cal0:(561.563,9.27377)
left eye (inner) real1:(265.105,25.2181), cal1:(326.011,71.56)

152845 -149238 376828 0.983151
left eye real0:(621.908,56.9891), cal0:(575.623,10.685)
left eye real1:(286.574,24.9833), cal1:(338.078,73.5632)

146636 -136637 346792 0.987231
left eye (outer) real0:(624.602,59.2734), cal0:(585.972,11.9069)
left eye (outer) real1:(305.127,25.8859), cal1:(346.863,75.1798)

144032 -176641 445927 0.994138
right eye (inner) real0:(590.743,50.3548), cal0:(525.991,10.6345)
right eye (inner) real1:(222.088,30.1674), cal1:(294.986,70.8156)

137349 -177669 452705 0.996382
right eye real0:(579.287,50.4874), cal0:(514.218,12.8336)
right eye real1:(210.99,33.4859), cal1:(284.558,72.1545)

124197 -176102 451655 0.996268
right eye (outer) real0:(559.702,49.3722), cal0:(497.148,14.3707)
right eye (outer) real1:(199.559,36.9655), cal1:(269.093,72.6096)

60327.4 -50540.3 137830 0.990434
left ear real0:(602.921,76.281), cal0:(594.9,28.3233)
left ear real1:(348.818,37.4829), cal1:(355.386,89.9907)

92971.1 -147008 403370 0.999136
right ear real0:(512.663,61.9327), cal0:(470.415,29.6675)
right ear real1:(200.02,51.9748), cal1:(245.016,85.3859)

165029 -105993 427934 0.997733
mouth (left) real0:(613.994,138.405), cal0:(563.627,99.8408)
mouth (left) real1:(276.528,114.861), cal1:(333.659,152.77)

154908 -119012 487367 0.99871
mouth (right) real0:(588.145,136.517), cal0:(522.899,101.94)
mouth (right) real1:(225.503,121.579), cal1:(297.902,154.226)

1.17815 -0.195487 2.62066 0.99905
left shoulder real0:(602.805,219.032), cal0:(602.03,203.867)
left shoulder real1:(479.594,220.098), cal1:(481.168,235.572)

-0.181024 -0.960241 24.5941 0.998487
right shoulder real0:(329.213,260.666), cal0:(327.526,225.232)
right shoulder real1:(117.214,246.971), cal1:(120.616,280.091)

0.66732 0.405937 1.38533 0.846357
left elbow real0:(622.142,405.706), cal0:(621.338,424.801)
left elbow real1:(608.898,423.246), cal1:(608.88,423.108)

-0.807309 0.850981 2.75294 0.917165
right elbow real0:(154.943,448.906), cal0:(155.772,434.472)
right elbow real1:(26.3956,445.642), cal1:(38.1833,533.577)

0.493741 0.714269 1.12541 0.0979908
left wrist real0:(605.956,549.692), cal0:(595.515,630.127)
left wrist real1:(664.248,656.954), cal1:(657.596,614.536)

-1.52859 4.58066 6.52783 0.470067
right wrist real0:(190.396,675.343), cal0:(191.27,670.416)
right wrist real1:(-34.403,572.174), cal1:(11.3741,837.746)

0.484167 0.708054 1.0582 0.0822397
left pinky real0:(615.448,588.265), cal0:(606.82,650.823)
left pinky real1:(698.181,722.431), cal1:(683.331,629.307)

-3.13178 10.9034 13.7721 0.390375
right pinky real0:(194.187,730.104), cal0:(195.335,724.497)
right pinky real1:(-67.7579,618.336), cal1:(-14.0993,913.973)

0.529293 0.828974 1.19788 0.0971113
left index real0:(608.878,585.074), cal0:(597.4,664.599)
left index real1:(659.454,725.071), cal1:(647.326,649.993)

-11.8147 50.1803 65.3894 0.448201
right index real0:(222.04,716.897), cal0:(223.401,709.897)
right index real1:(-46.5385,615.026), cal1:(1.36594,884.075)

0.52135 0.837324 1.23592 0.105665
left thumb real0:(596.817,574.872), cal0:(585.37,655.86)
left thumb real1:(639.549,701.683), cal1:(630.56,645.7)

-3.54568 14.3104 19.7602 0.409288
right thumb real0:(221.886,696.422), cal0:(224.15,683.934)
right thumb real1:(-26.8717,601.968), cal1:(15.6947,847.085)

1.06406 1.89684 3.08872 0.0117256
left hip real0:(539.034,616.801), cal0:(538.91,617.773)
left hip real1:(447.541,643.368), cal1:(447.377,642.315)

0.282067 3.54317 5.75835 0.0150373
right hip real0:(358.304,640.643), cal0:(361.376,618.49)
right hip real1:(218.648,653.968), cal1:(226.622,703.903)

1.15129 3.91456 3.35473 0.00339319
left knee real0:(538.94,946.968), cal0:(538.121,949.976)
left knee real1:(469.849,1009.87), cal1:(467.554,998.666)

0.436322 6.23542 5.08868 0.00971142
right knee real0:(382.715,987.53), cal0:(383.46,985.115)
right knee real1:(258.97,1017.81), cal1:(284.146,1133.48)

1.04258 5.41049 3.31163 0.000656818
left ankle real0:(521.743,1228.92), cal0:(521.083,1230.58)
left ankle real1:(480.096,1336.53), cal1:(479.637,1334.7)

0.308777 7.43479 4.51376 0.00151449
right ankle real0:(364.372,1258.83), cal0:(373.045,1238.61)
right ankle real1:(267.637,1343.11), cal1:(301.236,1470.96)

0.795411 4.66241 2.73859 0.000559788
left heel real0:(503.205,1279.6), cal0:(506.437,1271.87)
left heel real1:(490.637,1387.94), cal1:(491.356,1390.72)

0.0657844 5.42532 3.14241 0.0021846
right heel real0:(334.228,1308.81), cal0:(344.525,1286.29)
right heel real1:(265.117,1392.35), cal1:(309.301,1553.58)

11768.2 49219.2 27812.4 0.00431683
left foot index real0:(586.391,1311.9), cal0:(586.148,1312.26)
left foot index real1:(445.101,1445.92), cal1:(447.103,1410.81)

6762.78 53987 30072.7 0.00436161
right foot index real0:(466.835,1328.33), cal0:(467.049,1327.6)
right foot index real1:(298.208,1459.67), cal1:(330.291,1528.06)

