camera0:
0.973903 0.169322 0.99311 0
0.965343 0.0971483 0.988791 0
0.971387 0.101568 0.986499 0
0.974992 0.105298 0.980211 0
0.921194 0.0796051 0.996658 0
0.894795 0.0850295 0.997938 0
0.877126 0.0897285 0.998115 0
0.939021 0.133605 0.981013 0
0.803545 0.133119 0.999463 0
0.974349 0.24759 0.990832 0
0.919373 0.246445 0.998686 0
0.956438 0.447489 0.947698 0.61025
0.525669 0.54425 0.998157 0
1.04517 0.825307 0.086445 -111
0.320659 1.05335 0.942055 -111
0.997138 1.13432 0.0884275 -111
0.459459 1.38522 0.604823 -111
0.99767 1.24454 0.0943634 -111
0.484341 1.50802 0.513779 -111
0.975468 1.22514 0.103145 -111
0.535222 1.45345 0.562473 -111
0.963627 1.18932 0.100543 -111
0.527129 1.40458 0.517953 -111
0.889272 1.24899 0.0264144 -111
0.613273 1.31034 0.0365974 -111
0.894757 1.84076 0.00556058 -111
0.668873 1.90032 0.0249126 -111
0.89452 2.40788 0.00133512 -111
0.661505 2.44094 0.00461006 -111
0.876311 2.51429 0.00112759 -111
0.622266 2.53992 0.00579656 -111
0.981995 2.58849 0.00663087 -111
0.812478 2.60464 0.0104636 -111
camera1:
0.39654 0.133502 0.979265 0
0.424824 0.0258826 0.963171 0
0.454967 0.0275665 0.963108 0
0.477346 0.0328099 0.970205 0
0.358463 0.036215 0.949421 0
0.340475 0.0362348 0.943418 0
0.321608 0.0482381 0.943611 0
0.540275 0.0650547 0.978238 0
0.311687 0.088026 0.956988 0
0.459485 0.226923 0.994889 0
0.374219 0.244909 0.992097 0
0.747587 0.44865 0.998242 0
0.180206 0.510913 0.996654 0.52675
0.943541 0.87305 0.854358 0
-0.0245227 0.94412 0.602323 -111
1.03615 1.3404 0.115298 -111
-0.15349 1.20693 0.126258 -111
1.08373 1.47858 0.0794181 -111
-0.21107 1.29704 0.0913414 -111
1.03693 1.48285 0.102682 -111
-0.186325 1.28832 0.112412 -111
1.0099 1.43275 0.120886 -111
-0.15673 1.26514 0.138896 -111
0.688709 1.31656 0.017222 -111
0.331337 1.34654 0.017064 -111
0.73357 2.06628 0.00878623 -111
0.401416 2.09406 0.00762095 -111
0.765905 2.73303 0.00404145 -111
0.435845 2.75879 0.00373367 -111
0.780916 2.8372 0.00406262 -111
0.433716 2.85876 0.00492618 -111
0.722463 2.96459 0.00286562 -111
0.497952 3.00142 0.00279492 -111
fused:
171749 -154143 451685 0.99311
nose real0:(623.298,81.2745), cal0:(560.383,43.6027)
nose real1:(253.786,64.0808), cal1:(327.205,102.089)

155080 -163592 395433 0.988791
left eye (inner) real0:(617.82,46.6312), cal0:(567.554,0.0676679)
left eye (inner) real1:(271.888,12.4237), cal1:(330.542,63.752)

151456 -151236 367957 0.986499
left eye real0:(621.688,48.7526), cal0:(579.23,1.6825)
left eye real1:(291.179,13.2319), cal1:(340.536,65.8459)

146488 -140845 344984 0.980211
left eye (outer) real0:(623.995,50.5431), cal0:(587.046,3.33449)
left eye (outer) real1:(305.501,15.7488), cal1:(347.197,67.733)

143725 -179971 433173 0.996658
right eye (inner) real0:(589.564,38.2104), cal0:(531.278,-0.995253)
right eye (inner) real1:(229.417,17.3832), cal1:(298.964,60.6385)

133091 -178951 434578 0.997938
right eye real0:(572.669,40.8141), cal0:(515.934,1.22183)
right eye real1:(217.904,17.3927), cal1:(285.399,61.703)

126576 -179623 443724 0.998115
right eye (outer) real0:(561.361,43.0697), cal0:(503.321,5.41329)
right eye (outer) real1:(205.829,23.1543), cal1:(274.215,64.7567)

65764.6 -57821.2 151556 0.981013
left ear real0:(600.973,64.1304), cal0:(592.637,19.4109)
left ear real1:(345.776,31.2263), cal1:(352.916,82.0848)

95060.3 -150785 408283 0.999463
right ear real0:(514.269,63.897), cal0:(471.823,26.7439)
right ear real1:(199.48,42.2525), cal1:(246.181,82.7223)

167588 -110077 407802 0.994889
mouth (left) real0:(623.583,118.843), cal0:(578.834,86.4752)
mouth (left) real1:(294.07,108.923), cal1:(345.775,140.968)

154599 -122915 466889 0.998686
mouth (right) real0:(588.399,118.294), cal0:(530.877,90.4787)
mouth (right) real1:(239.5,117.556), cal1:(304.332,143.77)

1.3141 -0.235007 2.82638 0.998242
left shoulder real0:(612.12,214.795), cal0:(611.267,198.726)
left shoulder real1:(478.456,215.352), cal1:(480.088,231.491)

0.363427 -3.24144 80.2779 0.998157
right shoulder real0:(336.428,261.24), cal0:(334.668,224.431)
right shoulder real1:(115.332,245.238), cal1:(118.877,279.775)

0.955183 0.490546 1.70807 0.854358
left elbow real0:(668.909,396.147), cal0:(667.906,421.296)
left elbow real1:(603.866,419.064), cal1:(603.83,418.781)

-2.51252 4.15812 12.2436 0.942055
right elbow real0:(205.222,505.606), cal0:(208.664,452.802)
right elbow real1:(-15.6945,453.178), cal1:(-1.42779,557.736)

0.614645 0.76326 1.24245 0.115298
left wrist real0:(638.168,544.472), cal0:(629.148,617.894)
left wrist real1:(663.139,643.39), cal1:(656.227,598.683)

-19765.4 181883 270011 0.604823
right wrist real0:(294.054,664.904), cal0:(287.971,653.529)
right wrist real1:(-98.2334,579.327), cal1:(78.564,783.518)

0.567958 0.768108 1.14154 0.0943634
left pinky real0:(638.508,597.377), cal0:(630.85,653.082)
left pinky real1:(693.589,709.718), cal1:(680.683,628.705)

-11559.6 192360 248221 0.513779
right pinky real0:(309.978,723.848), cal0:(303.971,714.434)
right pinky real1:(-135.085,622.579), cal1:(101.547,852.247)

0.579301 0.838567 1.23172 0.103145
left index real0:(624.3,588.068), cal0:(614.499,657.854)
left index real1:(663.633,711.77), cal1:(652.154,640.145)

734.765 210035 287337 0.562473
right index real0:(342.542,697.658), cal0:(333.484,688.001)
right index real1:(-119.248,618.391), cal1:(136.223,806.893)

0.581543 0.846088 1.27391 0.120886
left thumb real0:(616.721,570.874), cal0:(606.198,647.851)
left thumb real1:(646.335,687.718), cal1:(637.748,633.728)

-5179.95 233868 342789 0.517953
right thumb real0:(337.363,674.197), cal0:(322.87,658.72)
right thumb real1:(-100.307,607.266), cal1:(121.949,775.768)

1.80319 2.69555 4.57484 0.0264144
left hip real0:(569.134,599.514), cal0:(568.741,602.805)
left hip real1:(440.774,631.95), cal1:(439.607,624.352)

1.95484 11.5371 18.8618 0.0365974
right hip real0:(392.495,628.964), cal0:(394.211,616.299)
right hip real1:(212.056,646.341), cal1:(220.127,697.21)

1.59099 4.78414 4.19929 0.00878623
left knee real0:(572.645,883.566), cal0:(559.561,933.384)
left knee real1:(469.485,991.812), cal1:(465.881,973.919)

16.161 110.265 100.274 0.0249126
right knee real0:(428.079,912.151), cal0:(428.772,909.56)
right knee real1:(256.906,1005.15), cal1:(261.523,1027.88)

1.38275 6.21879 3.84955 0.00404145
left ankle real0:(572.493,1155.78), cal0:(547.742,1219.56)
left ankle real1:(490.18,1311.86), cal1:(488.762,1306.12)

7.6741 72.6192 47.9346 0.00461006
right ankle real0:(423.363,1171.65), cal0:(428.128,1159.17)
right ankle real1:(278.941,1324.22), cal1:(282.496,1338.75)

1.13663 5.55981 3.30102 0.00406262
left heel real0:(560.839,1206.86), cal0:(538.807,1260.92)
left heel real1:(499.786,1361.86), cal1:(498.926,1358.48)

1.60627 20.0297 12.7163 0.00579656
right heel real0:(398.25,1219.16), cal0:(407.834,1195.32)
right heel real1:(277.578,1372.2), cal1:(283.798,1396.84)

52556 187840 111358 0.00663087
left foot index real0:(628.477,1242.47), cal0:(615.482,1262.45)
left foot index real1:(462.377,1423.01), cal1:(469.022,1330.65)

35897.1 198568 118709 0.0104636
right foot index real0:(519.986,1250.23), cal0:(513.616,1253.98)
right foot index real1:(318.689,1440.68), cal1:(372.445,1394.9)

