camera0:
0.969602 0.210446 0.990418 0
0.962736 0.108121 0.98349 0
0.970945 0.113007 0.981111 0
0.974712 0.117101 0.971999 0
0.923419 0.102012 0.994125 0
0.90573 0.102548 0.996363 0
0.875407 0.101106 0.996289 0
0.940249 0.141169 0.973746 0
0.799065 0.127384 0.999126 0
0.960412 0.278803 0.990701 0
0.920987 0.276109 0.998671 0
0.943724 0.456568 0.957531 0.592
0.516303 0.543316 0.99844 0
0.971123 0.852286 0.0684866 0
0.245607 0.94043 0.916846 0
0.946347 1.16026 0.0684239 -111
0.278622 1.40875 0.469698 -111
0.961912 1.24073 0.0795089 -111
0.272736 1.52236 0.390456 -111
0.950456 1.23796 0.0910839 -111
0.316374 1.50276 0.447959 -111
0.93205 1.21647 0.0849672 -111
0.320783 1.45944 0.407827 -111
0.847925 1.28342 0.0115888 -111
0.560627 1.33373 0.0149505 -111
0.848544 1.97342 0.00331251 -111
0.600178 2.05887 0.00988623 -111
0.828932 2.57121 0.000654147 -111
0.575807 2.63534 0.00158472 -111
0.80261 2.67946 0.000386041 -111
0.532637 2.74092 0.0022722 -111
0.926514 2.74378 0.00421461 -111
0.735437 2.77935 0.00448471 -111
camera1:
0.373291 0.158163 0.98859 0
0.415273 0.0525289 0.981743 0
0.448909 0.0519528 0.981773 0
0.477498 0.0538745 0.986168 0
0.347974 0.0624528 0.973514 0
0.330549 0.0690919 0.968252 0
0.31352 0.0759395 0.967891 0
0.545733 0.0777493 0.989636 0
0.312683 0.107343 0.973264 0
0.434088 0.240421 0.997548 0
0.353357 0.255574 0.99582 0
0.749619 0.458078 0.999006 0
0.184248 0.516247 0.997135 0.528
0.950847 0.88263 0.847669 0
0.0593391 0.930042 0.343369 0
1.03546 1.36985 0.0969008 -111
-0.0367214 1.19455 0.0558929 -111
1.08837 1.50529 0.0667753 -111
-0.0892761 1.2911 0.0457748 -111
1.02869 1.51006 0.0947565 -111
-0.0620466 1.28479 0.0619642 -111
0.997286 1.46179 0.103805 -111
-0.030382 1.25666 0.0797276 -111
0.699615 1.33988 0.0113603 -111
0.343119 1.36179 0.00953645 -111
0.734193 2.1038 0.00179399 -111
0.406799 2.12049 0.00136522 -111
0.750149 2.78448 0.000623904 -111
0.420588 2.79817 0.000568544 -111
0.766763 2.8915 0.000621043 -111
0.417739 2.90072 0.000757946 -111
0.695421 3.01235 0.000441958 -111
0.465923 3.04155 0.000431152 -111
fused:
200837 -174266 554095 0.990418
nose real0:(620.545,101.014), cal0:(549.701,59.6839)
nose real1:(238.906,75.9184), cal1:(318.979,116.172)

181172 -189487 473191 0.98349
left eye (inner) real0:(616.151,51.8981), cal0:(561.964,8.03472)
left eye (inner) real1:(265.774,25.2139), cal1:(326.275,70.483)

178268 -175005 439152 0.981773
left eye real0:(621.405,54.2434), cal0:(575.821,9.20035)
left eye real1:(287.302,24.9373), cal1:(338.149,72.2661)

170683 -160222 403839 0.986168
left eye (outer) real0:(623.816,56.2085), cal0:(585.862,10.2577)
left eye (outer) real1:(305.599,25.8598), cal1:(346.662,73.7287)

169021 -207287 521568 0.994125
right eye (inner) real0:(590.988,48.9658), cal0:(526.633,9.84709)
right eye (inner) real1:(222.703,29.9773), cal1:(295.509,70.1399)

161347 -208581 529725 0.996363
right eye real0:(579.667,49.2232), cal0:(514.932,12.0572)
right eye real1:(211.551,33.1641), cal1:(285.156,71.4877)

146081 -206372 527853 0.996289
right eye (outer) real0:(560.26,48.5308), cal0:(498.207,13.7331)
right eye (outer) real1:(200.653,36.451), cal1:(270.029,72.0831)

63461 -54366.5 145126 0.989636
left ear real0:(601.759,67.7612), cal0:(594.651,23.5584)
left ear real1:(349.269,37.3197), cal1:(354.863,85.8088)

107931 -171768 470126 0.999126
right ear real0:(511.402,61.1445), cal0:(469.871,29.1179)
right ear real1:(200.117,51.5247), cal1:(244.467,84.8442)

193513 -125525 499376 0.997548
mouth (left) real0:(614.663,133.825), cal0:(564.75,97.6314)
mouth (left) real1:(277.816,115.402), cal1:(334.481,150.786)

182636 -140995 571154 0.998671
mouth (right) real0:(589.432,132.532), cal0:(524.052,100.338)
mouth (right) real1:(226.149,122.676), cal1:(298.839,152.758)

1.19116 -0.197136 2.63818 0.999006
left shoulder real0:(603.983,219.152), cal0:(603.198,203.789)
left shoulder real1:(479.756,219.877), cal1:(481.349,235.537)

-0.137362 -0.99397 25.9945 0.99844
right shoulder real0:(330.434,260.792), cal0:(328.773,225.717)
right shoulder real1:(117.919,247.798), cal1:(121.291,280.604)

0.666301 0.406953 1.38562 0.847669
left elbow real0:(621.519,409.097), cal0:(620.837,425.206)
left elbow real1:(608.542,423.662), cal1:(608.527,423.549)

-0.753138 0.811174 2.60235 0.916846
right elbow real0:(157.188,451.406), cal0:(158.083,436.029)
right elbow real1:(37.977,446.42), cal1:(49.7127,533.818)

0.496666 0.725752 1.13201 0.0969008
left wrist real0:(605.662,556.925), cal0:(595.531,634)
left wrist real1:(662.692,657.528), cal1:(656.552,618.511)

-1.14876 3.17635 4.51878 0.469698
right wrist real0:(178.318,676.198), cal0:(179.222,671.142)
right wrist real1:(-23.5017,573.384), cal1:(22.5273,839.661)

0.487637 0.72214 1.0647 0.0795089
left pinky real0:(615.624,595.551), cal0:(607.101,656.321)
left pinky real1:(696.558,722.54), cal1:(682.501,634.796)

-1.55456 4.73868 5.97782 0.390456
right pinky real0:(174.551,730.733), cal0:(175.717,725.105)
right pinky real1:(-57.1367,619.728), cal1:(-2.71488,918.245)

0.530656 0.841267 1.20154 0.0947565
left index real0:(608.292,594.219), cal0:(597.273,669.482)
left index real1:(658.362,724.827), cal1:(647.021,654.914)

-2.07785 7.55071 9.74797 0.447959
right index real0:(202.479,721.326), cal0:(203.891,714.217)
right index real1:(-39.7098,616.7), cal1:(9.9452,893.425)

0.52433 0.85106 1.24214 0.103805
left thumb real0:(596.512,583.907), cal0:(585.541,660.466)
left thumb real1:(638.263,701.66), cal1:(629.996,650.371)

-1.61534 5.70442 7.80766 0.407827
right thumb real0:(205.301,700.529), cal0:(207.655,687.788)
right thumb real1:(-19.4445,603.198), cal1:(24.508,854.619)

1.11502 1.9529 3.18179 0.0115888
left hip real0:(542.672,616.043), cal0:(542.478,617.566)
left hip real1:(447.754,643.141), cal1:(447.514,641.609)

0.28711 3.52261 5.74478 0.0149505
right hip real0:(358.802,640.19), cal0:(361.973,617.212)
right hip real1:(219.596,653.66), cal1:(227.339,702.205)

1.21854 4.07144 3.48422 0.00331251
left knee real0:(543.068,947.241), cal0:(542.053,950.97)
left knee real1:(469.884,1009.82), cal1:(467.58,998.574)

0.451771 6.27452 5.11819 0.00988623
right knee real0:(384.114,988.257), cal0:(384.976,985.461)
right knee real1:(260.352,1017.83), cal1:(285.425,1133.05)

1.19327 5.93608 3.61674 0.000654147
left ankle real0:(530.516,1234.18), cal0:(530.158,1235.08)
left ankle real1:(480.095,1336.55), cal1:(479.894,1335.75)

0.368192 7.87865 4.76663 0.00158472
right ankle real0:(368.517,1264.96), cal0:(378.353,1242.05)
right ankle real1:(269.176,1343.12), cal1:(303.097,1472.08)

0.926646 5.12818 2.9981 0.000621043
left heel real0:(513.67,1286.14), cal0:(517.631,1276.67)
left heel real1:(490.728,1387.92), cal1:(491.483,1390.84)

0.11463 5.79551 3.34433 0.0022722
right heel real0:(340.888,1315.64), cal0:(352.54,1290.17)
right heel real1:(267.353,1392.35), cal1:(311.466,1553.29)

17614 72194.9 40597 0.00421461
left foot index real0:(592.969,1317.01), cal0:(592.605,1317.45)
left foot index real1:(445.069,1445.93), cal1:(453.481,1412.18)

9264.76 72275.2 40052.4 0.00448471
right foot index real0:(470.68,1334.09), cal0:(470.914,1333.19)
right foot index real1:(298.19,1459.95), cal1:(334.87,1531.96)

