camera0:
0.977512 0.218294 0.989553 0
0.967725 0.113817 0.982636 0
0.972247 0.119055 0.979495 0
0.974931 0.123614 0.970746 0
0.931151 0.108252 0.994213 0
0.907409 0.108829 0.996317 0
0.889767 0.109801 0.996484 0
0.938655 0.145497 0.970971 0
0.809775 0.133431 0.999088 0
0.964407 0.284752 0.989108 0
0.925461 0.28075 0.998486 0
0.948864 0.440449 0.952766 0.59425
0.513558 0.538956 0.998276 0
0.988961 0.825032 0.0589169 0
0.24372 0.919615 0.919271 0
0.975629 1.12531 0.0617094 -111
0.310596 1.39507 0.469496 -111
0.989533 1.20829 0.0721889 -111
0.316864 1.50782 0.389509 -111
0.979038 1.20046 0.0829891 -111
0.36193 1.47556 0.447299 -111
0.962401 1.1789 0.076906 -111
0.360843 1.43319 0.401939 -111
0.851251 1.26056 0.0116038 -111
0.570565 1.32337 0.0158441 -111
0.855988 1.9265 0.00332037 -111
0.610833 2.01266 0.0111902 -111
0.834468 2.49705 0.000682417 -111
0.58711 2.54364 0.00190868 -111
0.809403 2.60028 0.000448147 -111
0.547955 2.63863 0.00271327 -111
0.928674 2.67367 0.00423277 -111
0.732027 2.69248 0.00520625 -111
camera1:
0.381656 0.162721 0.986314 0
0.418937 0.0554025 0.977455 0
0.453183 0.0539614 0.977438 0
0.479613 0.0555956 0.98266 0
0.353897 0.0676871 0.967744 0
0.336099 0.0746837 0.961952 0
0.323194 0.0792239 0.961761 0
0.545346 0.0772127 0.986902 0
0.317001 0.107216 0.968326 0
0.43998 0.241078 0.996939 0
0.362408 0.260197 0.994965 0
0.752134 0.460768 0.998837 0
0.180644 0.521192 0.997049 0.52675
0.94712 0.885109 0.843357 0
0.0525805 0.952814 0.401985 0
1.0153 1.3689 0.0888996 -111
-0.0303309 1.22233 0.061309 -111
1.06377 1.50339 0.0599849 -111
-0.078961 1.31448 0.047361 -111
1.00302 1.51018 0.084666 -111
-0.0510571 1.30932 0.0633896 -111
0.974215 1.46065 0.0949639 -111
-0.0220226 1.28245 0.0809276 -111
0.692389 1.34262 0.0102047 -111
0.340235 1.36001 0.00904076 -111
0.728134 2.10812 0.00222116 -111
0.409607 2.11991 0.00177257 -111
0.74508 2.78615 0.000846928 -111
0.427626 2.79446 0.000776396 -111
0.759724 2.89266 0.00084625 -111
0.424476 2.89526 0.00103142 -111
0.695408 3.01208 0.000601151 -111
0.473413 3.03583 0.000586605 -111
fused:
177802 -147746 477804 0.989553
nose real0:(625.608,104.781), cal0:(555.507,62.8607)
nose real1:(244.26,78.106), cal1:(324.233,119.214)

159335 -162753 410354 0.982636
left eye (inner) real0:(619.344,54.6319), cal0:(565.217,10.3362)
left eye (inner) real1:(268.12,26.5932), cal1:(329.209,72.6995)

154405 -148964 377347 0.979495
left eye real0:(622.238,57.1463), cal0:(577.772,11.4473)
left eye real1:(290.037,25.9015), cal1:(339.944,74.3478)

147525 -136736 347965 0.98266
left eye (outer) real0:(623.956,59.3346), cal0:(586.651,12.5343)
left eye (outer) real1:(306.952,26.6859), cal1:(347.472,75.7648)

150581 -177575 452527 0.994213
right eye (inner) real0:(595.937,51.961), cal0:(531.855,12.8651)
right eye (inner) real1:(226.494,32.4898), cal1:(300.335,73.1536)

141242 -177384 456700 0.996317
right eye real0:(580.742,52.2381), cal0:(517.744,15.2712)
right eye real1:(215.103,35.8482), cal1:(287.886,74.5656)

133729 -177060 458931 0.996484
right eye (outer) real0:(569.451,52.7045), cal0:(507.006,16.8315)
right eye (outer) real1:(206.844,38.0275), cal1:(278.262,75.4076)

49939.4 -42711.2 114543 0.986902
left ear real0:(600.739,69.8386), cal0:(593.874,24.5988)
left ear real1:(349.021,37.0621), cal1:(354.288,86.6835)

98461.3 -149775 412892 0.999088
right ear real0:(518.256,64.047), cal0:(475.211,30.692)
right ear real1:(202.88,51.4639), cal1:(249.613,86.5798)

168630 -106622 429019 0.996939
mouth (left) real0:(617.22,136.681), cal0:(568.084,99.3373)
mouth (left) real1:(281.587,115.717), cal1:(337.458,152.368)

160314 -118920 489556 0.998486
mouth (right) real0:(592.295,134.76), cal0:(528.679,102.709)
mouth (right) real1:(231.941,124.895), cal1:(303.141,155)

1.22069 -0.215008 2.66923 0.998837
left shoulder real0:(607.273,211.416), cal0:(606.688,200.287)
left shoulder real1:(481.366,221.169), cal1:(482.506,232.431)

-0.219617 -1.04049 27.3306 0.998276
right shoulder real0:(328.677,258.699), cal0:(327.121,225.817)
right shoulder real1:(115.612,250.172), cal1:(118.769,280.887)

0.728303 0.432095 1.46 0.843357
left elbow real0:(632.935,396.015), cal0:(631.631,426.562)
left elbow real1:(606.157,424.852), cal1:(606.136,424.691)

-0.786038 0.794916 2.69617 0.919271
right elbow real0:(155.981,441.415), cal0:(156.802,425.886)
right elbow real1:(33.6515,457.351), cal1:(42.2531,522.189)

0.589758 0.797347 1.26054 0.0888996
left wrist real0:(624.403,540.151), cal0:(613.023,628.847)
left wrist real1:(649.792,657.073), cal1:(642.957,613.358)

-1.4684 4.61283 6.67137 0.469496
right wrist real0:(198.782,669.633), cal0:(199.717,664.24)
right wrist real1:(-19.4117,586.716), cal1:(21.496,825.839)

0.580203 0.786306 1.19144 0.0721889
left pinky real0:(633.301,579.977), cal0:(624.505,645.325)
left pinky real1:(680.813,721.628), cal1:(665.419,624.427)

-2.90101 10.6346 13.6077 0.389509
right pinky real0:(202.793,723.754), cal0:(203.872,718.376)
right pinky real1:(-50.535,630.948), cal1:(-1.85905,901.144)

0.646976 0.936782 1.37327 0.084666
left index real0:(626.585,576.22), cal0:(614.98,658.662)
left index real1:(641.93,724.889), cal1:(629.05,644.578)

-34.3582 157.059 208.274 0.447299
right index real0:(231.635,708.27), cal0:(232.842,701.899)
right index real1:(-32.6765,628.473), cal1:(9.85892,869.604)

0.640659 0.953465 1.41601 0.0949639
left thumb real0:(615.937,565.87), cal0:(603.758,653.369)
left thumb real1:(623.498,701.114), cal1:(614.25,643.266)

-4.04146 17.4587 24.5318 0.401939
right thumb real0:(230.94,687.93), cal0:(232.976,676.404)
right thumb real1:(-14.0945,615.577), cal1:(23.4739,833.824)

1.2042 2.06069 3.41198 0.0116038
left hip real0:(544.801,605.07), cal0:(543.978,611.667)
left hip real1:(443.129,644.459), cal1:(441.847,636.199)

0.393802 4.05694 6.62146 0.0158441
right hip real0:(365.161,635.218), cal0:(367.678,616.919)
right hip real1:(217.751,652.805), cal1:(225.469,701.25)

1.34654 4.37261 3.8109 0.00332037
left knee real0:(547.832,924.718), cal0:(544.222,938.266)
left knee real1:(466.006,1011.9), cal1:(460.555,985.013)

0.600579 7.17572 6.03432 0.0111902
right knee real0:(390.933,966.079), cal0:(391.74,963.36)
right knee real1:(262.148,1017.56), cal1:(280.51,1103.53)

1.15902 5.85731 3.61434 0.000846928
left ankle real0:(534.059,1198.58), cal0:(524.596,1222.64)
left ankle real1:(476.851,1337.35), cal1:(473.694,1324.68)

0.475161 8.89497 5.59909 0.00190868
right ankle real0:(375.75,1220.95), cal0:(382.931,1203.45)
right ankle real1:(273.68,1341.34), cal1:(293.54,1419.01)

0.878184 5.01581 2.96019 0.00084625
left heel real0:(518.018,1248.14), cal0:(510.173,1267.02)
left heel real1:(486.223,1388.48), cal1:(485.138,1384.26)

0.181548 6.55972 3.95219 0.00271327
right heel real0:(350.691,1266.54), cal0:(359.545,1246.2)
right heel real1:(271.664,1389.72), cal1:(298.369,1490.39)

21381.8 84799.3 49173.3 0.00423277
left foot index real0:(594.351,1283.36), cal0:(593.175,1285.1)
left foot index real1:(445.061,1445.8), cal1:(451.074,1373.11)

9621.75 73540.1 42362.8 0.00520625
right foot index real0:(468.497,1292.39), cal0:(468.398,1291.98)
right foot index real1:(302.984,1457.2), cal1:(328.863,1480.21)

