camera0:
0.968504 0.237114 0.991101 0
0.963495 0.144132 0.98434 0
0.971827 0.148656 0.982333 0
0.975692 0.153058 0.973395 0
0.926276 0.135338 0.994255 0
0.911059 0.135101 0.996472 0
0.879832 0.132773 0.996306 0
0.938783 0.17165 0.97587 0
0.808559 0.156176 0.999157 0
0.959143 0.304023 0.991585 0
0.919724 0.297511 0.998778 0
0.932244 0.469544 0.960388 0.597
0.512556 0.5453 0.998554 0
0.94328 0.858854 0.0729799 0.647
0.267061 1.03355 0.914667 -111
0.924288 1.18119 0.0720467 -111
0.367034 1.41047 0.46288 -111
0.942634 1.27438 0.0843023 -111
0.378598 1.53417 0.38674 -111
0.936031 1.27575 0.0959495 -111
0.423057 1.50071 0.444165 -111
0.913875 1.24625 0.0903079 -111
0.418913 1.45326 0.408644 -111
0.823383 1.30323 0.0113043 -111
0.546947 1.34603 0.014347 -111
0.812274 1.99271 0.00330713 -111
0.560508 2.07387 0.00920322 -111
0.77932 2.59686 0.000636995 -111
0.532031 2.65124 0.00141124 -111
0.748141 2.70407 0.000357939 -111
0.485274 2.75603 0.00203283 -111
0.883042 2.77419 0.00428886 -111
0.691235 2.80412 0.00410641 -111
camera1:
0.371449 0.154043 0.989854 0
0.414226 0.0481467 0.98396 0
0.448403 0.0484541 0.983981 0
0.477572 0.0508957 0.987925 0
0.345753 0.0587315 0.976681 0
0.32728 0.0663166 0.971833 0
0.323902 0.0746171 0.971476 0
0.54581 0.0773623 0.990969 0
0.309254 0.107838 0.976169 0
0.432014 0.238236 0.997847 0
0.352191 0.251791 0.996281 0
0.749301 0.458716 0.999056 0
0.181279 0.512025 0.997189 0.52675
0.951506 0.882251 0.842386 0
0.0724828 0.937249 0.310912 0
1.03512 1.36104 0.0965668 -111
0.0119122 1.20747 0.0527735 -111
1.08574 1.49129 0.0678994 -111
-0.0278326 1.30267 0.0447035 -111
1.02729 1.49445 0.0969705 -111
-0.00171935 1.2923 0.0608902 -111
0.996146 1.44724 0.105111 -111
0.0263758 1.26336 0.0781297 -111
0.695984 1.32607 0.0111733 -111
0.341258 1.34669 0.00923282 -111
0.730663 2.09329 0.00154648 -111
0.405475 2.10645 0.0011436 -111
0.742815 2.77926 0.000508675 -111
0.418377 2.78796 0.00046182 -111
0.757449 2.88495 0.000505159 -111
0.415052 2.8887 0.000616766 -111
0.689292 3.0076 0.000360284 -111
0.465287 3.02985 0.000351398 -111
fused:
150636 -127345 418187 0.991101
nose real0:(619.842,113.815), cal0:(548.351,65.6868)
nose real1:(237.728,73.9407), cal1:(318.185,121.558)

136707 -138314 358032 0.98434
left eye (inner) real0:(616.637,69.1832), cal0:(561.337,16.5259)
left eye (inner) real1:(265.105,23.1104), cal1:(326.282,77.9875)

134548 -127492 331925 0.983981
left eye real0:(621.969,71.355), cal0:(575.471,17.8587)
left eye real1:(286.978,23.258), cal1:(338.417,79.8806)

128713 -116395 304640 0.987925
left eye (outer) real0:(624.443,73.4677), cal0:(585.777,19.0758)
left eye (outer) real1:(305.646,24.43), cal1:(347.17,81.459)

128302 -152442 396584 0.994255
right eye (inner) real0:(592.816,64.9622), cal0:(526.306,17.6852)
right eye (inner) real1:(221.282,28.1911), cal1:(295.702,77.2126)

123495 -154174 404905 0.996472
right eye real0:(583.078,64.8487), cal0:(515.179,19.8612)
right eye real1:(209.459,31.832), cal1:(285.855,78.6075)

111419 -148255 392462 0.996306
right eye (outer) real0:(563.092,63.7312), cal0:(502.504,21.6707)
right eye (outer) real1:(207.297,35.8162), cal1:(274.445,79.6036)

37860.8 -31374.2 86870 0.990969
left ear real0:(600.821,82.3921), cal0:(593.78,31.6431)
left ear real1:(349.319,37.1339), cal1:(354.679,92.8513)

85055.9 -129152 365718 0.999157
right ear real0:(517.478,74.9647), cal0:(471.669,36.4612)
right ear real1:(197.923,51.7624), cal1:(246.598,91.8076)

145239 -90946 376938 0.997847
mouth (left) real0:(613.852,145.931), cal0:(563.43,103.693)
mouth (left) real1:(276.489,114.353), cal1:(333.742,156.256)

136707 -102814 429837 0.998778
mouth (right) real0:(588.623,142.805), cal0:(523.017,104.946)
mouth (right) real1:(225.402,120.86), cal1:(298.197,157.01)

1.10127 -0.172134 2.50801 0.999056
left shoulder real0:(596.636,225.381), cal0:(595.744,207.449)
left shoulder real1:(479.553,220.184), cal1:(481.422,238.496)

-0.22647 -0.943602 24.038 0.998554
right shoulder real0:(328.036,261.744), cal0:(326.288,225.106)
right shoulder real1:(116.018,245.772), cal1:(119.533,280.002)

0.587434 0.380257 1.30109 0.842386
left elbow real0:(603.699,412.25), cal0:(603.188,424.341)
left elbow real1:(608.964,423.481), cal1:(608.951,423.384)

-0.717349 1.02593 2.70167 0.914667
right elbow real0:(170.919,496.104), cal0:(172.433,476.916)
right elbow real1:(46.389,449.879), cal1:(64.9588,581.855)

0.456462 0.694646 1.09166 0.0965668
left wrist real0:(591.544,566.973), cal0:(583.148,631.115)
left wrist real1:(662.477,653.298), cal1:(656.807,617.226)

-1.63866 7.21375 10.2198 0.46288
right wrist real0:(234.901,677.026), cal0:(235.621,672.908)
right wrist real1:(7.6238,579.587), cal1:(49.5692,824.196)

0.456314 0.709904 1.03674 0.0843023
left pinky real0:(603.286,611.703), cal0:(596.371,660.221)
left pinky real1:(694.875,715.818), cal1:(682.688,640.101)

-6.61138 35.9937 44.8011 0.38674
right pinky real0:(242.303,736.401), cal0:(243.292,731.536)
right pinky real1:(-17.8129,625.281), cal1:(32.2648,901.902)

0.504522 0.827225 1.1737 0.0969705
left index real0:(599.06,612.358), cal0:(590.19,672.273)
left index real1:(657.464,717.336), cal1:(647.904,658.592)

-8258.58 63569.9 82043 0.444165
right index real0:(270.756,720.34), cal0:(271.474,714.363)
right index real1:(-1.10038,620.302), cal1:(60.1226,867.339)

0.489589 0.821909 1.20424 0.105111
left thumb real0:(584.88,598.198), cal0:(576.191,658.877)
left thumb real1:(637.534,694.678), cal1:(630.344,650.064)

-4009.35 28334.3 38852 0.408644
right thumb real0:(268.105,697.563), cal0:(269.952,686.99)
right thumb real1:(16.8805,606.411), cal1:(56.9485,833.226)

0.927178 1.7459 2.84194 0.0113043
left hip real0:(526.965,625.552), cal0:(527.946,617.903)
left hip real1:(445.43,636.512), cal1:(446.605,644.029)

0.183191 3.07479 5.00333 0.014347
right hip real0:(350.046,646.094), cal0:(353.944,618.032)
right hip real1:(218.405,646.409), cal1:(227.671,704.405)

0.896099 3.36152 2.85947 0.00330713
left knee real0:(519.855,956.5), cal0:(520.215,955.201)
left knee real1:(467.624,1004.78), cal1:(468.696,1009.97)

0.16191 4.35325 3.51663 0.00920322
right knee real0:(358.725,995.46), cal0:(359.608,992.66)
right knee real1:(259.504,1011.1), cal1:(290.384,1151.34)

0.821491 4.72035 2.87699 0.000636995
left ankle real0:(498.765,1246.49), cal0:(503.489,1234.75)
left ankle real1:(475.402,1334.05), cal1:(479.121,1348.77)

0.102326 5.39202 3.24017 0.00141124
right ankle real0:(340.5,1272.59), cal0:(350.92,1248.81)
right ankle real1:(267.762,1338.22), cal1:(309.877,1496.27)

0.665839 4.2705 2.51546 0.000505159
left heel real0:(478.81,1297.95), cal0:(490.97,1268.99)
left heel real1:(484.767,1384.78), cal1:(487.734,1396.22)

-0.0377975 4.27711 2.45211 0.00203283
right heel real0:(310.575,1322.9), cal0:(322.688,1296.97)
right heel real1:(265.634,1386.57), cal1:(319.59,1580.65)

10.1227 46.9855 26.0764 0.00428886
left foot index real0:(565.147,1331.61), cal0:(565.161,1331.58)
left foot index real1:(441.147,1443.65), cal1:(442.076,1447.16)

2.89002 28.5385 15.6468 0.00410641
right foot index real0:(442.39,1345.98), cal0:(442.912,1344.85)
right foot index real1:(297.784,1454.33), cal1:(328.864,1566.73)

