camera0:
0.978178 0.194302 0.991329 0
0.966629 0.112273 0.985949 0
0.971549 0.116894 0.983242 0
0.974223 0.120677 0.976283 0
0.927958 0.109065 0.995456 0
0.902983 0.110848 0.997082 0
0.884702 0.113435 0.997262 0
0.935381 0.143173 0.976263 0
0.808383 0.145415 0.999233 0
0.97474 0.283818 0.990169 0
0.927936 0.282415 0.998585 0
0.94707 0.438784 0.948998 0.59425
0.518411 0.544864 0.998024 0
1.02893 0.753253 0.0643395 -111
0.264331 0.915243 0.92382 0
0.984067 1.00517 0.0647165 -111
0.382679 1.39947 0.518857 -111
0.988496 1.08571 0.0734097 -111
0.401542 1.52168 0.436503 -111
0.970408 1.06435 0.0832998 -111
0.454698 1.47523 0.49064 -111
0.958633 1.04466 0.0789225 -111
0.448943 1.42795 0.440663 -111
0.869679 1.25074 0.0167265 -111
0.591683 1.33402 0.0232585 -111
0.886666 1.87555 0.00449204 -111
0.656444 1.95469 0.0167328 -111
0.880821 2.44143 0.000994341 -111
0.645292 2.48656 0.00306758 -111
0.858227 2.54595 0.000700192 -111
0.605065 2.58299 0.00407334 -111
0.974238 2.61659 0.00569865 -111
0.796978 2.63658 0.00774604 -111
camera1:
0.384643 0.14769 0.985313 0
0.420043 0.0395342 0.974015 0
0.456492 0.0387892 0.973995 0
0.48317 0.0427881 0.978937 0
0.350098 0.0372165 0.964233 0
0.330754 0.0475117 0.960006 0
0.309801 0.0589408 0.959965 0
0.546599 0.0681094 0.984338 0
0.304336 0.0986274 0.969238 0
0.450085 0.23927 0.9964 0
0.364838 0.257183 0.994529 0
0.749707 0.458541 0.998602 0
0.16914 0.524093 0.997348 0.526
0.944639 0.879164 0.842833 0
-0.0207462 0.984304 0.554174 -111
1.01684 1.35674 0.0870211 -111
-0.1236 1.31569 0.0868917 -111
1.0631 1.4891 0.0568223 -111
-0.176359 1.42727 0.0616131 -111
1.00538 1.49396 0.0777158 -111
-0.141292 1.42272 0.0794762 -111
0.977671 1.44592 0.0919229 -111
-0.111487 1.38873 0.101175 -111
0.683502 1.33885 0.0118088 -111
0.319728 1.36654 0.0113661 -111
0.721911 2.10665 0.00408035 -111
0.383033 2.13008 0.00344845 -111
0.748835 2.78432 0.00175035 -111
0.419351 2.80361 0.00161342 -111
0.763605 2.89116 0.00175609 -111
0.417758 2.90608 0.00213342 -111
0.701676 3.02482 0.00124193 -111
0.484162 3.05266 0.00121157 -111
fused:
182194 -158113 485817 0.991329
nose real0:(626.034,93.265), cal0:(557.25,53.1017)
nose real1:(246.172,70.8914), cal1:(325.113,110.491)

162793 -168677 418679 0.985949
left eye (inner) real0:(618.643,53.8911), cal0:(565.54,6.572)
left eye (inner) real1:(268.827,18.9764), cal1:(329.243,69.385)

157074 -153215 382111 0.983242
left eye real0:(621.792,56.1091), cal0:(578.904,7.71997)
left eye real1:(292.155,18.6188), cal1:(340.655,71.13)

149644 -139945 351223 0.978937
left eye (outer) real0:(623.503,57.9251), cal0:(587.913,9.23409)
left eye (outer) real1:(309.229,20.5383), cal1:(348.309,72.9407)

152386 -186713 463033 0.995456
right eye (inner) real0:(593.893,52.351), cal0:(529.662,6.3563)
right eye (inner) real1:(224.063,17.8639), cal1:(297.986,67.1616)

142335 -186247 468533 0.997082
right eye real0:(577.909,53.2069), cal0:(514.453,9.79824)
right eye real1:(211.683,22.8056), cal1:(284.586,69.4057)

134806 -187708 479262 0.997262
right eye (outer) real0:(566.209,54.449), cal0:(500.93,13.3144)
right eye (outer) real1:(198.272,28.2916), cal1:(272.502,71.8517)

148.923 -129.269 343.147 0.984338
left ear real0:(598.644,68.7231), cal0:(592.675,22.2954)
left ear real1:(349.823,32.6925), cal1:(353.962,84.5457)

101161 -158314 438634 0.999233
right ear real0:(517.365,69.7991), cal0:(470.501,31.7859)
right ear real1:(194.775,47.3412), cal1:(245.219,87.3732)

177456 -109250 437865 0.9964
mouth (left) real0:(623.833,136.233), cal0:(575.423,98.7476)
mouth (left) real1:(288.054,114.85), cal1:(343.691,151.924)

166405 -122567 503658 0.998585
mouth (right) real0:(593.879,135.559), cal0:(530.437,102.445)
mouth (right) real1:(233.497,123.448), cal1:(304.697,154.775)

1.222 -0.220993 2.68353 0.998602
left shoulder real0:(606.125,210.616), cal0:(605.52,199.205)
left shoulder real1:(479.813,220.1), cal1:(480.971,231.557)

-0.528084 -6.4168 180.788 0.998024
right shoulder real0:(331.783,261.534), cal0:(330.193,227.366)
right shoulder real1:(108.25,251.564), cal1:(111.534,283.448)

0.873123 0.472231 1.61896 0.842833
left elbow real0:(658.518,361.562), cal0:(655.947,423.997)
left elbow real1:(604.569,421.999), cal1:(604.518,421.601)

-1.33281 1.39892 4.94982 0.92382
right elbow real0:(169.172,439.317), cal0:(170.184,418.548)
right elbow real1:(-13.2776,472.466), cal1:(-7.20425,518.692)

0.601017 0.740792 1.26985 0.0870211
left wrist real0:(629.803,482.481), cal0:(616.289,599.296)
left wrist real1:(650.776,651.236), cal1:(640.622,584.567)

-27686.8 130206 187988 0.518857
right wrist real0:(244.914,671.747), cal0:(243.468,664.956)
right wrist real1:(-79.1041,631.533), cal1:(20.9769,817.046)

0.578978 0.694407 1.19219 0.0734097
left pinky real0:(632.637,521.142), cal0:(623.705,598.75)
left pinky real1:(680.385,714.768), cal1:(659.926,580.275)

-23613.6 146077 184312 0.436503
right pinky real0:(256.987,730.407), cal0:(254.98,725.012)
right pinky real1:(-112.87,685.09), cal1:(38.8155,889.093)

0.617159 0.807254 1.3386 0.0832998
left index real0:(621.061,510.89), cal0:(608.928,611.125)
left index real1:(643.446,717.101), cal1:(625.298,599.274)

-16502.4 167523 221830 0.49064
right index real0:(291.007,708.109), cal0:(287.256,702.554)
right index real1:(-90.427,682.905), cal1:(79.9177,845.01)

0.614725 0.845791 1.38156 0.0919229
left thumb real0:(613.525,501.438), cal0:(599.258,616.621)
left thumb real1:(625.71,694.043), cal1:(612.352,607.827)

-22746.9 190816 268774 0.440663
right thumb real0:(287.324,685.417), cal0:(281.104,675.367)
right thumb real1:(-71.3514,666.589), cal1:(70.8199,813.63)

1.5499 2.47674 4.15893 0.0167265
left hip real0:(556.595,600.355), cal0:(555.834,606.598)
left hip real1:(437.442,642.648), cal1:(435.559,630.447)

1.0978 8.45741 13.4998 0.0232585
right hip real0:(378.677,640.328), cal0:(380.802,625.206)
right hip real1:(204.626,655.937), cal1:(213.399,710.666)

1.8415 5.54961 4.87464 0.00449204
left knee real0:(567.466,900.264), cal0:(558.899,932.899)
left knee real1:(462.023,1011.19), cal1:(454.893,975.784)

18.6022 143.939 125.855 0.0167328
right knee real0:(420.124,938.253), cal0:(420.745,936.042)
right knee real1:(245.141,1022.44), cal1:(253.902,1064.62)

1.49768 6.97932 4.28539 0.00175035
left ankle real0:(563.725,1171.89), cal0:(541.905,1227.48)
left ankle real1:(479.255,1336.48), cal1:(475.602,1321.79)

4.58904 50.107 32.2552 0.00306758
right ankle real0:(412.987,1193.55), cal0:(417.421,1182.3)
right ankle real1:(268.385,1345.73), cal1:(276.02,1376.34)

1.11863 5.83041 3.42225 0.00175609
left heel real0:(549.266,1222.06), cal0:(528.32,1272.58)
left heel real1:(488.707,1387.76), cal1:(487.048,1381.31)

1.02315 15.9076 9.81925 0.00407334
right heel real0:(387.242,1239.84), cal0:(394.546,1222.32)
right heel real1:(267.365,1394.92), cal1:(279.466,1441.78)

43315.7 153193 90798.5 0.00569865
left foot index real0:(623.513,1255.96), cal0:(618.544,1262.66)
left foot index real1:(449.073,1451.91), cal1:(471.744,1328.8)

25398.4 147113 86827.2 0.00774604
right foot index real0:(510.066,1265.56), cal0:(507.681,1266.96)
right foot index real1:(309.864,1465.28), cal1:(367.559,1415.8)

