camera0:
0.979565 0.219256 0.989919 0
0.967494 0.116621 0.983198 0
0.971923 0.121785 0.98001 0
0.974384 0.125638 0.971494 0
0.92988 0.110542 0.99455 0
0.904448 0.111253 0.99654 0
0.886573 0.113044 0.996777 0
0.936158 0.146152 0.970848 0
0.808755 0.142928 0.999114 0
0.972995 0.285717 0.988818 0
0.927171 0.282966 0.998445 0
0.951722 0.436433 0.949255 0.60425
0.521863 0.540677 0.998156 0
1.05134 0.737692 0.0598616 -111
0.275485 0.917578 0.922708 0
0.996932 0.972211 0.0595734 0
0.418315 1.39153 0.498582 -111
0.996441 1.0546 0.0687305 -111
0.443078 1.51918 0.417134 -111
0.978675 1.02686 0.0785846 -111
0.495484 1.46762 0.473492 -111
0.967487 1.00702 0.07384 -111
0.487549 1.41681 0.425133 -111
0.877919 1.24716 0.0141431 -111
0.594712 1.31706 0.0196496 -111
0.877288 1.80976 0.00388383 -111
0.652978 1.8603 0.0139566 -111
0.873978 2.34867 0.000832001 -111
0.645744 2.38524 0.00252103 -111
0.854401 2.44728 0.000579342 -111
0.60461 2.48048 0.00345471 -111
0.961225 2.52568 0.00491896 -111
0.79428 2.53668 0.006564 -111
camera1:
0.386688 0.149651 0.985386 0
0.418711 0.0430738 0.974998 0
0.453264 0.0423929 0.974901 0
0.479137 0.0451354 0.980138 0
0.353459 0.056439 0.965004 0
0.335423 0.0616953 0.959947 0
0.317303 0.0623464 0.959957 0
0.544988 0.0701614 0.985103 0
0.312801 0.102229 0.968014 0
0.444539 0.233814 0.996575 0
0.366134 0.253908 0.994605 0
0.752246 0.459156 0.998678 0
0.17631 0.524064 0.997155 0.52525
0.943947 0.890192 0.841288 0
0.0184459 0.97579 0.487086 0
1.01638 1.37103 0.0857806 -111
-0.103911 1.27625 0.073963 -111
1.06488 1.50548 0.0563952 -111
-0.161179 1.37897 0.0538698 -111
1.00596 1.50932 0.078392 -111
-0.133989 1.37102 0.0706246 -111
0.976801 1.46156 0.0913421 -111
-0.101109 1.33999 0.0903853 -111
0.692473 1.33823 0.0107932 -111
0.336106 1.3646 0.010079 -111
0.735744 2.10614 0.00309636 -111
0.40784 2.12517 0.00257142 -111
0.760321 2.78451 0.00128042 -111
0.437069 2.80088 0.0011785 -111
0.774525 2.88951 0.00128315 -111
0.434237 2.90325 0.00156063 -111
0.716562 3.01735 0.000908612 -111
0.493232 3.04127 0.00088671 -111
fused:
180661 -150621 480010 0.989919
nose real0:(626.922,105.243), cal0:(558.057,60.1151)
nose real1:(247.48,71.8327), cal1:(326.263,116.819)

161228 -166093 415322 0.983198
left eye (inner) real0:(619.196,55.9781), cal0:(565.165,8.3542)
left eye (inner) real1:(267.975,20.6754), cal1:(329.037,70.9416)

156045 -151711 381385 0.98001
left eye real0:(622.03,58.4567), cal0:(577.753,9.63069)
left eye real1:(290.089,20.3486), cal1:(339.809,72.7483)

149079 -139373 352027 0.980138
left eye (outer) real0:(623.606,60.3063), cal0:(586.363,10.7579)
left eye (outer) real1:(306.647,21.665), cal1:(347.114,74.1933)

152041 -181088 457969 0.99455
right eye (inner) real0:(595.123,53.0603), cal0:(531.396,11.0576)
right eye (inner) real1:(226.214,27.0907), cal1:(299.816,71.4985)

141619 -180717 461011 0.99654
right eye real0:(578.847,53.4016), cal0:(516.499,13.1098)
right eye real1:(214.671,29.6137), cal1:(286.632,72.5323)

133793 -182469 467185 0.996777
right eye (outer) real0:(567.407,54.2611), cal0:(503.996,13.9688)
right eye (outer) real1:(203.074,29.9263), cal1:(275.345,72.6227)

33608.4 -29041.8 77402.1 0.985103
left ear real0:(599.141,70.1528), cal0:(592.803,23.2027)
left ear real1:(348.792,33.6775), cal1:(353.307,85.4116)

99702.1 -152637 423414 0.999114
right ear real0:(517.603,68.6057), cal0:(473.411,32.0461)
right ear real1:(200.192,49.07), cal1:(247.991,87.7577)

174731 -109388 435729 0.996575
mouth (left) real0:(622.717,137.144), cal0:(572.86,97.8226)
mouth (left) real1:(284.505,112.231), cal1:(341.445,151.061)

163331 -120726 494013 0.998445
mouth (right) real0:(593.39,135.824), cal0:(530.573,101.828)
mouth (right) real1:(234.326,121.876), cal1:(304.78,154.209)

1.24401 -0.224419 2.70208 0.998678
left shoulder real0:(609.102,209.488), cal0:(608.534,198.783)
left shoulder real1:(481.438,220.395), cal1:(482.527,231.164)

0.0755756 -3.30457 90.0191 0.998156
right shoulder real0:(333.993,259.525), cal0:(332.452,226.635)
right shoulder real1:(112.838,251.551), cal1:(116.005,282.317)

0.970424 0.52176 1.72691 0.841288
left elbow real0:(672.859,354.092), cal0:(669.542,430.275)
left elbow real1:(604.126,427.292), cal1:(604.071,426.869)

-1.0618 1.19296 4.12248 0.922708
right elbow real0:(176.311,440.437), cal0:(177.214,422.61)
right elbow real1:(11.8054,468.379), cal1:(18.6066,519.915)

0.627046 0.76997 1.29972 0.0857806
left wrist real0:(638.036,466.661), cal0:(621.786,604.73)
left wrist real1:(650.481,658.095), cal1:(639.96,589.31)

-20251.2 127354 184957 0.498582
right wrist real0:(267.721,667.936), cal0:(266.17,662.512)
right wrist real1:(-66.5029,612.602), cal1:(50.9612,803.943)

0.591915 0.701579 1.20481 0.0687305
left pinky real0:(637.722,506.209), cal0:(627.1,598.661)
left pinky real1:(681.522,722.629), cal1:(659.808,579.831)

-15288.2 144120 182022 0.417134
right pinky real0:(283.57,729.205), cal0:(281.489,724.543)
right pinky real1:(-103.154,661.907), cal1:(73.5481,875.507)

0.631622 0.822158 1.35624 0.0785846
left index real0:(626.352,492.894), cal0:(611.734,613.017)
left index real1:(643.812,724.474), cal1:(624.749,600.875)

-6787.44 164581 219393 0.473492
right index real0:(317.11,704.46), cal0:(313.362,699.536)
right index real1:(-85.7531,658.092), cal1:(112.433,829.58)

0.632562 0.868866 1.40665 0.0913421
left thumb real0:(619.191,483.372), cal0:(602.108,619.917)
left thumb real1:(625.153,701.551), cal1:(611.076,610.921)

-11772.6 189023 268934 0.425133
right thumb real0:(312.031,680.068), cal0:(305.65,671.106)
right thumb real1:(-64.7097,643.193), cal1:(101.513,797.883)

1.55813 2.43488 4.08851 0.0141431
left hip real0:(561.868,598.638), cal0:(560.899,606.61)
left hip real1:(443.183,642.348), cal1:(441.12,628.971)

0.879228 6.4221 10.4435 0.0196496
right hip real0:(380.616,632.189), cal0:(382.526,618.265)
right hip real1:(215.108,655.007), cal1:(222.42,700.935)

1.47303 4.44991 4.04184 0.00388383
left knee real0:(561.464,868.684), cal0:(550.894,910.359)
left knee real1:(470.876,1010.95), cal1:(459.205,952.085)

3.51253 26.3568 24.5741 0.0139566
right knee real0:(417.906,892.946), cal0:(417.819,893.281)
right knee real1:(261.017,1020.08), cal1:(259.392,1011.99)

1.11476 5.49966 3.43484 0.00128042
left ankle real0:(559.346,1127.36), cal0:(526.924,1210.96)
left ankle real1:(486.606,1336.57), cal1:(479.491,1307.77)

2.34068 26.2602 17.548 0.00252103
right ankle real0:(413.276,1144.92), cal0:(412.082,1148.06)
right ankle real1:(279.724,1344.42), cal1:(277.061,1333.5)

0.838229 4.71696 2.80283 0.00128315
left heel real0:(546.817,1174.7), cal0:(511.616,1260.11)
left heel real1:(495.696,1386.96), cal1:(492.131,1373.06)

0.71485 12.0548 7.70614 0.00345471
right heel real0:(386.951,1190.63), cal0:(387.677,1188.83)
right heel real1:(277.912,1393.56), cal1:(279.562,1400.09)

35094.6 121800 75452.8 0.00491896
left foot index real0:(615.184,1212.33), cal0:(611.376,1218.84)
left foot index real1:(458.6,1448.33), cal1:(461.455,1282.85)

22926.1 127804 79090.4 0.006564
right foot index real0:(508.339,1217.61), cal0:(506.092,1219.84)
right foot index real1:(315.668,1459.81), cal1:(362.065,1358.14)

