camera0:
0.987545 0.211193 0.993542 0
0.972585 0.107316 0.989557 0
0.977417 0.111534 0.98748 0
0.979888 0.114757 0.981827 0
0.934943 0.104887 0.996793 0
0.914801 0.10794 0.997997 0
0.890634 0.110703 0.998146 0
0.939327 0.138025 0.982313 0
0.809168 0.140048 0.999465 0
0.982201 0.282787 0.991629 0
0.941797 0.281574 0.998773 0
0.951745 0.454794 0.951532 0.59275
0.521771 0.554017 0.998158 0
1.02603 0.808251 0.0805753 -111
0.330206 1.06973 0.934969 -111
0.988008 1.11946 0.082759 -111
0.467084 1.38875 0.570353 -111
0.993809 1.22255 0.0893896 -111
0.494444 1.50491 0.483551 -111
0.976835 1.20362 0.0988972 -111
0.535706 1.44747 0.534456 -111
0.962936 1.17181 0.0957611 -111
0.525398 1.39964 0.488682 -111
0.876212 1.25347 0.0235862 -111
0.604582 1.32706 0.0325868 -111
0.866336 1.85879 0.00534339 -111
0.636085 1.94301 0.0223497 -111
0.860636 2.41913 0.00126333 -111
0.62842 2.47417 0.00419337 -111
0.841799 2.52366 0.000998838 -111
0.591751 2.5702 0.00527868 -111
0.956225 2.59044 0.00664757 -111
0.775533 2.62721 0.0099021 -111
camera1:
0.385474 0.16506 0.9817 0
0.418926 0.056681 0.967419 0
0.450637 0.0530214 0.967333 0
0.479155 0.0530991 0.973625 0
0.350162 0.078396 0.955278 0
0.330458 0.0878232 0.94991 0
0.309495 0.0980222 0.950031 0
0.540447 0.0731546 0.980675 0
0.304197 0.114534 0.961709 0
0.44895 0.240661 0.995475 0
0.367103 0.262099 0.993006 0
0.749103 0.450498 0.998352 0
0.176879 0.512937 0.996913 0.52625
0.945899 0.868908 0.852256 0
-0.0567061 0.922252 0.596003 -111
1.04791 1.33581 0.106589 -111
-0.19733 1.18162 0.11723 -111
1.10049 1.46918 0.0722268 -111
-0.260812 1.2687 0.0837059 -111
1.05216 1.47465 0.094948 -111
-0.232507 1.25924 0.104364 -111
1.02325 1.42809 0.112309 -111
-0.199975 1.24036 0.130256 -111
0.687448 1.3304 0.0153856 -111
0.324582 1.35372 0.0151883 -111
0.726768 2.08298 0.00722268 -111
0.386027 2.10524 0.00624101 -111
0.755276 2.75019 0.00327718 -111
0.415818 2.77051 0.0030266 -111
0.769918 2.85472 0.0032931 -111
0.412993 2.87115 0.00399431 -111
0.711367 2.98304 0.00232404 -111
0.478024 3.01578 0.00226694 -111
fused:
182405 -148518 477531 0.993542
nose real0:(632.029,101.372), cal0:(561.424,61.7836)
nose real1:(246.703,79.2287), cal1:(329.278,118.421)

162105 -163954 412063 0.989557
left eye (inner) real0:(622.455,51.5115), cal0:(568.287,9.57377)
left eye (inner) real1:(268.113,27.2069), cal1:(331.78,72.1901)

157899 -151893 382369 0.98748
left eye real0:(625.547,53.5362), cal0:(580.033,9.96035)
left eye real1:(288.408,25.4503), cal1:(341.751,73.1595)

150530 -139231 351258 0.981827
left eye (outer) real0:(627.128,55.0835), cal0:(589.403,10.4797)
left eye (outer) real1:(306.659,25.4876), cal1:(349.633,74.1089)

153669 -178290 458300 0.996793
right eye (inner) real0:(598.363,50.3458), cal0:(533.386,14.8981)
right eye (inner) real1:(224.104,37.6301), cal1:(301.817,75.0694)

146105 -178976 466968 0.997997
right eye real0:(585.473,51.8114), cal0:(519.915,18.3554)
right eye real1:(211.493,42.1551), cal1:(290.026,77.4849)

135850 -179069 474152 0.998146
right eye (outer) real0:(570.006,53.1375), cal0:(504.074,21.7271)
right eye (outer) real1:(198.077,47.0507), cal1:(275.884,79.7367)

67962.3 -58930.6 156540 0.982313
left ear real0:(601.169,66.2519), cal0:(592.771,22.4518)
left ear real1:(345.886,35.1142), cal1:(353.229,84.7528)

99219.8 -152664 427944 0.999465
right ear real0:(517.867,67.2232), cal0:(471.237,34.3015)
right ear real1:(194.686,54.9762), cal1:(246.062,89.7644)

175895 -107097 429394 0.995475
mouth (left) real0:(628.609,135.738), cal0:(578.043,98.8024)
mouth (left) real1:(287.328,115.517), cal1:(345.922,152.005)

167820 -119247 492956 0.998773
mouth (right) real0:(602.75,135.156), cal0:(536.47,103.317)
mouth (right) real1:(234.946,125.808), cal1:(310.126,155.641)

1.25874 -0.21617 2.7371 0.998352
left shoulder real0:(609.117,218.301), cal0:(608.228,201.233)
left shoulder real1:(479.426,216.239), cal1:(481.175,233.488)

0.0190916 -2.42483 67.2333 0.998158
right shoulder real0:(333.934,265.928), cal0:(332.119,227.022)
right shoulder real1:(113.202,246.21), cal1:(116.952,282.618)

0.863317 0.453817 1.6032 0.852256
left elbow real0:(656.661,387.961), cal0:(655.456,418.818)
left elbow real1:(605.375,417.076), cal1:(605.337,416.774)

-16.8563 29.6392 86.763 0.934969
right elbow real0:(211.332,513.472), cal0:(215.232,454.001)
right elbow real1:(-36.2919,442.681), cal1:(-20.1012,561.235)

0.572032 0.715973 1.18025 0.106589
left wrist real0:(632.325,537.341), cal0:(623.121,613.273)
left wrist real1:(670.663,641.187), cal1:(663.366,593.826)

-19145.8 192443 284736 0.570353
right wrist real0:(298.934,666.601), cal0:(291.552,654.883)
right wrist real1:(-126.291,567.178), cal1:(83.1454,783.722)

0.536329 0.711561 1.08604 0.0893896
left pinky real0:(636.038,586.826), cal0:(628.63,642.457)
left pinky real1:(704.312,705.207), cal1:(690.407,617.155)

-9682.01 200018 258869 0.483551
right pinky real0:(316.444,722.354), cal0:(309.479,713.054)
right pinky real1:(-166.92,608.974), cal1:(108.32,848.027)

0.559176 0.788069 1.18465 0.0988972
left index real0:(625.175,577.738), cal0:(615.52,648.495)
left index real1:(673.382,707.83), cal1:(660.918,629.425)

535.296 214687 295703 0.534456
right index real0:(342.852,694.786), cal0:(333.036,685.027)
right index real1:(-148.804,604.435), cal1:(135.53,803.479)

0.55794 0.801474 1.22484 0.112309
left thumb real0:(616.279,562.468), cal0:(605.608,641.952)
left thumb real1:(654.882,685.481), cal1:(645.587,626.752)

-7061.89 241318 356386 0.488682
right thumb real0:(336.255,671.826), cal0:(320.044,655.641)
right thumb real1:(-127.984,595.373), cal1:(118.373,773.16)

1.59847 2.50028 4.20617 0.0235862
left hip real0:(560.776,601.665), cal0:(560.257,605.942)
left hip real1:(439.967,638.594), cal1:(438.454,628.777)

1.61394 10.602 17.0275 0.0325868
right hip real0:(386.933,636.991), cal0:(388.891,622.895)
right hip real1:(207.732,649.785), cal1:(216.74,706.16)

1.31769 4.26308 3.74131 0.00722268
left knee real0:(554.455,892.22), cal0:(543.536,933.498)
left knee real1:(465.132,999.829), cal1:(461.074,979.746)

2.2687 20.1562 17.8318 0.0223497
right knee real0:(407.095,932.644), cal0:(408.382,928.023)
right knee real1:(247.057,1010.52), cal1:(256.956,1058.34)

1.13113 5.55207 3.44662 0.00327718
left ankle real0:(550.807,1161.18), cal0:(529.111,1216.81)
left ankle real1:(483.377,1320.09), cal1:(481.705,1313.35)

2.64973 31.0407 20.3203 0.00419337
right ankle real0:(402.189,1187.6), cal0:(410.287,1166.75)
right ankle real1:(266.123,1329.84), cal1:(273.576,1359.99)

0.932109 5.01538 2.98552 0.0032931
left heel real0:(538.751,1211.36), cal0:(519.513,1258.29)
left heel real1:(492.747,1370.26), cal1:(491.862,1366.8)

0.969441 15.5503 9.79654 0.00527868
right heel real0:(378.72,1233.7), cal0:(391.398,1202.66)
right heel real1:(264.316,1378.15), cal1:(274.495,1418.08)

43499.7 161644 96296.9 0.00664757
left foot index real0:(611.984,1243.41), cal0:(603.328,1257.51)
left foot index real1:(455.275,1431.86), cal1:(457.756,1333.31)

26808.4 168929 100136 0.0099021
right foot index real0:(496.341,1261.06), cal0:(492.785,1262.56)
right foot index real1:(305.936,1447.57), cal1:(352.008,1422.12)

