camera0:
0.982332 0.222135 0.989006 0
0.968395 0.120391 0.981759 0
0.972349 0.125583 0.978231 0
0.974484 0.129329 0.969185 0
0.932844 0.113025 0.994131 0
0.909155 0.113132 0.996257 0
0.890621 0.114108 0.996531 0
0.93541 0.149232 0.969025 0
0.809815 0.146353 0.999071 0
0.973475 0.288035 0.988212 0
0.930016 0.284476 0.998391 0
0.951727 0.436329 0.950091 0.59625
0.522202 0.540377 0.998211 0
1.02931 0.73125 0.0589268 -111
0.263487 0.917408 0.923836 0
0.990111 0.952552 0.0605277 0
0.371614 1.3694 0.490139 -111
0.995414 1.02108 0.0702584 -111
0.392773 1.49043 0.407158 -111
0.979434 0.995766 0.0804454 0
0.442949 1.43925 0.464651 -111
0.967498 0.981003 0.0751412 0
0.436918 1.39234 0.416765 -111
0.870376 1.24606 0.0124863 -111
0.584402 1.31772 0.0172827 -111
0.868219 1.87221 0.00353401 -111
0.627711 1.94346 0.0122686 -111
0.858061 2.4345 0.000731128 -111
0.623714 2.48049 0.0021602 -111
0.83508 2.53818 0.000500437 -111
0.583249 2.57695 0.0030161 -111
0.950067 2.60249 0.00440866 -111
0.775579 2.62664 0.00573941 -111
camera1:
0.38247 0.151027 0.985331 0
0.418228 0.0432403 0.975363 0
0.4532 0.042915 0.9753 0
0.480087 0.0459196 0.980783 0
0.353102 0.0523871 0.965174 0
0.334923 0.0597977 0.959437 0
0.332563 0.0756409 0.959313 0
0.546729 0.0702837 0.985523 0
0.314704 0.101853 0.966813 0
0.444035 0.234272 0.996658 0
0.363946 0.254045 0.99462 0
0.752419 0.458534 0.99874 0
0.17577 0.518025 0.997089 0.52525
0.946794 0.895306 0.843076 0
0.032524 0.972516 0.450374 0
1.03122 1.37013 0.0880446 -111
-0.0404874 1.2832 0.0677588 -111
1.08337 1.50273 0.0583324 -111
-0.0833717 1.38757 0.0504735 -111
1.02775 1.50857 0.081651 -111
-0.0535977 1.38082 0.0668322 -111
0.996818 1.46054 0.0939095 -111
-0.0250296 1.34936 0.0855472 -111
0.692176 1.33661 0.0102648 -111
0.337695 1.35841 0.00938246 -111
0.733551 2.10569 0.00258839 -111
0.408223 2.11997 0.00212067 -111
0.750054 2.78499 0.00104005 -111
0.428428 2.79643 0.000956148 -111
0.765694 2.89041 0.00104132 -111
0.424672 2.89882 0.00126782 -111
0.695605 3.01781 0.000738179 -111
0.478754 3.03972 0.000720748 -111
fused:
183360 -152379 488101 0.989006
nose real0:(628.693,106.625), cal0:(557.631,61.0768)
nose real1:(244.781,72.4929), cal1:(325.957,117.671)

162550 -166780 418678 0.981759
left eye (inner) real0:(619.773,57.7878), cal0:(565.191,9.29471)
left eye (inner) real1:(267.666,20.7553), cal1:(329.12,71.7758)

157066 -152062 383906 0.978231
left eye real0:(622.303,60.2796), cal0:(577.736,10.6519)
left eye real1:(290.048,20.5992), cal1:(339.861,73.646)

149510 -139081 352801 0.980783
left eye (outer) real0:(623.669,62.0781), cal0:(586.539,11.7759)
left eye (outer) real1:(307.256,22.0414), cal1:(347.328,75.0944)

153995 -182823 461699 0.994131
right eye (inner) real0:(597.02,54.2519), cal0:(532.326,10.7192)
right eye (inner) real1:(225.985,25.1458), cal1:(300.619,71.245)

144527 -182822 466384 0.996257
right eye real0:(581.859,54.3036), cal0:(518.118,13.1108)
right eye real1:(214.351,28.7029), cal1:(288.089,72.6226)

136762 -177257 460386 0.996531
right eye (outer) real0:(569.997,54.772), cal0:(510.41,17.3061)
right eye (outer) real1:(212.84,36.3077), cal1:(281.385,76.0246)

132.545 -114.238 305.529 0.985523
left ear real0:(598.663,71.6313), cal0:(592.572,23.9868)
left ear real1:(349.907,33.7362), cal1:(354.09,86.0137)

100659 -152419 424480 0.999071
right ear real0:(518.281,70.2495), cal0:(474.41,32.899)
right ear real1:(201.41,48.8892), cal1:(248.985,88.6029)

175993 -109705 438957 0.996658
mouth (left) real0:(623.024,138.257), cal0:(572.815,98.4971)
mouth (left) real1:(284.182,112.45), cal1:(341.451,151.667)

165746 -122012 500510 0.998391
mouth (right) real0:(595.21,136.548), cal0:(530.894,102.192)
mouth (right) real1:(232.926,121.942), cal1:(305.089,154.547)

1.24229 -0.22486 2.69838 0.99874
left shoulder real0:(609.105,209.438), cal0:(608.529,198.616)
left shoulder real1:(481.548,220.096), cal1:(482.651,231.002)

0.10251 -3.82111 97.402 0.998211
right shoulder real0:(334.209,259.381), cal0:(332.58,225.12)
right shoulder real1:(112.493,248.652), cal1:(115.787,280.724)

0.864918 0.491936 1.6079 0.843076
left elbow real0:(658.76,351), cal0:(655.11,432.569)
left elbow real1:(605.948,429.747), cal1:(605.891,429.313)

-0.924825 0.998855 3.41944 0.923836
right elbow real0:(168.632,440.356), cal0:(169.465,424.252)
right elbow real1:(20.8154,466.808), cal1:(28.0121,521.207)

0.580723 0.722112 1.22556 0.0880446
left wrist real0:(633.671,457.225), cal0:(616.617,602.805)
left wrist real1:(659.982,657.661), cal1:(649.131,586.632)

-12778.3 55153.5 82049.1 0.490139
right wrist real0:(237.833,657.314), cal0:(238.385,652.68)
right wrist real1:(-25.9119,615.935), cal1:(13.65,803.534)

0.559272 0.649143 1.14286 0.0702584
left pinky real0:(637.065,490.12), cal0:(625.938,590.055)
left pinky real1:(693.354,721.31), cal1:(670.528,570.071)

-17381.2 99459.8 129231 0.407158
right pinky real0:(251.375,715.406), cal0:(251.147,711.231)
right pinky real1:(-53.3579,666.035), cal1:(33.1254,873.129)

0.590831 0.760324 1.27088 0.081651
left index real0:(626.838,477.968), cal0:(611.242,608.246)
left index real1:(657.758,724.116), cal1:(637.814,594.268)

-14180.4 124653 171127 0.464651
right index real0:(283.487,690.839), cal0:(282.166,686.469)
right index real1:(-34.3025,662.793), cal1:(72.682,827.09)

0.591563 0.808477 1.32021 0.0939095
left thumb real0:(619.199,470.881), cal0:(601.14,616.732)
left thumb real1:(637.964,701.059), cal1:(623.241,606.021)

-18000.9 136907 199878 0.416765
right thumb real0:(279.627,668.323), cal0:(277.843,660.345)
right thumb real1:(-16.0189,647.695), cal1:(65.97,796.227)

1.4438 2.30466 3.87102 0.0124863
left hip real0:(557.04,598.111), cal0:(556.018,606.501)
left hip real1:(442.992,641.571), cal1:(441.125,629.466)

0.617542 5.12558 8.37876 0.0172827
right hip real0:(374.017,632.504), cal0:(376.226,616.341)
right hip real1:(216.125,652.038), cal1:(223.675,699.511)

1.42142 4.42345 3.93458 0.00353401
left knee real0:(555.66,898.659), cal0:(548.981,924.355)
left knee real1:(469.473,1010.73), cal1:(460.892,967.923)

1.04256 10.126 8.9162 0.0122686
right knee real0:(401.735,932.863), cal0:(402.194,931.226)
right knee real1:(261.263,1017.58), cal1:(270.423,1061.67)

1.22823 6.02142 3.73173 0.00104005
left ankle real0:(549.159,1168.56), cal0:(529.678,1218.43)
left ankle real1:(480.035,1336.8), cal1:(475.052,1316.71)

1.23957 16.2353 10.4683 0.0021602
right ankle real0:(399.177,1190.64), cal0:(403.086,1180.77)
right ankle real1:(274.194,1342.29), cal1:(283.616,1379.95)

0.91534 5.07945 3.00312 0.00104132
left heel real0:(534.451,1218.33), cal0:(515.059,1265.2)
left heel real1:(490.044,1387.39), cal1:(487.823,1378.75)

0.468154 9.64926 5.95287 0.0030161
right heel real0:(373.279,1236.94), cal0:(379.194,1222.86)
right heel real1:(271.79,1391.44), cal1:(286.833,1449.41)

31585.7 116007 69409.2 0.00440866
left foot index real0:(608.043,1249.2), cal0:(605.334,1253.15)
left foot index real1:(445.187,1448.55), cal1:(459.161,1326.81)

18479.1 114681 68048.6 0.00573941
right foot index real0:(496.37,1260.79), cal0:(495.09,1261.53)
right foot index real1:(306.403,1459.07), cal1:(354.293,1418.97)

