camera0:
0.979817 0.222052 0.989164 0
0.96757 0.11945 0.981936 0
0.971949 0.124732 0.978443 0
0.974391 0.1286 0.969432 0
0.930564 0.112288 0.994193 0
0.905711 0.112452 0.996307 0
0.887645 0.113669 0.996587 0
0.936189 0.149075 0.968973 0
0.808879 0.145285 0.999075 0
0.972738 0.287913 0.988143 0
0.92716 0.284383 0.99838 0
0.953309 0.436341 0.949079 0.61
0.52205 0.540442 0.998186 0
1.05631 0.73021 0.059059 -111
0.251243 0.917911 0.923717 0
0.999002 0.954219 0.0586079 0
0.368728 1.38065 0.494155 -111
0.998771 1.02935 0.0678184 -111
0.390337 1.50499 0.411529 -111
0.979946 1.00157 0.0776605 -111
0.442195 1.45213 0.468446 -111
0.969109 0.985078 0.0727754 0
0.436244 1.4044 0.420396 -111
0.876605 1.24764 0.0132367 -111
0.5902 1.3177 0.0183763 -111
0.87296 1.83624 0.00366855 -111
0.638284 1.89787 0.013052 -111
0.868342 2.38434 0.000775032 -111
0.638102 2.42181 0.00233556 -111
0.848128 2.48501 0.000536542 -111
0.599046 2.51537 0.00322729 -111
0.956501 2.55627 0.00463359 -111
0.784981 2.56944 0.00613045 -111
camera1:
0.383491 0.150082 0.984788 0
0.417891 0.0432755 0.974218 0
0.452484 0.0428999 0.974162 0
0.47861 0.0458698 0.979767 0
0.353289 0.0560805 0.963729 0
0.335206 0.0626507 0.958134 0
0.317031 0.063406 0.95803 0
0.544823 0.0705795 0.984756 0
0.315037 0.102089 0.965948 0
0.444147 0.233981 0.996505 0
0.365766 0.253929 0.994417 0
0.752189 0.4588 0.998688 0
0.176691 0.524224 0.997068 0.52625
0.944539 0.890292 0.842381 0
0.0233538 0.982662 0.47396 0
1.03101 1.371 0.0865889 -111
-0.0867159 1.28923 0.0709704 -111
1.08314 1.50448 0.0567952 -111
-0.140458 1.39153 0.0519817 -111
1.02851 1.50958 0.0791659 -111
-0.113926 1.386 0.0684749 -111
0.997391 1.46183 0.0919207 -111
-0.0821937 1.3554 0.0877221 -111
0.693869 1.33866 0.0105756 -111
0.339209 1.36608 0.0097791 -111
0.739565 2.10693 0.00283562 -111
0.412473 2.12631 0.0023387 -111
0.76633 2.78591 0.00115428 -111
0.444885 2.80146 0.00106176 -111
0.781924 2.89157 0.00115612 -111
0.442893 2.9041 0.00140722 -111
0.718785 3.01831 0.000819137 -111
0.498847 3.04209 0.00079972 -111
fused:
178008 -148436 475054 0.989164
nose real0:(627.083,106.585), cal0:(557.061,60.9118)
nose real1:(245.434,72.0395), cal1:(325.453,117.506)

158667 -163138 409256 0.981936
left eye (inner) real0:(619.245,57.3362), cal0:(564.862,9.13112)
left eye (inner) real1:(267.45,20.7722), cal1:(328.828,71.613)

153621 -149010 375950 0.978443
left eye real0:(622.047,59.8714), cal0:(577.433,10.4934)
left eye real1:(289.59,20.592), cal1:(339.595,73.4904)

146725 -136821 346848 0.979767
left eye (outer) real0:(623.61,61.7282), cal0:(586.086,11.6267)
left eye (outer) real1:(306.31,22.0175), cal1:(346.939,74.9401)

149837 -177920 450752 0.994193
right eye (inner) real0:(595.561,53.8983), cal0:(531.651,11.4771)
right eye (inner) real1:(226.105,26.9187), cal1:(300.068,71.8908)

139973 -177671 454375 0.996307
right eye real0:(579.655,53.9772), cal0:(517.017,13.6971)
right eye real1:(214.532,30.0723), cal1:(287.135,73.0948)

132185 -179455 460379 0.996587
right eye (outer) real0:(568.093,54.5609), cal0:(504.44,14.433)
right eye (outer) real1:(202.9,30.4349), cal1:(275.779,73.0724)

34324.8 -29565.8 79077.1 0.984756
left ear real0:(599.161,71.556), cal0:(592.72,23.9968)
left ear real1:(348.686,33.8782), cal1:(353.291,86.1033)

98029.1 -148741 413900 0.999075
right ear real0:(517.682,69.7366), cal0:(474.234,32.7233)
right ear real1:(201.624,49.0027), cal1:(248.809,88.4303)

171675 -107181 428606 0.996505
mouth (left) real0:(622.552,138.198), cal0:(572.579,98.4087)
mouth (left) real1:(284.254,112.311), cal1:(341.245,151.585)

160570 -118461 485976 0.99838
mouth (right) real0:(593.382,136.504), cal0:(530.445,102.201)
mouth (right) real1:(234.09,121.886), cal1:(304.689,154.55)

1.25817 -0.22678 2.7229 0.998688
left shoulder real0:(610.118,209.444), cal0:(609.544,198.643)
left shoulder real1:(481.401,220.224), cal1:(482.499,231.09)

0.0920361 -3.22698 87.9044 0.998186
right shoulder real0:(334.112,259.412), cal0:(332.577,226.635)
right shoulder real1:(113.082,251.628), cal1:(116.239,282.299)

0.989963 0.528228 1.74613 0.842381
left elbow real0:(676.036,350.501), cal0:(672.549,430.503)
left elbow real1:(604.505,427.34), cal1:(604.449,426.908)

-0.935853 0.962783 3.30156 0.923717
right elbow real0:(160.795,440.597), cal0:(161.657,423.953)
right elbow real1:(14.9464,471.678), cal1:(21.6288,522.183)

0.60216 0.73984 1.24717 0.0865889
left wrist real0:(639.361,458.025), cal0:(622.009,605.211)
left wrist real1:(659.847,658.079), cal1:(649.176,588.34)

-21006.4 89390.3 131395 0.494155
right wrist real0:(235.986,662.714), cal0:(235.903,657.557)
right wrist real1:(-55.4981,618.831), cal1:(10.4632,810.908)

0.566774 0.660913 1.15037 0.0678184
left pinky real0:(639.214,494.089), cal0:(627.937,593.976)
left pinky real1:(693.208,722.152), cal1:(670.712,573.587)

-20697.2 116931 149785 0.411529
right pinky real0:(249.816,722.396), cal0:(248.935,717.863)
right pinky real1:(-89.8929,667.933), cal1:(30.422,882.822)

0.59062 0.764232 1.26925 0.0791659
left index real0:(627.166,480.752), cal0:(611.502,610.559)
left index real1:(658.246,724.598), cal1:(638.513,596.384)

-16219.2 140327 190107 0.468446
right index real0:(283.005,697.02), cal0:(280.693,692.311)
right index real1:(-72.9128,665.28), cal1:(71.059,835.097)

0.594015 0.814901 1.32169 0.0919207
left thumb real0:(620.23,472.837), cal0:(601.953,619.241)
left thumb real1:(638.33,701.676), cal1:(623.834,608.295)

-21419.4 158278 228206 0.420396
right thumb real0:(279.196,674.11), cal0:(275.56,665.526)
right thumb real1:(-52.604,650.591), cal1:(63.2633,803.689)

1.5177 2.3857 3.99816 0.0132367
left hip real0:(561.027,598.865), cal0:(559.998,607.305)
left hip real1:(444.076,642.558), cal1:(442.083,629.645)

0.724902 5.59715 9.11254 0.0183763
right hip real0:(377.728,632.497), cal0:(379.739,617.838)
right hip real1:(217.094,655.72), cal1:(224.238,700.594)

1.39114 4.26544 3.83841 0.00366855
left knee real0:(558.694,881.396), cal0:(549.68,916.544)
left knee real1:(473.322,1011.33), cal1:(462.818,958.608)

1.47775 12.7444 11.5745 0.013052
right knee real0:(408.502,910.978), cal0:(408.65,910.43)
right knee real1:(263.983,1020.63), cal1:(266.813,1034.49)

1.0886 5.35908 3.33238 0.00115428
left ankle real0:(555.739,1144.49), cal0:(528.201,1215.19)
left ankle real1:(490.451,1337.24), cal1:(484.009,1311.23)

1.45036 17.1784 11.3162 0.00233556
right ankle real0:(408.386,1162.47), cal0:(408.946,1161.02)
right ankle real1:(284.726,1344.7), cal1:(286.034,1350.01)

0.824368 4.61198 2.72995 0.00115612
left heel real0:(542.802,1192.8), cal0:(513.362,1264)
left heel real1:(500.432,1387.95), cal1:(497.284,1375.7)

0.564376 9.99598 6.30403 0.00322729
right heel real0:(383.389,1207.38), cal0:(385.732,1201.65)
right heel real1:(283.452,1393.97), cal1:(289.107,1416.13)

31114.1 110423 67462.3 0.00463359
left foot index real0:(612.161,1227.01), cal0:(609.025,1232.4)
left foot index real1:(460.022,1448.79), cal1:(460.586,1300.12)

19631.1 114701 69894.1 0.00613045
right foot index real0:(502.388,1233.33), cal0:(500.684,1234.96)
right foot index real1:(319.262,1460.21), cal1:(357.83,1381.11)

