camera0:
0.984687 0.215518 0.99162 0
0.970017 0.113571 0.986599 0
0.974132 0.118215 0.984009 0
0.975873 0.121808 0.97745 0
0.933141 0.109459 0.995696 0
0.909014 0.110942 0.997239 0
0.88945 0.11336 0.997425 0
0.935129 0.142981 0.977385 0
0.809832 0.14704 0.999259 0
0.979405 0.284604 0.990297 0
0.939871 0.284572 0.998597 0
0.9466 0.438767 0.949324 0.59475
0.519348 0.550633 0.998023 0
1.01431 0.696103 0.0663142 -111
0.252859 0.901718 0.926271 0
0.974008 0.895669 0.0664162 0
0.319096 1.35957 0.527668 -111
0.972191 0.9574 0.0745836 0
0.333606 1.47106 0.445163 -111
0.955842 0.928042 0.0842558 1.641
0.388417 1.42127 0.498136 -111
0.945012 0.920897 0.0801008 0
0.387359 1.38002 0.4484 -111
0.8686 1.24498 0.017899 -111
0.599369 1.33716 0.024956 -111
0.886349 1.65589 0.00469482 -111
0.701279 1.72297 0.0179753 -111
0.885012 2.09444 0.00105523 -111
0.700288 2.12314 0.00332718 -111
0.864727 2.18211 0.000754554 -111
0.644412 2.18919 0.00438605 -111
0.980679 2.2481 0.00598461 -111
0.865307 2.26011 0.0083064 -111
camera1:
0.383174 0.150956 0.984939 0
0.41997 0.0421159 0.973261 0
0.456257 0.0404823 0.973252 0
0.482994 0.0439645 0.978404 0
0.349837 0.0423304 0.963207 0
0.330257 0.0536494 0.958754 0
0.309426 0.0653643 0.958734 0
0.546486 0.0687447 0.983973 0
0.303223 0.101908 0.968301 0
0.450426 0.240398 0.996308 0
0.364865 0.260364 0.994349 0
0.750136 0.458564 0.998571 0
0.16866 0.524412 0.997294 0.525
0.946147 0.878856 0.845593 0
-0.019243 0.980856 0.560546 -111
1.01665 1.35973 0.0906481 -111
-0.120169 1.28824 0.0925186 -111
1.0631 1.49477 0.0595025 -111
-0.17243 1.39288 0.0654499 -111
1.00457 1.49769 0.0809513 -111
-0.139381 1.38533 0.0839371 -111
0.976837 1.44893 0.0956973 -111
-0.108984 1.3547 0.1065 -111
0.688272 1.33738 0.0123911 -111
0.322904 1.36501 0.0119856 -111
0.727164 2.1051 0.00447019 -111
0.385348 2.12761 0.00380153 -111
0.751909 2.784 0.00194264 -111
0.41835 2.80359 0.00179159 -111
0.765941 2.89094 0.00194974 -111
0.415792 2.90612 0.00236767 -111
0.706547 3.02389 0.00137825 -111
0.483092 3.05278 0.00134456 -111
fused:
183887 -153172 486351 0.99162
nose real0:(630.2,103.448), cal0:(559.094,59.4214)
nose real1:(245.232,72.459), cal1:(327.114,116.228)

162679 -166910 415945 0.986599
left eye (inner) real0:(620.811,54.5142), cal0:(566.91,7.53451)
left eye (inner) real1:(268.781,20.2156), cal1:(330.474,70.312)

156718 -151758 379718 0.984009
left eye real0:(623.444,56.7433), cal0:(579.897,8.50674)
left eye real1:(292.004,19.4315), cal1:(341.543,71.875)

148911 -138539 348632 0.978404
left eye (outer) real0:(624.558,58.4678), cal0:(588.552,9.87825)
left eye (outer) real1:(309.116,21.103), cal1:(348.885,73.5381)

153285 -184961 461049 0.995696
right eye (inner) real0:(597.21,52.5402), cal0:(531.684,7.59734)
right eye (inner) real1:(223.896,20.3186), cal1:(299.856,68.396)

143791 -184775 467518 0.997239
right eye real0:(581.769,53.2523), cal0:(516.721,11.1722)
right eye real1:(211.365,25.7517), cal1:(286.714,70.7833)

135695 -185833 477342 0.997425
right eye (outer) real0:(569.248,54.413), cal0:(502.728,14.7287)
right eye (outer) real1:(198.033,31.3749), cal1:(274.233,73.2484)

147.618 -128.094 340.299 0.983973
left ear real0:(598.483,68.6309), cal0:(592.553,22.476)
left ear real1:(349.751,32.9974), cal1:(353.879,84.6975)

100759 -156591 436255 0.999259
right ear real0:(518.292,70.579), cal0:(470.703,32.9763)
right ear real1:(194.062,48.9157), cal1:(245.48,88.4978)

177709 -108246 435110 0.996308
mouth (left) real0:(626.819,136.61), cal0:(577.315,99.1842)
mouth (left) real1:(288.273,115.391), cal1:(345.329,152.339)

170442 -121797 504585 0.998597
mouth (right) real0:(601.518,136.594), cal0:(534.878,103.631)
mouth (right) real1:(233.513,124.975), cal1:(308.732,155.913)

1.21484 -0.219815 2.67071 0.998571
left shoulder real0:(605.824,210.608), cal0:(605.221,199.232)
left shoulder real1:(480.087,220.111), cal1:(481.243,231.54)

-0.651919 -10.8714 326.851 0.998023
right shoulder real0:(332.383,264.304), cal0:(330.75,228.708)
right shoulder real1:(107.943,251.718), cal1:(111.37,284.933)

0.805282 0.448321 1.54294 0.845593
left elbow real0:(649.159,334.129), cal0:(645.495,423.321)
left elbow real1:(605.534,421.851), cal1:(605.457,421.254)

-1.22995 1.19778 4.3664 0.926271
right elbow real0:(161.83,432.824), cal0:(162.722,413.558)
right elbow real1:(-12.3155,470.811), cal1:(-6.82366,512.848)

0.566248 0.685089 1.23722 0.0906481
left wrist real0:(623.365,429.921), cal0:(606.904,581.482)
left wrist real1:(650.659,652.672), cal1:(638.06,568.712)

-23230.5 72442.7 109892 0.527668
right wrist real0:(204.222,652.594), cal0:(204.951,644.876)
right wrist real1:(-76.9081,618.356), cal1:(-32.9416,808.314)

0.538464 0.604858 1.15603 0.0745836
left pinky real0:(622.202,459.552), cal0:(611.775,563.144)
left pinky real1:(680.381,717.489), cal1:(655.369,547.957)

-29633.4 112418 149687 0.445163
right pinky real0:(213.508,706.11), cal0:(213.015,700.048)
right pinky real1:(-110.355,668.583), cal1:(-19.7478,877.37)

0.572615 0.71322 1.29657 0.0842558
left index real0:(611.739,445.46), cal0:(597.269,579.289)
left index real1:(642.927,718.893), cal1:(620.639,570.208)

-28175.7 140640 197781 0.498136
right index real0:(248.587,682.207), cal0:(246.363,676.054)
right index real1:(-89.2041,664.959), cal1:(25.3028,829.997)

0.56737 0.766586 1.3345 0.0956973
left thumb real0:(604.808,442.03), cal0:(587.367,593.926)
left thumb real1:(625.175,695.488), cal1:(608.746,587.428)

-33826 155949 232697 0.4484
right thumb real0:(247.91,662.41), cal0:(244.618,651.467)
right thumb real1:(-69.7496,650.257), cal1:(22.0008,799.256)

1.47185 2.34608 3.96301 0.017899
left hip real0:(555.904,597.591), cal0:(555.071,604.477)
left hip real1:(440.494,641.943), cal1:(438.337,627.938)

1.37773 9.68822 15.3964 0.024956
right hip real0:(383.596,641.838), cal0:(385.707,626.869)
right hip real1:(206.659,655.204), cal1:(215.679,711.425)

1.52024 4.49136 4.26271 0.00469482
left knee real0:(567.264,794.829), cal0:(546.203,881.92)
left knee real1:(465.385,1010.45), cal1:(448.57,923.851)

25168.5 128955 132904 0.0179753
right knee real0:(448.818,827.028), cal0:(445.717,831.824)
right knee real1:(246.623,1021.25), cal1:(270.764,927.852)

0.779801 4.41641 2.83158 0.00194264
left ankle real0:(566.407,1005.33), cal0:(497.395,1186.05)
left ankle real1:(481.222,1336.32), cal1:(470.679,1293.25)

20422.2 179541 132276 0.00332718
right ankle real0:(448.184,1019.11), cal0:(424.7,1064.42)
right ankle real1:(267.744,1345.72), cal1:(264.316,1222.06)

0.545105 3.7487 2.27815 0.00194974
left heel real0:(553.425,1047.41), cal0:(475.696,1237.62)
left heel real1:(490.202,1387.65), cal1:(484.484,1365.23)

9.60332 125.476 89.1201 0.00438605
right heel real0:(412.423,1050.81), cal0:(396.685,1094.85)
right heel real1:(266.107,1394.94), cal1:(239.033,1280.02)

54709.8 162184 114843 0.00598461
left foot index real0:(627.635,1079.09), cal0:(618.144,1097.42)
left foot index real1:(452.19,1451.47), cal1:(456.662,1140.97)

44434.4 174359 124044 0.0083064
right foot index real0:(553.797,1084.85), cal0:(547.151,1093.46)
right foot index real1:(309.179,1465.34), cal1:(391.801,1178.09)

