0.0561796 0.164975 -1.3584 0.999676
0.0238383 0.217995 -1.35295 0.999357
0.00308446 0.213872 -1.34849 0.999406
-0.0169561 0.210996 -1.35033 0.999373
0.0892891 0.233097 -1.39373 0.999447
0.115543 0.239117 -1.41554 0.999557
0.144335 0.245272 -1.44005 0.999487
-0.0253777 0.208037 -1.5125 0.999558
0.2341 0.256495 -1.65273 0.999783
0.02574 0.101253 -1.38871 0.999722
0.114095 0.114649 -1.44551 0.999806
-0.216033 -0.145944 -1.80393 0.998107
0.52244 -0.193906 -1.77082 0.997095
-0.574505 -0.385266 -1.44885 0.552873
1.07485 -0.826928 -2.30068 0.761602
-0.288778 -0.0287903 -1.07262 0.650312
1.99206 -0.488698 -3.7265 0.498656
-0.247546 0.0743495 -1.02931 0.65122
2.15768 -0.312159 -3.9386 0.448285
-0.219295 0.0870242 -1.04564 0.697928
2.22292 -0.184309 -4.33423 0.507605
-0.213588 0.0442905 -1.09209 0.708224
1.96932 -0.344255 -3.90817 0.503065
-0.129929 -1.08894 -1.64289 0.0121619
0.322079 -1.09979 -1.6197 0.00739981
-0.132529 -1.87541 -1.67561 0.00312749
0.29173 -1.95102 -1.69816 0.00253903
-0.167475 -3.11125 -2.02583 0.000178216
0.29788 -2.90958 -1.87755 0.000149675
-0.191922 -3.39677 -2.13549 0.000142007
0.325834 -3.08827 -1.92685 0.000326013
-0.141805 -3.08844 -1.85777 0.000798172
0.203146 -3.19636 -1.9032 0.000647758