camera0:
0.678756 0.346686 0.998571
0.692332 0.308211 0.996744
0.702712 0.309498 0.996935
0.712659 0.31113 0.995438
0.659288 0.304704 0.998102
0.645802 0.304411 0.998514
0.631539 0.305139 0.998434
0.712354 0.337153 0.996787
0.596492 0.330379 0.998902
0.691037 0.400375 0.999111
0.652039 0.400274 0.999538
0.793775 0.585383 0.993807
0.495897 0.606643 0.997321
0.85257 0.938255 0.913808
0.460105 0.948186 0.973864
0.593149 0.874063 0.826254
0.707057 0.889412 0.840116
0.538136 0.892073 0.589156
0.770074 0.895478 0.616655
0.525707 0.835917 0.589379
0.779576 0.840339 0.620859
0.54395 0.829822 0.595119
0.759219 0.841055 0.598129
0.752216 1.17221 0.137495
0.529588 1.18279 0.167915
0.745152 1.58781 0.00799155
0.543427 1.59669 0.00565885
0.737559 1.97156 0.000230799
0.540784 1.9775 0.000278828
0.738971 2.03306 0.000364209
0.53274 2.04482 0.000290626
0.72405 2.11367 0.000603658
0.569754 2.10296 0.00174617
camera1:
0.469182 0.352298 0.998967
0.493696 0.309748 0.997501
0.508806 0.311519 0.997629
0.523095 0.314075 0.996978
0.454314 0.310106 0.998423
0.444366 0.311021 0.998605
0.43472 0.312077 0.998656
0.547032 0.341084 0.997884
0.435054 0.337615 0.998448
0.501614 0.40545 0.999142
0.451817 0.405433 0.999244
0.663008 0.618368 0.988602
0.351824 0.606754 0.99837
0.68177 0.932862 0.666913
0.251947 0.917594 0.853273
0.405375 0.913169 0.605352
0.470505 0.915767 0.66178
0.340707 0.927827 0.427557
0.53275 0.915176 0.498018
0.34178 0.888062 0.474529
0.555962 0.860304 0.534357
0.36025 0.87866 0.464026
0.534302 0.860964 0.491175
0.591287 1.22126 0.00486323
0.368165 1.20853 0.00751634
0.566467 1.69672 0.00131185
0.363728 1.69037 0.000919925
0.556099 2.10936 0.000103318
0.368496 2.10703 2.84226e-05
0.566943 2.16788 8.27157e-05
0.366179 2.16656 5.21908e-05
0.503776 2.24547 0.000148138
0.377157 2.25222 0.000331386
fused:
0.210034 -0.148462 1.26688 0.998967
0.233983 -0.191514 1.30275 0.997501
0.250096 -0.190994 1.31269 0.997629
0.265584 -0.189733 1.32171 0.996978
0.187814 -0.19497 1.29937 0.998423
0.171631 -0.198826 1.31608 0.998605
0.154429 -0.202811 1.33611 0.998656
0.281774 -0.176005 1.39727 0.997884
0.117653 -0.202837 1.47045 0.998902
0.235792 -0.102842 1.30815 0.999142
0.179852 -0.103937 1.29263 0.999538
0.405662 0.095488 1.39383 0.993807
-0.0347333 0.0904341 1.51228 0.99837
0.410762 0.356906 1.15679 0.913808
-0.0800235 0.384226 1.27054 0.973864
0.101507 0.352179 1.2793 0.826254
0.220789 0.309811 1.10045 0.840116
0.0263162 0.366065 1.27361 0.589156
0.285272 0.301939 1.06551 0.616655
0.00999355 0.331377 1.32404 0.589379
0.303988 0.26707 1.09265 0.620859
0.0355925 0.323007 1.31823 0.595119
0.282548 0.270154 1.10151 0.598129
0.307803 0.646187 1.23727 0.137495
0.0159624 0.730156 1.37599 0.167915
0.289835 1.02841 1.21184 0.00799155
0.0328416 1.12873 1.31696 0.00565885
0.270511 1.45174 1.30641 0.000230799
0.0312481 1.63658 1.40734 0.000278828
0.305798 1.62541 1.36343 0.000364209
0.0151738 1.76709 1.45969 0.000290626
0.262745 1.60882 1.2864 0.000603658
0.0664646 1.72295 1.37276 0.00174617
