camera0:
0.681114 0.348751 0.998499
0.692839 0.30969 0.996555
0.702965 0.310891 0.996756
0.712673 0.312453 0.99515
0.660494 0.30649 0.997996
0.646972 0.306217 0.998432
0.632713 0.306965 0.998345
0.711639 0.337681 0.996623
0.59699 0.332308 0.998842
0.692744 0.401565 0.999076
0.654709 0.401955 0.999523
0.794351 0.584808 0.993422
0.496455 0.606613 0.997202
0.852795 0.93416 0.910356
0.459644 0.948201 0.97281
0.59332 0.874037 0.811372
0.70689 0.892199 0.830499
0.53972 0.893181 0.559543
0.769912 0.895376 0.597374
0.527745 0.835941 0.56021
0.779135 0.840229 0.601723
0.548779 0.829601 0.567171
0.759219 0.841157 0.579282
0.752807 1.17253 0.124629
0.532199 1.18398 0.155512
0.746558 1.58844 0.00774237
0.546219 1.59955 0.0055397
0.739516 1.96994 0.00022718
0.544334 1.97712 0.000281722
0.740992 2.03086 0.000359496
0.536784 2.04357 0.000289141
0.727536 2.11125 0.000597698
0.573556 2.10145 0.00171543
camera1:
0.469731 0.351985 0.998874
0.49424 0.309682 0.997296
0.509479 0.31142 0.997425
0.523671 0.313901 0.996723
0.4543 0.310039 0.998296
0.444316 0.310966 0.99849
0.434705 0.312034 0.998552
0.547316 0.340572 0.997698
0.434932 0.337531 0.998314
0.502336 0.405082 0.999065
0.452369 0.405293 0.999179
0.662861 0.616993 0.987425
0.352538 0.606602 0.998218
0.682699 0.932131 0.662542
0.252355 0.913904 0.846556
0.414451 0.913117 0.594415
0.471725 0.913675 0.644137
0.341181 0.929293 0.411732
0.532997 0.918102 0.475214
0.342832 0.884187 0.457639
0.549188 0.8587 0.512476
0.369468 0.87551 0.448256
0.53577 0.859518 0.468476
0.591085 1.22151 0.00501712
0.368638 1.20872 0.00771097
0.565224 1.69793 0.00140182
0.362705 1.69066 0.000974258
0.555311 2.11083 0.000109661
0.367643 2.10785 3.07332e-05
0.566518 2.16918 8.71999e-05
0.365699 2.16713 5.61162e-05
0.501585 2.2471 0.000159614
0.373988 2.25344 0.000361682
fused:
0.212172 -0.146417 1.25934 0.998874
0.234704 -0.190638 1.30161 0.997296
0.250722 -0.190433 1.31289 0.997425
0.266007 -0.189361 1.3225 0.996723
0.188911 -0.193113 1.29399 0.998296
0.172765 -0.196923 1.31061 0.99849
0.155675 -0.200868 1.33059 0.998552
0.281594 -0.176627 1.4007 0.997698
0.118377 -0.201141 1.46625 0.998842
0.237447 -0.101871 1.3034 0.999076
0.18246 -0.10216 1.28414 0.999523
0.405625 0.094339 1.39067 0.993422
-0.0338383 0.0903765 1.51272 0.998218
0.411665 0.355285 1.15833 0.910356
-0.0808128 0.383804 1.27331 0.97281
0.103868 0.359588 1.30605 0.811372
0.221191 0.311448 1.10351 0.830499
0.0283705 0.365877 1.26971 0.559543
0.28528 0.303373 1.06626 0.597374
0.0128618 0.328736 1.3203 0.56021
0.299891 0.263393 1.0797 0.601723
0.0427842 0.324483 1.3302 0.567171
0.283373 0.270666 1.10469 0.579282
0.307932 0.645106 1.23469 0.124629
0.0196624 0.727124 1.36797 0.155512
0.289396 1.02149 1.20468 0.00774237
0.0360975 1.12207 1.30704 0.0055397
0.267725 1.43115 1.29535 0.00022718
0.0358822 1.61792 1.39216 0.000281722
0.30437 1.60572 1.35132 0.000359496
0.0201132 1.7423 1.44212 0.000289141
0.260625 1.57721 1.26695 0.000597698
0.069018 1.68939 1.34992 0.00171543
