camera0:
0.682402 0.350099 0.998436
0.693038 0.310855 0.996366
0.703042 0.312009 0.996568
0.712649 0.313532 0.994838
0.660946 0.307981 0.997898
0.647264 0.307757 0.99836
0.632881 0.308508 0.99827
0.711567 0.338335 0.996428
0.596982 0.333501 0.998791
0.694122 0.40217 0.999041
0.656069 0.402526 0.999513
0.796039 0.584866 0.992927
0.497068 0.606429 0.997088
0.853307 0.93649 0.908584
0.460294 0.949408 0.972763
0.592401 0.877113 0.796091
0.709012 0.893018 0.825169
0.539732 0.89434 0.530637
0.770291 0.895629 0.585824
0.527625 0.8367 0.531931
0.778546 0.840291 0.590442
0.55138 0.829758 0.539389
0.75937 0.84174 0.567415
0.751656 1.16523 0.116202
0.533264 1.17585 0.149653
0.744965 1.58082 0.00804637
0.547034 1.59517 0.00575604
0.736183 1.95754 0.000236767
0.544611 1.96613 0.000299585
0.737332 2.01704 0.000373226
0.537634 2.02989 0.00030445
0.72452 2.09779 0.000615981
0.573573 2.09148 0.00177834
camera1:
0.469726 0.351551 0.998779
0.494203 0.309335 0.997073
0.509479 0.310977 0.997209
0.523614 0.313418 0.996444
0.453994 0.309853 0.998161
0.443889 0.310829 0.998374
0.434331 0.31193 0.998445
0.547338 0.340119 0.997492
0.43485 0.337053 0.998175
0.50239 0.404673 0.998981
0.452451 0.405169 0.999109
0.662232 0.615814 0.986106
0.353338 0.605745 0.998054
0.680809 0.927068 0.656028
0.25398 0.912094 0.842366
0.409677 0.912027 0.600849
0.472886 0.910548 0.646768
0.340972 0.92001 0.413126
0.536397 0.899395 0.474517
0.342423 0.880636 0.45671
0.560516 0.856808 0.51091
0.361694 0.874326 0.449627
0.537125 0.857962 0.466343
0.592746 1.21481 0.00517953
0.369074 1.20198 0.00793518
0.568092 1.68845 0.0014442
0.364319 1.6826 0.000990839
0.55784 2.1014 0.000111208
0.368719 2.10034 3.23857e-05
0.569274 2.1599 8.85401e-05
0.366383 2.16032 5.83179e-05
0.503406 2.23727 0.000168877
0.374772 2.24431 0.000392474
fused:
0.213197 -0.145184 1.25417 0.998779
0.234875 -0.189961 1.29987 0.997073
0.250819 -0.189927 1.31166 0.997209
0.265989 -0.188933 1.32144 0.996444
0.189235 -0.19186 1.2905 0.998161
0.172945 -0.195642 1.30721 0.998374
0.155803 -0.199663 1.32773 0.998445
0.281588 -0.176512 1.40037 0.997492
0.118494 -0.200559 1.46482 0.998791
0.238457 -0.101149 1.29811 0.999041
0.183677 -0.101366 1.2794 0.999513
0.405159 0.0932763 1.38038 0.992927
-0.0328132 0.0898205 1.51319 0.998054
0.410151 0.35311 1.15244 0.908584
-0.0801207 0.384692 1.27603 0.972763
0.101691 0.357329 1.29469 0.796091
0.223087 0.309692 1.10053 0.825169
0.0283848 0.361918 1.26967 0.530637
0.287569 0.298641 1.07297 0.585824
0.0127258 0.327003 1.31955 0.531931
0.306351 0.268763 1.10535 0.590442
0.0453267 0.3156 1.29693 0.539389
0.284228 0.27075 1.10723 0.567415
0.308516 0.642241 1.24317 0.116202
0.0211646 0.716634 1.36498 0.149653
0.290157 1.02386 1.21586 0.00804637
0.0373996 1.12041 1.31023 0.00575604
0.267965 1.43367 1.30475 0.000236767
0.0362938 1.60075 1.38771 0.000299585
0.302366 1.6027 1.35958 0.000373226
0.0217633 1.71242 1.4296 0.00030445
0.257081 1.56617 1.26936 0.000615981
0.0683124 1.67396 1.34715 0.00177834
