camera0:
0.680816 0.351444 0.998367
0.691567 0.311902 0.996181
0.701652 0.313048 0.99638
0.711437 0.314535 0.994533
0.659701 0.308957 0.997798
0.646124 0.308715 0.998284
0.631755 0.309541 0.998195
0.711498 0.339143 0.996245
0.596097 0.335694 0.998731
0.692454 0.402772 0.999006
0.654522 0.402985 0.999501
0.7998 0.590106 0.992403
0.49828 0.606551 0.996947
0.855162 0.938067 0.907707
0.463262 0.952198 0.972171
0.591243 0.884132 0.779459
0.716432 0.903888 0.815291
0.541045 0.905706 0.498545
0.771244 0.90452 0.565433
0.528158 0.853587 0.500584
0.779263 0.852898 0.570737
0.551557 0.845654 0.508153
0.760386 0.85403 0.546419
0.749299 1.16353 0.114133
0.534543 1.16777 0.14988
0.739655 1.56512 0.00859364
0.548442 1.5692 0.00614315
0.732805 1.94807 0.000249335
0.542331 1.9544 0.000322779
0.733535 2.00967 0.000395189
0.536659 2.02345 0.000324769
0.717471 2.09385 0.000645418
0.564319 2.08282 0.00188362
camera1:
0.469987 0.351455 0.998667
0.494231 0.309269 0.996816
0.50953 0.310862 0.996954
0.523623 0.313267 0.996123
0.453904 0.309767 0.998006
0.443764 0.310752 0.998235
0.434254 0.311888 0.99832
0.547374 0.339575 0.997254
0.434637 0.336973 0.998015
0.503081 0.404566 0.998886
0.452977 0.405171 0.999031
0.662061 0.616279 0.984639
0.354611 0.604508 0.997871
0.680686 0.926448 0.644869
0.253928 0.911382 0.83561
0.418074 0.912094 0.590222
0.472249 0.909911 0.635486
0.340723 0.922591 0.398665
0.536493 0.899527 0.458538
0.342428 0.880405 0.440649
0.544646 0.857723 0.495514
0.371885 0.873151 0.435007
0.537163 0.858228 0.449859
0.591237 1.21126 0.00535043
0.370385 1.19952 0.00817982
0.567193 1.67964 0.00154135
0.364396 1.67574 0.00103446
0.556693 2.09196 0.000118118
0.36979 2.08985 3.47505e-05
0.567876 2.1508 9.37064e-05
0.368241 2.14965 6.23941e-05
0.502996 2.22525 0.000181735
0.375008 2.23024 0.000427623
fused:
0.212219 -0.145542 1.25932 0.998667
0.233907 -0.190473 1.30444 0.996816
0.249977 -0.190429 1.31611 0.996954
0.265281 -0.189321 1.3252 0.996123
0.188227 -0.192178 1.29383 0.998006
0.171952 -0.195878 1.31015 0.998284
0.154787 -0.199865 1.33082 0.99832
0.281597 -0.176355 1.39992 0.997254
0.117605 -0.199755 1.46615 0.998731
0.23774 -0.101892 1.30591 0.999006
0.182632 -0.101989 1.28601 0.999501
0.405147 0.0949806 1.36046 0.992403
-0.030753 0.0891825 1.51268 0.997871
0.410176 0.352252 1.14623 0.907707
-0.0755881 0.383273 1.26677 0.972171
0.102376 0.369661 1.32464 0.779459
0.227376 0.308356 1.07999 0.815291
0.0299388 0.366796 1.26446 0.498545
0.287944 0.30153 1.07057 0.565433
0.0135315 0.334344 1.31659 0.500584
0.297258 0.264971 1.06938 0.570737
0.0467353 0.330298 1.3267 0.508153
0.284581 0.275025 1.10375 0.546419
0.306515 0.642885 1.24775 0.114133
0.0229922 0.706786 1.36297 0.14988
0.285366 1.01561 1.22348 0.00859364
0.0392803 1.07954 1.29238 0.00614315
0.26467 1.42836 1.30837 0.000249335
0.0331598 1.59425 1.39324 0.000322779
0.29859 1.60251 1.36591 0.000395189
0.0204433 1.71757 1.44013 0.000324769
0.25127 1.58817 1.2916 0.000645418
0.0561079 1.69988 1.37603 0.00188362
