camera0:
0.679879 0.352927 0.998345
0.689848 0.312697 0.996094
0.699647 0.31383 0.996287
0.709414 0.315331 0.994391
0.658221 0.310122 0.997748
0.644377 0.310135 0.998245
0.629997 0.311289 0.998151
0.710867 0.339842 0.996162
0.595193 0.337052 0.998693
0.691172 0.403265 0.99901
0.652299 0.403829 0.999501
0.794999 0.588636 0.992357
0.498937 0.605373 0.996859
0.858494 0.93546 0.908329
0.4641 0.952218 0.97048
0.603372 0.878452 0.771272
0.717395 0.904164 0.804201
0.550229 0.901683 0.484546
0.774264 0.909824 0.544433
0.540025 0.842191 0.486849
0.782082 0.850882 0.549894
0.555115 0.836953 0.495721
0.762322 0.851285 0.527002
0.74899 1.14472 0.111367
0.544072 1.15071 0.146009
0.739744 1.52478 0.00805991
0.557581 1.52804 0.0056124
0.732838 1.89884 0.000234755
0.551535 1.90987 0.000302355
0.734122 1.95873 0.000370655
0.546147 1.97917 0.000302343
0.717325 2.0429 0.000590019
0.571084 2.03978 0.00172073
camera1:
0.470228 0.350567 0.99855
0.494267 0.308683 0.996544
0.509667 0.310207 0.996688
0.523669 0.312655 0.995784
0.453522 0.309023 0.997844
0.443185 0.310035 0.998092
0.433746 0.311286 0.998192
0.547466 0.338402 0.997002
0.434005 0.336142 0.997851
0.503927 0.40404 0.998785
0.453538 0.405023 0.99895
0.661956 0.614283 0.983029
0.355758 0.602106 0.997685
0.663417 0.926388 0.636134
0.257986 0.912504 0.830668
0.390033 0.906003 0.584835
0.49635 0.90976 0.632698
0.325082 0.928021 0.388291
0.5537 0.904727 0.451262
0.325485 0.879619 0.427752
0.56561 0.861958 0.487368
0.355837 0.872742 0.425369
0.555198 0.862483 0.441076
0.592503 1.19882 0.00555171
0.370518 1.18668 0.00849717
0.567281 1.66298 0.00158877
0.360486 1.6586 0.00105229
0.555263 2.07563 0.000121923
0.361991 2.07028 3.68676e-05
0.566942 2.13506 9.72632e-05
0.359067 2.13071 6.54163e-05
0.498991 2.21029 0.000193725
0.369977 2.21341 0.000464007
fused:
0.211755 -0.145804 1.26195 0.99855
0.232783 -0.191546 1.30992 0.996544
0.248797 -0.191828 1.32309 0.996688
0.264113 -0.190667 1.33211 0.995784
0.186935 -0.192679 1.29671 0.997844
0.170293 -0.196309 1.31326 0.998245
0.153087 -0.200107 1.33411 0.998192
0.281344 -0.177016 1.40187 0.997002
0.116541 -0.199599 1.46616 0.998693
0.237389 -0.102771 1.31281 0.99901
0.181042 -0.102808 1.2949 0.999501
0.404557 0.0941405 1.38191 0.992357
-0.0296421 0.0872458 1.51447 0.997685
0.396325 0.335827 1.09652 0.908329
-0.0749835 0.386738 1.2756 0.97048
0.108708 0.330677 1.20463 0.771272
0.238842 0.322464 1.12896 0.804201
0.0400091 0.346329 1.19475 0.484546
0.298784 0.312837 1.098 0.544433
0.0281504 0.306736 1.22985 0.486849
0.310658 0.27458 1.10582 0.549894
0.0493816 0.310885 1.26672 0.495721
0.29592 0.283975 1.1388 0.527002
0.306937 0.625835 1.25113 0.111367
0.0358722 0.670333 1.32762 0.146009
0.281657 0.962541 1.20589 0.00805991
0.0498299 0.994223 1.2389 0.0056124
0.258447 1.3322 1.26301 0.000234755
0.043862 1.4526 1.31065 0.000302355
0.287257 1.48153 1.30849 0.000370655
0.0320628 1.55577 1.34586 0.000302343
0.237836 1.45972 1.23159 0.000590019
0.0608224 1.56403 1.30577 0.00172073
