camera0:
0.680477 0.358478 0.998258
0.688424 0.31673 0.995878
0.69708 0.318619 0.996091
0.706063 0.320991 0.994098
0.656948 0.313615 0.99761
0.641808 0.314141 0.998134
0.627921 0.315891 0.998032
0.705724 0.342084 0.996043
0.595155 0.34114 0.998609
0.691168 0.405062 0.998986
0.651877 0.404849 0.999482
0.786073 0.575775 0.992516
0.500121 0.604525 0.996764
0.861923 0.916272 0.905376
0.447201 0.942713 0.968071
0.595917 0.879423 0.758405
0.680374 0.894823 0.789334
0.545378 0.90451 0.460692
0.727663 0.890118 0.515406
0.534049 0.852575 0.46326
0.733147 0.835428 0.520715
0.546255 0.846151 0.474964
0.724425 0.835681 0.499685
0.747134 1.09981 0.103445
0.544235 1.11183 0.133659
0.739554 1.47667 0.00604282
0.553923 1.48675 0.00398628
0.732271 1.81888 0.000164891
0.551731 1.82735 0.000189426
0.734122 1.8748 0.000291198
0.548385 1.88908 0.00019955
0.715138 1.95966 0.000403151
0.57109 1.95382 0.00114937
camera1:
0.470555 0.34905 0.998406
0.494457 0.306229 0.996219
0.510251 0.306778 0.996369
0.523659 0.30831 0.995379
0.452951 0.306838 0.997643
0.442523 0.30761 0.997913
0.433553 0.308867 0.998027
0.548024 0.329822 0.996706
0.433928 0.332403 0.997643
0.504785 0.402041 0.998664
0.457694 0.405084 0.998848
0.662871 0.616268 0.981233
0.356011 0.605688 0.997458
0.693585 0.922672 0.626433
0.258063 0.914652 0.818893
0.411115 0.891987 0.572828
0.469973 0.905589 0.612746
0.359603 0.913687 0.371569
0.504712 0.927723 0.428207
0.354415 0.860141 0.409347
0.540729 0.866691 0.465321
0.364285 0.85805 0.408568
0.507863 0.869672 0.418823
0.599986 1.18997 0.00557756
0.380114 1.17744 0.00861234
0.57535 1.63968 0.00168674
0.372648 1.63498 0.00108862
0.566158 2.03888 0.00013049
0.368322 2.03768 3.98529e-05
0.578856 2.10319 0.000103093
0.366385 2.10546 7.04789e-05
0.510324 2.17316 0.00021056
0.372018 2.17626 0.000507185
fused:
0.212669 -0.14342 1.25721 0.998406
0.232152 -0.191447 1.31191 0.996219
0.247744 -0.1928 1.32972 0.996369
0.262304 -0.191791 1.33886 0.995379
0.18595 -0.192232 1.29628 0.997643
0.168144 -0.196543 1.31667 0.998134
0.15155 -0.199903 1.33697 0.998032
0.279052 -0.183975 1.42034 0.996706
0.117198 -0.198788 1.46117 0.998609
0.238033 -0.103102 1.31382 0.998986
0.182601 -0.103844 1.3087 0.999482
0.405148 0.0914288 1.43467 0.992516
-0.0280189 0.0888424 1.51124 0.997458
0.422349 0.344155 1.15599 0.905376
-0.102012 0.400536 1.33079 0.968071
0.106029 0.348915 1.28771 0.758405
0.202191 0.329905 1.17417 0.789334
0.0369809 0.374487 1.30606 0.460692
0.248933 0.31891 1.11845 0.515406
0.0223096 0.328809 1.33413 0.46326
0.273027 0.291483 1.19397 0.520715
0.0392821 0.322412 1.32207 0.474964
0.250026 0.279984 1.13987 0.499685
0.309936 0.591497 1.27351 0.103445
0.036783 0.640717 1.35184 0.133659
0.281997 0.917522 1.2104 0.00604282
0.0457044 0.976003 1.27094 0.00398628
0.25332 1.22465 1.2418 0.000164891
0.0416422 1.32516 1.27444 0.000189426
0.2785 1.35072 1.27096 0.000291198
0.0315189 1.39053 1.28857 0.00019955
0.221888 1.32561 1.2012 0.000403151
0.0535082 1.40151 1.25193 0.00114937
