camera0:
0.479036 0.236247 0.999768
0.518421 0.146264 0.999496
0.545573 0.141883 0.999547
0.569353 0.139321 0.999469
0.447883 0.160933 0.999511
0.43089 0.165337 0.999549
0.414274 0.169735 0.999511
0.613182 0.158323 0.99957
0.412126 0.189433 0.999666
0.533626 0.304777 0.999818
0.449319 0.322145 0.999845
0.773225 0.516756 0.998976
0.331203 0.530945 0.999472
0.875277 0.915027 0.549277
0.106525 0.884927 0.678935
0.987077 1.31147 0.125375
-0.150035 1.14698 0.331245
1.04374 1.42222 0.126619
-0.244657 1.2154 0.300364
1.00027 1.43061 0.198075
-0.219806 1.22328 0.409012
0.967845 1.39518 0.209521
-0.173193 1.21061 0.443853
0.684664 1.40141 0.00390355
0.376323 1.38394 0.00392818
0.65315 2.11443 0.00177449
0.351837 2.10433 0.000925223
0.656061 2.76456 0.00023447
0.356577 2.76274 4.60819e-05
0.669403 2.86202 0.000202387
0.351665 2.85603 8.65746e-05
0.602461 2.95692 0.000169983
0.39136 2.97202 6.73488e-05
camera1:
0.435473 0.254678 0.998502
0.463632 0.159612 0.99771
0.490143 0.152681 0.998159
0.517024 0.14677 0.997954
0.407757 0.178611 0.997169
0.390191 0.183243 0.997493
0.372748 0.186113 0.997291
0.584599 0.159524 0.998698
0.393202 0.199627 0.99844
0.483675 0.30991 0.999354
0.422419 0.335767 0.999055
0.788957 0.523876 0.997835
0.374428 0.537322 0.999299
0.814577 0.974576 0.482273
0.163897 0.857968 0.676633
0.773224 1.3081 0.0675014
-0.0771928 0.938623 0.425004
0.763407 1.41014 0.0693643
-0.171179 0.951739 0.359538
0.722106 1.37464 0.1052
-0.170355 0.934969 0.456996
0.716902 1.3309 0.113455
-0.123013 0.937335 0.513246
0.738096 1.39014 0.00457503
0.440602 1.38115 0.00749521
0.716478 2.07956 0.00148129
0.428557 2.068 0.00102139
0.716072 2.72642 0.000171066
0.438529 2.73904 4.82598e-05
0.729855 2.80957 0.000142572
0.439341 2.82819 7.3076e-05
0.658408 2.92491 0.000122125
0.453954 2.94248 3.66543e-05
fused:
-0.100443 -0.521704 2.34255 0.999768
-0.00447822 -0.659578 2.26221 0.999496
0.0597388 -0.660931 2.24788 0.999547
0.117501 -0.67097 2.26743 0.999469
-0.183505 -0.689385 2.4244 0.999511
-0.225725 -0.680173 2.41384 0.999549
-0.265469 -0.670599 2.39663 0.999511
0.246691 -0.703372 2.48821 0.99957
-0.297177 -0.714537 2.65921 0.999666
0.0352869 -0.376089 2.20281 0.999818
-0.181312 -0.398269 2.48408 0.999845
0.675764 9.2682e-05 2.49379 0.998976
-0.70986 -0.0294417 3.6018 0.999472
0.567142 0.465337 1.49342 0.549277
-1.53613 0.887922 3.50177 0.678935
0.478317 0.568576 0.983986 0.125375
-2.34814 1.18723 3.27393 0.425004
0.468798 0.562045 0.874232 0.126619
-2.50325 1.21986 3.05033 0.359538
0.44669 0.589801 0.912235 0.198075
-2.19046 1.11134 2.75669 0.456996
0.442396 0.601066 0.965335 0.209521
-2.13484 1.13131 2.86755 0.513246
0.470351 1.84704 2.93039 0.00457503
-0.61557 2.33411 3.75396 0.00749521
0.393461 5.30058 4.54479 0.00177449
-1.14695 6.00115 5.15106 0.00102139
0.632185 24.2741 14.5846 0.00023447
-2.49057 15.9014 9.56296 4.82598e-05
1.86515 66.3221 38.1408 0.000202387
-3.45878 23.3987 13.3383 8.65746e-05
-0.581679 49.1983 27.0699 0.000169983
-2.91167 27.4456 14.5943 6.73488e-05
