camera0:
0.494024 0.197376 0.999777
0.533061 0.111863 0.999561
0.557793 0.111631 0.999602
0.581118 0.112561 0.999545
0.466649 0.119486 0.999554
0.44875 0.12416 0.999587
0.430508 0.12948 0.999555
0.623384 0.141286 0.99963
0.428021 0.159961 0.999689
0.543965 0.262366 0.999838
0.46113 0.280337 0.999855
0.783933 0.515002 0.998911
0.34457 0.523137 0.999363
0.885384 0.940181 0.510071
0.144382 0.858232 0.622825
1.01118 1.31348 0.134
-0.103286 1.03108 0.337107
1.0684 1.42509 0.142094
-0.201079 1.12203 0.31431
1.02373 1.42418 0.220288
-0.175319 1.12503 0.427927
0.989247 1.38695 0.235066
-0.130156 1.114 0.464997
0.702637 1.36587 0.00325195
0.39512 1.35149 0.0034575
0.671799 2.07497 0.00169917
0.380532 2.06055 0.000810289
0.671249 2.72373 0.000196477
0.387521 2.70887 3.54489e-05
0.684599 2.81809 0.000166198
0.384613 2.80001 7.08221e-05
0.615632 2.91336 0.00013425
0.420258 2.9136 5.48898e-05
camera1:
0.454316 0.222495 0.998753
0.485627 0.130043 0.998295
0.509912 0.127296 0.998548
0.535316 0.125468 0.998559
0.434467 0.142261 0.997908
0.420105 0.147871 0.997964
0.406604 0.153348 0.997991
0.600266 0.149539 0.999007
0.431068 0.172762 0.99862
0.499414 0.278689 0.999492
0.440576 0.296021 0.999248
0.783912 0.530139 0.998096
0.389899 0.514503 0.999329
0.787444 0.968475 0.59358
0.176022 0.842195 0.721334
0.716603 1.30861 0.0952866
-0.107091 0.939896 0.501556
0.701705 1.41121 0.0956777
-0.21921 0.958 0.439621
0.657532 1.37883 0.139808
-0.224424 0.962359 0.53376
0.653818 1.33849 0.154014
-0.171037 0.956503 0.594619
0.726834 1.37882 0.00827781
0.446824 1.37265 0.0144379
0.699983 2.07151 0.00206616
0.429925 2.06286 0.00217883
0.691984 2.72574 0.000224368
0.425499 2.74506 8.77398e-05
0.705082 2.80433 0.000210151
0.424841 2.83312 0.00012425
0.631299 2.91895 0.000165696
0.425956 2.94138 4.81665e-05
fused:
-0.0677624 -0.604786 2.41852 0.999777
0.0300264 -0.749431 2.36791 0.999561
0.091043 -0.74294 2.35242 0.999602
0.149647 -0.743061 2.36155 0.999545
-0.144816 -0.805655 2.5596 0.999554
-0.195908 -0.81263 2.60294 0.999587
-0.25069 -0.823642 2.66105 0.999555
0.281497 -0.757677 2.5842 0.99963
-0.288973 -0.89078 3.04914 0.999689
0.0586431 -0.456633 2.29281 0.999838
-0.157541 -0.498261 2.59361 0.999855
0.643888 0.00744969 2.2869 0.998911
-0.662502 -0.0724198 3.64219 0.999363
0.521278 0.418472 1.33653 0.59358
-1.20225 0.700695 3.02117 0.721334
0.434348 0.472828 0.85714 0.134
-1.49426 0.712854 2.24992 0.501556
0.4286 0.474687 0.771226 0.142094
-1.56467 0.71832 2.03025 0.439621
0.405754 0.491458 0.795951 0.220288
-1.37738 0.677488 1.85246 0.53376
0.399976 0.498159 0.838163 0.235066
-1.35188 0.69517 1.94487 0.594619
0.433214 1.4264 2.42174 0.00827781
-0.478714 2.0159 3.35787 0.0144379
0.308765 3.56432 3.22367 0.00206616
-0.766217 4.18828 3.80466 0.00217883
0.155988 8.75066 5.53965 0.000224368
-1.13901 7.21878 4.57372 8.77398e-05
0.134734 11.0826 6.79215 0.000210151
-1.28294 8.37429 5.05132 0.00012425
-0.322352 11.2388 6.54133 0.000165696
-0.968874 8.48822 4.76186 5.48898e-05
