camera0:
0.46927 0.237375 0.999777
0.505283 0.148739 0.999512
0.531478 0.143798 0.999563
0.556624 0.140526 0.999484
0.440827 0.163853 0.999526
0.424748 0.168367 0.999564
0.408102 0.173115 0.999523
0.603165 0.159007 0.999585
0.40849 0.19097 0.999677
0.523161 0.30565 0.999825
0.442858 0.322672 0.999849
0.769797 0.515951 0.999056
0.32839 0.531514 0.999507
0.872994 0.916405 0.556797
0.105271 0.884059 0.683527
0.982925 1.30033 0.130805
-0.150136 1.124 0.341132
1.04066 1.40953 0.131495
-0.245053 1.20116 0.30901
0.999881 1.4198 0.205039
-0.220003 1.20822 0.418186
0.967511 1.38605 0.215878
-0.173474 1.19605 0.45251
0.684849 1.4021 0.00411439
0.376475 1.38856 0.00413953
0.655216 2.11385 0.00180468
0.354955 2.10657 0.000945797
0.660868 2.76356 0.00023916
0.364567 2.76529 4.69078e-05
0.674802 2.86091 0.000206984
0.360674 2.85902 8.85423e-05
0.608678 2.95602 0.000171206
0.400848 2.9738 6.80236e-05
camera1:
0.428608 0.256639 0.998443
0.459026 0.160357 0.9976
0.486223 0.153565 0.998085
0.51383 0.147579 0.997853
0.400906 0.178898 0.997016
0.383262 0.183217 0.997378
0.365878 0.185723 0.997141
0.58152 0.15967 0.998651
0.389449 0.198727 0.998381
0.477965 0.311564 0.999333
0.41712 0.337308 0.999015
0.788423 0.524816 0.997906
0.371094 0.538394 0.999299
0.814368 0.981525 0.474739
0.151046 0.86152 0.675828
0.784555 1.31767 0.0659689
-0.109055 0.933423 0.406128
0.78385 1.41919 0.0674949
-0.201559 0.951249 0.340132
0.741336 1.38508 0.102767
-0.204479 0.934856 0.438767
0.734341 1.33938 0.110439
-0.15676 0.936955 0.496071
0.738118 1.4011 0.00430718
0.438294 1.39358 0.0069484
0.717961 2.08876 0.00138647
0.428523 2.08265 0.000909824
0.72019 2.73154 0.000167859
0.439192 2.75245 4.47621e-05
0.73533 2.8149 0.000138913
0.440708 2.84256 7.05226e-05
0.658961 2.93456 0.00011706
0.454081 2.95827 3.50051e-05
fused:
-0.126293 -0.528403 2.37669 0.999777
-0.0357554 -0.686016 2.34961 0.999512
0.0290599 -0.694557 2.35539 0.999563
0.092369 -0.704599 2.37262 0.999484
-0.200276 -0.685964 2.41971 0.999526
-0.238792 -0.67316 2.39697 0.999564
-0.278006 -0.663534 2.37943 0.999523
0.229978 -0.733146 2.58373 0.999585
-0.30564 -0.711957 2.65056 0.999677
0.0113743 -0.385012 2.25508 0.999825
-0.199724 -0.399963 2.50066 0.999849
0.680011 -0.000566617 2.54441 0.999056
-0.717752 -0.0272409 3.58682 0.999507
0.567651 0.473262 1.50423 0.556797
-1.42496 0.825122 3.23817 0.683527
0.487119 0.582877 1.00642 0.130805
-1.95345 0.979725 2.72583 0.406128
0.482335 0.580505 0.89886 0.131495
-2.13501 1.05175 2.60189 0.340132
0.459343 0.606116 0.932877 0.205039
-1.86312 0.949569 2.34583 0.438767
0.454937 0.61834 0.987994 0.215878
-1.80616 0.958157 2.42685 0.496071
0.469909 1.85359 2.89392 0.00430718
-0.595433 2.31198 3.65493 0.0069484
0.411517 5.18163 4.40532 0.00180468
-1.04187 5.74055 4.86355 0.000945797
0.721211 23.1421 13.8652 0.00023916
-2.0645 13.9931 8.35929 4.69078e-05
2.14604 62.8895 36.0369 0.000206984
-2.72497 19.4989 11.0624 8.85423e-05
-0.207088 36.6934 20.124 0.000171206
-2.12998 21.6547 11.4729 6.80236e-05
