camera0:
0.503137 0.198628 0.999763
0.541514 0.113023 0.999531
0.566809 0.112615 0.999569
0.588439 0.113419 0.999512
0.473457 0.121479 0.999531
0.453972 0.126404 0.999561
0.438005 0.131801 0.999536
0.630579 0.142453 0.999598
0.43297 0.161259 0.999674
0.552221 0.26425 0.999828
0.466995 0.280678 0.999849
0.787143 0.524196 0.998843
0.346728 0.518645 0.999382
0.863847 0.956266 0.505867
0.168099 0.858595 0.623433
0.937346 1.33506 0.131334
-0.02441 0.965173 0.346556
0.97797 1.44915 0.139021
-0.112647 1.00271 0.323583
0.930401 1.43822 0.214272
-0.0887219 0.945189 0.43491
0.902502 1.40001 0.227852
-0.0145312 0.932886 0.469979
0.699445 1.37564 0.00337639
0.385003 1.35319 0.0036057
0.660591 2.08877 0.00162166
0.361661 2.06743 0.00079773
0.645943 2.73802 0.000204252
0.357353 2.72213 3.62202e-05
0.654657 2.83097 0.000173621
0.351984 2.81282 7.1131e-05
0.59413 2.92568 0.000139495
0.392982 2.92526 5.64388e-05
camera1:
0.444229 0.210384 0.998783
0.475012 0.119621 0.998275
0.498608 0.117951 0.998553
0.522826 0.116927 0.998509
0.426314 0.130739 0.997885
0.412941 0.136854 0.998012
0.400116 0.141673 0.997989
0.594112 0.145202 0.998997
0.431025 0.166053 0.998727
0.489948 0.271638 0.9995
0.434432 0.287143 0.99927
0.791527 0.52453 0.998062
0.386991 0.515718 0.999381
0.809932 0.968732 0.560694
0.163215 0.842311 0.715674
0.755678 1.33651 0.0827102
-0.138846 0.942917 0.499943
0.743738 1.44598 0.0848941
-0.256028 0.932088 0.434347
0.70156 1.4133 0.125844
-0.246269 0.963197 0.528495
0.696411 1.369 0.138121
-0.196231 0.936745 0.586542
0.729572 1.37007 0.00746177
0.439392 1.36565 0.013217
0.706924 2.06485 0.00181701
0.431754 2.05886 0.00170634
0.706473 2.72351 0.000207006
0.435717 2.73951 6.99062e-05
0.720875 2.80467 0.000190992
0.436623 2.82708 0.000100535
0.6458 2.91721 0.000145353
0.440126 2.93791 4.34176e-05
fused:
-0.0384344 -0.552257 2.19313 0.999763
0.0479206 -0.683304 2.15336 0.999531
0.103617 -0.673248 2.12984 0.999569
0.15307 -0.674491 2.14242 0.999512
-0.113713 -0.744307 2.35317 0.999531
-0.166055 -0.759508 2.4201 0.999561
-0.208642 -0.762397 2.45064 0.999536
0.279666 -0.70113 2.3978 0.999598
-0.260686 -0.861248 2.93587 0.999674
0.0731771 -0.419213 2.10568 0.999828
-0.130773 -0.470798 2.42554 0.999849
0.660444 0.00990198 2.30836 0.998843
-0.634013 -0.0736108 3.52291 0.999382
0.566442 0.492982 1.54436 0.560694
-0.932005 0.581277 2.50082 0.715674
0.467111 0.638395 1.08236 0.131334
-0.920796 0.479505 1.58989 0.499943
0.456947 0.650326 0.981086 0.139021
-0.968685 0.442596 1.43811 0.434347
0.427086 0.673442 1.02357 0.214272
-0.904187 0.433204 1.39643 0.528495
0.420956 0.680428 1.07855 0.227852
-0.764245 0.394455 1.34477 0.586542
0.441357 1.4935 2.53654 0.00746177
-0.531187 2.06264 3.45204 0.013217
0.322549 4.26647 3.81018 0.00181701
-0.991883 5.04259 4.52986 0.00170634
0.140148 15.8832 9.85729 0.000207006
-1.87465 11.0746 6.89925 6.99062e-05
0.0878482 26.9256 16.1405 0.000190992
-2.31456 14.2013 8.40492 0.000100535
-0.662089 21.0524 12.0071 0.000145353
-1.57173 13.0924 7.22144 5.64388e-05
