camera0:
0.446437 0.208754 0.999795
0.478057 0.119371 0.999603
0.503574 0.117556 0.999636
0.529943 0.117315 0.999591
0.416562 0.129751 0.99959
0.394675 0.134685 0.999615
0.371461 0.139378 0.999581
0.582056 0.143291 0.999667
0.361116 0.166615 0.999707
0.488319 0.277565 0.999859
0.422596 0.295164 0.99987
0.740714 0.512673 0.998946
0.288182 0.52909 0.999357
0.844631 0.923334 0.502307
0.100276 0.879449 0.599432
1.01093 1.2824 0.133973
-0.112074 1.09535 0.334274
1.07505 1.38193 0.141882
-0.183803 1.15351 0.312009
1.04146 1.38378 0.220103
-0.153343 1.13701 0.423935
1.00372 1.35438 0.237111
-0.115762 1.12845 0.461955
0.677328 1.35509 0.00301741
0.366434 1.34758 0.00322458
0.670833 2.06226 0.00145815
0.372334 2.05994 0.000677587
0.681336 2.70715 0.000163833
0.394231 2.70482 2.91015e-05
0.694942 2.80168 0.000137532
0.391024 2.79524 5.79649e-05
0.64156 2.8977 0.000109532
0.441029 2.90785 4.72791e-05
camera1:
0.403199 0.230599 0.998568
0.434351 0.134424 0.998064
0.455627 0.130491 0.998321
0.481965 0.12795 0.998423
0.384005 0.146467 0.997552
0.369196 0.150616 0.99751
0.355184 0.152765 0.997627
0.566266 0.149533 0.998867
0.399772 0.168026 0.998192
0.452015 0.287038 0.999406
0.405679 0.309531 0.999078
0.770864 0.529557 0.998028
0.37432 0.522117 0.999186
0.766122 0.97341 0.624123
0.15741 0.854968 0.711081
0.657163 1.33475 0.128326
-0.098915 0.926548 0.526511
0.640172 1.44556 0.125492
-0.205261 0.9623 0.465507
0.597259 1.41317 0.178218
-0.202837 0.947178 0.560593
0.594134 1.36785 0.194475
-0.149573 0.948766 0.622309
0.70598 1.3852 0.00862683
0.413845 1.37978 0.0148723
0.687433 2.08521 0.00198443
0.415358 2.0761 0.00213175
0.688979 2.73761 0.000208147
0.421161 2.75059 8.32806e-05
0.703732 2.81811 0.000195934
0.42401 2.8384 0.000118439
0.625798 2.93354 0.000161653
0.422707 2.94939 4.76864e-05
fused:
-0.183742 -0.580336 2.36938 0.999795
-0.106033 -0.759211 2.40377 0.999603
-0.0408977 -0.743258 2.35258 0.999636
0.0243143 -0.738896 2.34447 0.999591
-0.273325 -0.788053 2.52579 0.99959
-0.340962 -0.808825 2.60602 0.999615
-0.419918 -0.84133 2.71569 0.999581
0.179891 -0.801713 2.70799 0.999667
-0.616969 -1.12965 3.79039 0.999707
-0.0759946 -0.462216 2.3839 0.999859
-0.26628 -0.48288 2.63433 0.99987
0.663306 -0.00460483 2.80984 0.998946
-1.25623 -0.0931533 5.19764 0.999357
0.505426 0.45327 1.4568 0.624123
-1.5507 0.848998 3.4841 0.711081
0.398279 0.412578 0.784021 0.133973
-1.63322 0.777562 2.4213 0.526511
0.39558 0.406452 0.699315 0.141882
-1.5302 0.727852 2.03161 0.465507
0.375885 0.411853 0.708876 0.220103
-1.34797 0.666469 1.87131 0.560593
0.369524 0.42197 0.748573 0.237111
-1.36759 0.710264 2.01092 0.622309
0.385055 1.47808 2.4954 0.00862683
-0.558637 1.96891 3.2524 0.0148723
0.276687 3.16112 2.8828 0.00198443
-0.742468 3.93294 3.56121 0.00213175
0.161127 6.94122 4.4468 0.000208147
-1.00976 6.50536 4.1398 8.32806e-05
0.147852 8.45366 5.24019 0.000195934
-1.1618 7.64404 4.63791 0.000118439
-0.150373 7.51326 4.45267 0.000161653
-0.762503 6.91029 3.92769 4.76864e-05
