camera0:
0.456908 0.244834 0.99979
0.489563 0.157422 0.999543
0.517033 0.150745 0.999585
0.542728 0.145575 0.999508
0.430725 0.174126 0.999558
0.414344 0.179213 0.999594
0.398398 0.183932 0.999552
0.594489 0.163857 0.999609
0.404073 0.201944 0.999708
0.511788 0.311356 0.999843
0.437778 0.330539 0.999865
0.768903 0.519003 0.999182
0.327565 0.537434 0.999574
0.870251 0.915151 0.57916
0.104709 0.884199 0.694375
0.996199 1.28569 0.145777
-0.145359 1.08541 0.362603
1.05631 1.38834 0.144637
-0.232912 1.19079 0.328901
1.0228 1.39791 0.222819
-0.209764 1.19088 0.438085
0.987934 1.36763 0.231414
-0.165424 1.18072 0.470491
0.688918 1.40342 0.0047963
0.379159 1.39261 0.00477285
0.661904 2.112 0.00179579
0.363632 2.10632 0.000898764
0.67713 2.76231 0.000240185
0.381602 2.76489 4.45991e-05
0.693825 2.85832 0.000202211
0.378163 2.8571 8.37096e-05
0.624345 2.95313 0.000165884
0.419681 2.97242 6.5971e-05
camera1:
0.383241 0.268707 0.998284
0.415135 0.170816 0.997334
0.439277 0.164384 0.997887
0.463832 0.158337 0.997594
0.357948 0.183943 0.996655
0.343597 0.185544 0.997101
0.33092 0.185672 0.996794
0.55807 0.161977 0.998533
0.382451 0.196519 0.99827
0.439433 0.323966 0.999302
0.390037 0.349056 0.998944
0.787341 0.523473 0.998196
0.366556 0.536355 0.999318
0.810876 0.986725 0.473752
0.155069 0.859604 0.66897
0.754102 1.35001 0.0666897
-0.0830302 0.944416 0.357728
0.738678 1.46014 0.0677507
-0.170725 0.992894 0.297302
0.695179 1.42657 0.103077
-0.168889 0.980672 0.396131
0.692173 1.37778 0.108963
-0.124206 0.977836 0.452804
0.730006 1.40534 0.00421489
0.426799 1.39444 0.00641137
0.706664 2.10124 0.00133336
0.420492 2.08648 0.000723806
0.710501 2.74107 0.000167561
0.426528 2.75354 3.55173e-05
0.729273 2.82439 0.000131087
0.430076 2.84618 6.36154e-05
0.631664 2.94583 0.000106401
0.426884 2.96164 3.20374e-05
fused:
-0.13867 -0.438657 2.06204 0.99979
-0.067806 -0.588178 2.07947 0.999543
-0.008446 -0.586376 2.05159 0.999585
0.0462364 -0.587632 2.03833 0.999508
-0.194966 -0.572779 2.08274 0.999558
-0.230809 -0.57222 2.09211 0.999594
-0.266858 -0.575653 2.11036 0.999552
0.191151 -0.670541 2.39435 0.999609
-0.306107 -0.683849 2.58125 0.999708
-0.016181 -0.327782 2.01925 0.999843
-0.193725 -0.340531 2.25511 0.999865
0.676114 0.000829035 2.53563 0.999182
-0.696462 -0.020621 3.47243 0.999574
0.563024 0.475009 1.50336 0.57916
-1.46986 0.851024 3.33562 0.694375
0.458867 0.530592 0.9164 0.145777
-2.17483 1.12793 3.06083 0.362603
0.44846 0.517622 0.804587 0.144637
-2.33531 1.27523 2.89452 0.328901
0.426627 0.529104 0.819741 0.222819
-2.07331 1.15307 2.65014 0.438085
0.423318 0.544202 0.872085 0.231414
-2.01395 1.15726 2.74015 0.470491
0.450065 1.73908 2.67527 0.0047963
-0.529188 2.11943 3.31507 0.00641137
0.379522 4.3829 3.71983 0.00179579
-0.844499 5.01929 4.21228 0.000898764
0.555518 14.0033 8.41264 0.000240185
-1.37976 10.4255 6.18948 4.45991e-05
1.10958 24.4377 14.0155 0.000202211
-1.71855 13.2231 7.51157 8.37096e-05
0.0582081 15.3212 8.40531 0.000165884
-1.10101 12.4738 6.61403 6.5971e-05
