camera0:
0.469957 0.254222 0.999832
0.506381 0.167055 0.999654
0.534646 0.160754 0.999674
0.56014 0.15598 0.999611
0.437629 0.181736 0.999663
0.417059 0.186144 0.999686
0.397135 0.190161 0.999651
0.607163 0.172701 0.999692
0.391722 0.205317 0.999782
0.525332 0.324114 0.999884
0.445157 0.342621 0.999902
0.771401 0.523448 0.999385
0.324413 0.53493 0.999636
0.886468 0.925029 0.605813
0.0976752 0.89642 0.697506
1.00246 1.31229 0.162249
-0.139884 1.15309 0.376754
1.06408 1.42174 0.159417
-0.222055 1.23042 0.346605
1.02383 1.432 0.243075
-0.191639 1.22549 0.4558
0.986939 1.40091 0.247254
-0.148582 1.21269 0.485154
0.696974 1.41918 0.00573175
0.382717 1.40682 0.00558989
0.671742 2.13482 0.00189378
0.363283 2.12769 0.000836556
0.682099 2.77761 0.000249717
0.381135 2.77233 4.29396e-05
0.697616 2.87412 0.000203829
0.378481 2.86347 8.01136e-05
0.627566 2.97442 0.000165468
0.422906 2.98917 6.41174e-05
camera1:
0.385093 0.272 0.997951
0.415707 0.178568 0.996799
0.44137 0.172581 0.997486
0.468212 0.166326 0.997089
0.359362 0.193088 0.996003
0.343545 0.196743 0.996602
0.32967 0.199143 0.996183
0.566984 0.172195 0.998235
0.370288 0.211905 0.997985
0.443652 0.329826 0.99918
0.392519 0.357817 0.998775
0.788039 0.519501 0.998222
0.359638 0.54841 0.9993
0.812168 0.965656 0.456992
0.13499 0.868731 0.68688
0.728202 1.32469 0.0566003
-0.144949 0.947901 0.309056
0.709553 1.43324 0.0563846
-0.236313 0.99676 0.249749
0.666856 1.40229 0.0866758
-0.235186 0.987653 0.344465
0.664475 1.35426 0.0897748
-0.1942 0.985948 0.399436
0.731812 1.38973 0.00444308
0.428644 1.38645 0.00621171
0.718378 2.0793 0.00157126
0.431024 2.07548 0.000746871
0.741492 2.70576 0.000206066
0.455966 2.72475 4.07895e-05
0.764023 2.78921 0.000157521
0.461869 2.81258 7.55525e-05
0.668004 2.90965 0.000124738
0.465658 2.93495 3.6468e-05
fused:
-0.104244 -0.404334 1.96227 0.999832
-0.0295721 -0.531345 1.94355 0.999654
0.0271023 -0.530587 1.92247 0.999674
0.0786129 -0.536576 1.92601 0.999611
-0.176516 -0.545004 2.037 0.999663
-0.223753 -0.551272 2.07201 0.999686
-0.272189 -0.561583 2.11739 0.999651
0.217282 -0.635229 2.34063 0.999692
-0.345858 -0.672672 2.60277 0.999782
0.0131121 -0.296771 1.93135 0.999884
-0.171068 -0.312302 2.19686 0.999902
0.672361 0.00153778 2.4912 0.999385
-0.697248 -0.00725296 3.40484 0.999636
0.556859 0.445927 1.42234 0.605813
-1.37173 0.80344 3.06013 0.697506
0.447552 0.531556 0.882202 0.162249
-1.59195 0.934892 2.25265 0.376754
0.441761 0.527009 0.780695 0.159417
-1.67475 1.0154 2.10395 0.346605
0.420513 0.547241 0.805348 0.243075
-1.47032 0.90559 1.92475 0.4558
0.415534 0.563213 0.856936 0.247254
-1.396 0.880936 1.94425 0.485154
0.462269 1.73437 2.63589 0.00573175
-0.522283 2.15782 3.33268 0.00621171
0.421967 4.9516 4.22581 0.00189378
-1.04338 5.96107 5.00294 0.000836556
1.19647 38.7474 23.5092 0.000249717
-2.52864 17.8066 10.6716 4.29396e-05
-5.09024 -143.241 -82.9181 0.000203829
-3.95874 28.0197 16.113 8.01136e-05
-0.3712 61.3285 33.8321 0.000165468
-2.52018 26.6671 14.1801 6.41174e-05
