camera0:
0.595774 0.309501 0.999904
0.621904 0.21453 0.99983
0.645036 0.212522 0.99983
0.667347 0.210802 0.999809
0.556943 0.216751 0.999829
0.530371 0.216262 0.999839
0.502337 0.215126 0.999826
0.692602 0.208058 0.999842
0.446541 0.213619 0.999893
0.622847 0.379892 0.999945
0.547658 0.384606 0.999951
0.786808 0.526062 0.999776
0.339102 0.534432 0.999774
0.875589 0.938123 0.696882
0.113262 0.883402 0.711126
0.987158 1.30397 0.211025
-0.140012 1.15573 0.444454
1.04241 1.4141 0.207067
-0.230783 1.22518 0.420419
1.01249 1.41579 0.310704
-0.207272 1.22105 0.532666
0.97846 1.38315 0.305476
-0.162411 1.21057 0.554442
0.678798 1.38287 0.00835223
0.362534 1.3637 0.00805022
0.64357 2.10555 0.00223654
0.340033 2.10125 0.00092526
0.625961 2.76638 0.000313551
0.327381 2.77803 5.13467e-05
0.626803 2.86447 0.000248405
0.311117 2.87187 8.62138e-05
0.595517 2.95687 0.000206829
0.385125 2.98552 7.27632e-05
camera1:
0.481314 0.297724 0.999068
0.517352 0.199783 0.998505
0.546024 0.193249 0.998801
0.570787 0.188814 0.998601
0.441334 0.218256 0.998251
0.42257 0.223585 0.998508
0.405495 0.228541 0.998301
0.619429 0.197476 0.999035
0.404628 0.237265 0.999001
0.537942 0.361037 0.999533
0.45545 0.380788 0.999354
0.79544 0.529341 0.998747
0.36761 0.535415 0.999503
0.81794 0.964184 0.49107
0.143715 0.869252 0.700488
0.761409 1.32358 0.0595613
-0.106603 1.02573 0.321572
0.747549 1.43387 0.0608288
-0.194742 1.07884 0.264864
0.704382 1.4135 0.0941635
-0.185754 1.08999 0.364135
0.698279 1.36337 0.0951948
-0.144041 1.07965 0.413312
0.723979 1.37242 0.00534935
0.427108 1.35565 0.0073489
0.7063 2.05423 0.00170044
0.415851 2.03973 0.000795877
0.714829 2.66395 0.000224161
0.429072 2.66742 4.36056e-05
0.732466 2.7527 0.000162586
0.426515 2.75481 7.57251e-05
0.649436 2.86543 0.000150013
0.455947 2.88006 4.03457e-05
fused:
0.137678 -0.277689 1.68649 0.999904
0.191342 -0.418784 1.76569 0.99983
0.237497 -0.426804 1.78413 0.99983
0.279654 -0.428491 1.78459 0.999809
0.0670339 -0.405278 1.73971 0.999829
0.0186026 -0.420361 1.7992 0.999839
-0.0364576 -0.442525 1.88289 0.999826
0.353898 -0.462608 1.94103 0.999842
-0.184973 -0.573531 2.3844 0.999893
0.203186 -0.208017 1.81479 0.999945
0.0571348 -0.198364 1.81898 0.999951
0.674004 0.0154933 2.35986 0.999776
-0.610619 -0.0217256 3.23962 0.999774
0.572709 0.482489 1.50815 0.696882
-1.27731 0.762423 2.95941 0.711126
0.472227 0.580937 0.95594 0.211025
-1.87694 1.20257 2.65956 0.444454
0.465094 0.581425 0.848941 0.207067
-2.04451 1.30943 2.54598 0.420419
0.44032 0.583894 0.854368 0.310704
-1.87914 1.22689 2.41479 0.532666
0.434589 0.595684 0.904721 0.305476
-1.79193 1.20844 2.45219 0.554442
0.445573 1.79542 2.76706 0.00835223
-0.654884 2.37126 3.75689 0.00805022
0.375597 5.47421 4.69623 0.00223654
-1.23996 6.33547 5.39125 0.00092526
-0.59484 -82.1749 -49.3694 0.000313551
-13.957 81.3391 48.423 5.13467e-05
-0.168897 -20.5151 -11.7054 0.000248405
18.5046 -103.712 -59.271 8.62138e-05
-78.6723 3851.6 2132.99 0.000206829
-50.4699 442.444 235.304 7.27632e-05
