camera0:
0.458705 0.24489 0.999821
0.491135 0.157823 0.999625
0.518421 0.151097 0.999649
0.543583 0.145884 0.999585
0.42953 0.174465 0.999635
0.411023 0.179714 0.99966
0.392769 0.184315 0.999625
0.595012 0.164968 0.999671
0.39183 0.202095 0.999761
0.512634 0.312557 0.999874
0.438009 0.331528 0.999892
0.769858 0.522412 0.999316
0.323736 0.537305 0.999612
0.880565 0.921336 0.596086
0.100859 0.893278 0.694082
1.00061 1.31508 0.155994
-0.142455 1.14906 0.371425
1.06161 1.42497 0.153819
-0.230014 1.22475 0.340281
1.02251 1.43761 0.235566
-0.20273 1.2216 0.449744
0.986077 1.40525 0.241158
-0.158234 1.20934 0.479783
0.690697 1.41583 0.00534114
0.378415 1.40434 0.00523798
0.663864 2.13227 0.00184001
0.359977 2.1239 0.000837722
0.680063 2.77719 0.000244346
0.380622 2.7724 4.26203e-05
0.696545 2.8739 0.000200907
0.376782 2.86375 7.96054e-05
0.625802 2.97085 0.000163412
0.419298 2.98683 6.40657e-05
camera1:
0.383361 0.252446 0.998072
0.413483 0.158838 0.996987
0.438283 0.15217 0.997629
0.464012 0.145888 0.997268
0.355397 0.176644 0.996223
0.339106 0.180781 0.996768
0.324618 0.183106 0.996381
0.561013 0.159657 0.99834
0.367368 0.19765 0.998074
0.4409 0.3103 0.999224
0.38957 0.332481 0.99883
0.787779 0.518563 0.998199
0.359892 0.540646 0.999292
0.815404 0.968578 0.455136
0.148062 0.863561 0.674753
0.780881 1.34829 0.0597009
-0.100813 0.951773 0.322074
0.780536 1.45874 0.0601907
-0.194872 1.00003 0.262263
0.735419 1.43269 0.0923657
-0.195175 0.991796 0.359374
0.725951 1.38225 0.0966184
-0.15109 0.988322 0.415714
0.735487 1.39051 0.00425086
0.429516 1.38681 0.00608769
0.720387 2.08531 0.00147733
0.431894 2.08047 0.000728477
0.741546 2.72034 0.000191358
0.45581 2.73598 3.84687e-05
0.763493 2.80673 0.000146581
0.462289 2.82845 7.08173e-05
0.668076 2.92337 0.00011715
0.461465 2.94172 3.47246e-05
fused:
-0.129466 -0.443881 2.03021 0.999821
-0.0603659 -0.583916 2.03632 0.999625
-0.00258891 -0.584303 2.01555 0.999649
0.0504949 -0.589882 2.01555 0.999585
-0.193901 -0.57222 2.06158 0.999635
-0.235018 -0.571055 2.07509 0.99966
-0.277287 -0.575046 2.09981 0.999625
0.195283 -0.677686 2.4146 0.999671
-0.334749 -0.673616 2.54293 0.999761
-0.0114799 -0.335609 2.00867 0.999874
-0.187346 -0.349528 2.22741 0.999892
0.674224 -0.00066796 2.5133 0.999316
-0.698533 -0.0146837 3.40889 0.999612
0.565434 0.459236 1.46756 0.596086
-1.45019 0.847368 3.26016 0.694082
0.482888 0.578005 0.955596 0.155994
-1.97674 1.14336 2.78672 0.371425
0.480708 0.578255 0.853722 0.153819
-2.06533 1.22021 2.56744 0.340281
0.457329 0.600559 0.878766 0.235566
-1.79513 1.07767 2.3144 0.449744
0.451141 0.615321 0.932909 0.241158
-1.72433 1.06278 2.36791 0.479783
0.471678 1.83128 2.79039 0.00534114
-0.555569 2.22407 3.44599 0.00608769
0.428441 5.27952 4.48165 0.00184001
-1.06195 6.05554 5.06982 0.000837722
1.1666 34.5033 20.8008 0.000244346
-2.34523 16.9187 10.0886 4.26203e-05
-27.0835 -686.403 -394.702 0.000200907
-3.56419 25.9129 14.8083 7.96054e-05
-0.12315 48.3059 26.5311 0.000163412
-2.28023 24.4013 12.9405 6.40657e-05
