camera0:
0.471189 0.20973 0.999784
0.507188 0.121865 0.999579
0.533077 0.120443 0.999616
0.558306 0.120395 0.999567
0.446926 0.130434 0.999563
0.428492 0.134813 0.999591
0.410538 0.139399 0.999552
0.607996 0.145721 0.999648
0.410224 0.166661 0.999686
0.52085 0.277954 0.999853
0.446871 0.295197 0.999862
0.777406 0.515275 0.998979
0.327478 0.524877 0.999361
0.876004 0.934222 0.516233
0.144764 0.853417 0.59982
1.02534 1.32016 0.139813
-0.074863 1.06913 0.332521
1.08611 1.42685 0.146869
-0.154948 1.13589 0.309563
1.04632 1.42853 0.227153
-0.131745 1.12906 0.421206
1.01205 1.39353 0.243912
-0.0928635 1.11914 0.459465
0.704386 1.3572 0.00305804
0.391336 1.34508 0.00327089
0.677589 2.06454 0.0014197
0.377876 2.05136 0.000669848
0.676009 2.70686 0.000165457
0.381359 2.6968 2.93188e-05
0.688623 2.79956 0.000139338
0.376239 2.78584 5.90126e-05
0.62401 2.89724 0.000110685
0.42031 2.89915 4.73404e-05
camera1:
0.407891 0.221602 0.998676
0.440957 0.129712 0.998206
0.462886 0.126461 0.998454
0.490448 0.123581 0.998524
0.390707 0.141532 0.997761
0.37579 0.14603 0.997751
0.361394 0.148585 0.997827
0.576843 0.147133 0.998955
0.409201 0.166768 0.998375
0.455185 0.281773 0.999448
0.410334 0.300114 0.999158
0.772496 0.529264 0.99806
0.380341 0.519912 0.999218
0.772946 0.969414 0.620529
0.161938 0.848288 0.713101
0.654732 1.33384 0.123091
-0.0984894 0.91798 0.52188
0.638991 1.44634 0.120354
-0.205055 0.916831 0.460806
0.595949 1.41495 0.171499
-0.202112 0.910119 0.55508
0.592234 1.36877 0.187449
-0.149089 0.914786 0.616803
0.711745 1.38515 0.00879412
0.423489 1.37981 0.0151833
0.691027 2.08293 0.00203653
0.416859 2.07546 0.00219828
0.688875 2.73252 0.000213825
0.418428 2.74955 8.70736e-05
0.703096 2.81205 0.000201533
0.420104 2.8377 0.000121946
0.626432 2.9263 0.000167117
0.419469 2.9451 4.88285e-05
fused:
-0.109817 -0.526563 2.15185 0.999784
-0.0292959 -0.674299 2.15869 0.999579
0.0285391 -0.660491 2.11727 0.999616
0.0854342 -0.662676 2.12753 0.999567
-0.172573 -0.69794 2.25575 0.999563
-0.21882 -0.703072 2.28705 0.999591
-0.26419 -0.708381 2.31493 0.999552
0.231058 -0.722715 2.47044 0.999648
-0.328259 -0.855597 2.92733 0.999686
0.0046481 -0.397816 2.07755 0.999853
-0.177932 -0.436932 2.37284 0.999862
0.616693 0.00664231 2.24499 0.998979
-0.772838 -0.069196 3.85948 0.999361
0.505176 0.414102 1.32891 0.620529
-1.10675 0.646619 2.78339 0.713101
0.399291 0.414776 0.769696 0.139813
-1.33971 0.654127 2.11269 0.52188
0.397411 0.416465 0.696168 0.146869
-1.34095 0.610487 1.85966 0.460806
0.377252 0.428269 0.712202 0.227153
-1.22837 0.590488 1.76354 0.55508
0.370986 0.432861 0.745375 0.243912
-1.22825 0.624213 1.87542 0.616803
0.402484 1.30094 2.2124 0.00879412
-0.428338 1.77304 2.94445 0.0151833
0.285484 3.11286 2.85204 0.00203653
-0.689061 3.76602 3.42245 0.00219828
0.142199 7.27969 4.66703 0.000213825
-1.08559 6.76996 4.30384 8.70736e-05
0.123241 8.9167 5.53271 0.000201533
-1.25227 7.95403 4.82115 0.000121946
-0.24921 8.66065 5.12239 0.000167117
-0.888086 7.41132 4.21452 4.88285e-05
