camera0:
0.457596 0.241644 0.999783
0.49018 0.153168 0.999528
0.517318 0.146423 0.999572
0.543727 0.141478 0.999496
0.431131 0.170762 0.999542
0.414544 0.175826 0.999576
0.398499 0.18055 0.999535
0.595623 0.159423 0.999599
0.404056 0.196705 0.999691
0.512218 0.308451 0.999836
0.437823 0.327752 0.999858
0.769267 0.515874 0.999138
0.328483 0.533736 0.999543
0.87375 0.915552 0.573088
0.104953 0.883768 0.692354
0.996145 1.28975 0.140325
-0.148535 1.12329 0.354884
1.05581 1.3975 0.13964
-0.240347 1.19711 0.321502
1.02164 1.40779 0.216071
-0.215437 1.20027 0.430821
0.987276 1.3754 0.225705
-0.169339 1.18995 0.464406
0.689027 1.40343 0.00453239
0.379994 1.39293 0.00452849
0.666838 2.11379 0.00182797
0.367167 2.10923 0.000942438
0.681948 2.7637 0.000239257
0.386557 2.76648 4.60385e-05
0.698422 2.86015 0.000202367
0.384023 2.85916 8.76895e-05
0.627162 2.95654 0.000164935
0.422747 2.97542 6.66189e-05
camera1:
0.395136 0.259394 0.998368
0.423535 0.161181 0.997451
0.446553 0.154712 0.997984
0.473599 0.148819 0.997706
0.369276 0.178664 0.996808
0.353449 0.1823 0.997235
0.339136 0.184291 0.996942
0.561051 0.160685 0.998594
0.382923 0.196681 0.998338
0.448563 0.316047 0.99932
0.397244 0.340219 0.998973
0.78769 0.523567 0.998131
0.366703 0.53946 0.999325
0.817011 0.979199 0.466572
0.150958 0.860537 0.669347
0.81245 1.35401 0.0646615
-0.112228 0.93744 0.371006
0.821061 1.46878 0.065877
-0.204043 0.970935 0.307017
0.776462 1.44659 0.100705
-0.202653 0.961376 0.406953
0.767052 1.39338 0.107012
-0.160202 0.960264 0.464436
0.742708 1.405 0.00403819
0.433139 1.39439 0.00628037
0.721076 2.10108 0.0012498
0.426759 2.08682 0.00069836
0.728745 2.74025 0.00015685
0.435775 2.75364 3.4159e-05
0.74843 2.82476 0.000123299
0.43794 2.8465 6.02918e-05
0.653379 2.94524 0.000101443
0.442908 2.96186 3.06229e-05
fused:
-0.141468 -0.47036 2.15337 0.999783
-0.066712 -0.618627 2.14143 0.999528
-0.00637192 -0.614375 2.10516 0.999572
0.0517994 -0.619843 2.10619 0.999496
-0.201852 -0.608249 2.17752 0.999542
-0.239421 -0.603441 2.17876 0.999576
-0.276321 -0.602193 2.1867 0.999535
0.19561 -0.684929 2.42499 0.999599
-0.310016 -0.694761 2.60134 0.999691
-0.0145159 -0.348861 2.0874 0.999836
-0.198 -0.362486 2.32352 0.999858
0.678033 -0.00190326 2.54158 0.999138
-0.693522 -0.021208 3.46794 0.999543
0.571912 0.474431 1.51231 0.573088
-1.42804 0.827339 3.2426 0.692354
0.505244 0.589307 1.00838 0.140325
-1.91052 0.999834 2.67178 0.371006
0.502782 0.590231 0.901726 0.13964
-2.06337 1.08316 2.5309 0.321502
0.477822 0.605112 0.918428 0.216071
-1.83593 0.990731 2.32698 0.430821
0.474552 0.620565 0.977356 0.225705
-1.74185 0.973621 2.35497 0.464436
0.484017 1.86924 2.87415 0.00453239
-0.546716 2.1981 3.44107 0.00628037
0.442318 4.73709 3.98788 0.00182797
-0.842202 5.19508 4.33058 0.000942438
0.838355 18.1425 10.8305 0.000239257
-1.41014 11.1891 6.60936 4.60385e-05
2.13105 41.0167 23.3698 0.000202367
-1.73114 14.1856 8.00549 8.76895e-05
0.183918 21.852 11.9202 0.000164935
-1.24847 14.9204 7.87492 6.66189e-05
