camera0:
0.476859 0.272194 0.999841
0.515461 0.18282 0.999674
0.542592 0.179473 0.999698
0.567131 0.177312 0.999633
0.449265 0.192066 0.999681
0.43059 0.195017 0.999709
0.413753 0.198495 0.99967
0.617006 0.192903 0.999714
0.419649 0.210172 0.999798
0.53149 0.346426 0.999889
0.453245 0.358106 0.999907
0.784072 0.53121 0.999462
0.337824 0.532881 0.999689
0.887827 0.936681 0.62414
0.122609 0.87327 0.696764
0.979304 1.33933 0.170829
-0.13028 1.06254 0.388613
1.03135 1.45527 0.167652
-0.21095 1.16866 0.359602
0.989176 1.45922 0.254763
-0.184761 1.17358 0.469816
0.956432 1.42054 0.257463
-0.140654 1.16314 0.497525
0.695731 1.41912 0.00616576
0.383791 1.3967 0.0060184
0.657507 2.13393 0.00198601
0.354134 2.11183 0.000868382
0.653554 2.77745 0.000262845
0.359218 2.76896 4.49532e-05
0.666875 2.87378 0.000215548
0.356088 2.86269 8.20166e-05
0.596274 2.97404 0.000175205
0.395212 2.98407 6.5541e-05
camera1:
0.421478 0.283452 0.998349
0.449277 0.191091 0.997383
0.47413 0.183436 0.997966
0.504018 0.175487 0.997558
0.38798 0.210526 0.996844
0.368146 0.216232 0.997397
0.35088 0.221652 0.996985
0.579676 0.182079 0.998503
0.371928 0.235299 0.998435
0.473985 0.344447 0.999306
0.416313 0.373382 0.999033
0.78804 0.519516 0.998528
0.354505 0.550893 0.999404
0.813046 0.962855 0.468764
0.126332 0.879628 0.69649
0.73739 1.28977 0.055198
-0.150066 1.00435 0.298142
0.71864 1.39656 0.0548303
-0.239949 1.04473 0.241573
0.675077 1.36644 0.0849139
-0.243861 1.04263 0.334766
0.673871 1.31901 0.086868
-0.20598 1.03422 0.386519
0.729223 1.38423 0.00462291
0.427939 1.37731 0.00632886
0.710536 2.07136 0.00166902
0.415272 2.0626 0.000763529
0.726356 2.68919 0.000218844
0.435697 2.69829 4.31754e-05
0.748289 2.77673 0.00016501
0.436364 2.7856 7.93162e-05
0.658572 2.89033 0.000133124
0.463518 2.91417 3.83122e-05
fused:
-0.0976421 -0.431122 2.19366 0.999841
-0.00969376 -0.561567 2.12716 0.999674
0.0506727 -0.557938 2.09598 0.999698
0.10762 -0.571989 2.12741 0.999633
-0.163613 -0.563777 2.18881 0.999681
-0.206274 -0.556406 2.17991 0.999709
-0.244707 -0.549868 2.17563 0.99967
0.243828 -0.604246 2.33188 0.999714
-0.246495 -0.566346 2.32339 0.999798
0.0305948 -0.296508 2.10473 0.999889
-0.162178 -0.307089 2.34862 0.999907
0.65062 0.0108298 2.29282 0.999462
-0.577696 -0.00239076 3.02611 0.999689
0.557414 0.450578 1.41921 0.62414
-1.0849 0.661649 2.57263 0.696764
0.461638 0.596204 0.958067 0.170829
-1.44762 0.821661 2.08803 0.388613
0.455816 0.603053 0.85939 0.167652
-1.53406 0.918921 1.96389 0.359602
0.430362 0.622831 0.887235 0.254763
-1.35874 0.837226 1.80264 0.469816
0.425266 0.633729 0.939647 0.257463
-1.27263 0.809057 1.80015 0.497525
0.458026 1.73163 2.62978 0.00616576
-0.508793 2.11278 3.28691 0.00632886
0.385966 5.31729 4.54358 0.00198601
-1.00366 5.47891 4.63704 0.000868382
1.64612 117.288 71.1225 0.000262845
-3.16698 20.0921 12.0945 4.49532e-05
-0.877439 -44.1428 -25.4815 0.000215548
-4.78982 30.3267 17.5261 8.20166e-05
4.0283 -182.083 -100.31 0.000175205
-6.56227 59.9078 31.9163 6.5541e-05
