camera0:
0.33253 0.201858 0.999809
0.364154 0.113762 0.999638
0.386636 0.112428 0.999666
0.410567 0.112341 0.999632
0.303279 0.123126 0.99962
0.283132 0.127375 0.999637
0.26536 0.131094 0.999607
0.47836 0.141109 0.999702
0.266047 0.164102 0.999713
0.374217 0.272287 0.999867
0.311022 0.288295 0.999864
0.643431 0.515442 0.998973
0.189889 0.533234 0.999237
0.755532 0.943685 0.511852
-0.00484127 0.897845 0.619678
0.918262 1.31226 0.136649
-0.141247 0.658872 0.380101
0.970495 1.41825 0.146577
-0.169264 0.575215 0.349312
0.93502 1.41234 0.224248
-0.155192 0.544149 0.452411
0.901234 1.38281 0.243613
-0.122466 0.587386 0.490407
0.60053 1.37666 0.00344501
0.279882 1.39336 0.00380501
0.609791 2.0897 0.00138555
0.292786 2.10446 0.000684465
0.622958 2.73008 0.000147334
0.320874 2.74428 2.86087e-05
0.639805 2.82006 0.000121718
0.319638 2.83236 5.5888e-05
0.579616 2.93121 9.65849e-05
0.361913 2.95474 4.35204e-05
camera1:
0.387748 0.220511 0.998227
0.423925 0.127261 0.997546
0.446216 0.12612 0.997868
0.470113 0.124996 0.997976
0.371199 0.131482 0.996904
0.355938 0.13269 0.996898
0.341515 0.13211 0.997034
0.561734 0.146971 0.998558
0.390357 0.146653 0.997768
0.440325 0.28571 0.999267
0.39187 0.302237 0.998865
0.770064 0.532121 0.997092
0.368023 0.520088 0.999008
0.771227 0.988261 0.590952
0.156156 0.859301 0.668088
0.66376 1.34036 0.12427
-0.13069 0.936775 0.500644
0.641778 1.43586 0.123265
-0.230359 0.93776 0.444614
0.603296 1.4063 0.175501
-0.228402 0.928114 0.543477
0.600433 1.36073 0.191658
-0.181039 0.931342 0.604798
0.702433 1.38476 0.00755577
0.407642 1.37371 0.0131451
0.6708 2.09576 0.00181445
0.400007 2.08268 0.00189602
0.674877 2.74136 0.00019403
0.407236 2.7573 7.41217e-05
0.690561 2.82427 0.000182054
0.411392 2.84665 0.000107188
0.606735 2.9369 0.000152583
0.395092 2.95722 4.55387e-05
fused:
-0.849169 -1.16119 4.36346 0.999809
-0.752527 -1.58872 4.70423 0.999638
-0.647888 -1.60303 4.75038 0.999666
-0.53225 -1.61146 4.78826 0.999632
-1.08486 -1.63346 4.86037 0.99962
-1.2204 -1.67694 5.00214 0.999637
-1.32747 -1.69651 5.06375 0.999607
-0.243178 -1.97577 6.2858 0.999702
-2.50315 -3.09028 9.68131 0.999713
-0.720308 -1.00816 4.7906 0.999867
-1.17742 -1.09264 5.4263 0.999864
1.1786 -0.0793903 8.78947 0.998973
-44.0671 -2.95804 127.609 0.999237
0.559231 0.723032 2.22032 0.590952
-5.75275 2.64532 10.3222 0.668088
0.392419 0.531261 0.958 0.136649
-1.66379 0.50421 2.35826 0.500644
0.385859 0.520541 0.84856 0.146577
-1.32383 0.334836 1.79426 0.444614
0.36175 0.528487 0.864556 0.224248
-1.26725 0.290677 1.7499 0.543477
0.3539 0.543777 0.918195 0.243613
-1.27276 0.342277 1.85065 0.604798
0.32892 2.76543 4.51783 0.00755577
-2.02485 4.68798 7.56453 0.0131451
0.144742 4.58161 4.05947 0.00181445
-1.96667 7.68283 6.72535 0.00189602
-0.128427 11.2098 7.05825 0.00019403
-2.33643 12.052 7.45489 7.41217e-05
-0.179589 13.8498 8.45338 0.000182054
-2.78421 14.9217 8.81029 0.000107188
-0.668674 12.0879 7.03668 0.000152583
-1.68701 11.0971 6.16052 4.55387e-05
