camera0:
0.587505 0.318908 0.999885
0.614267 0.217891 0.999786
0.637494 0.217263 0.999785
0.660015 0.217347 0.999753
0.5463 0.21637 0.99979
0.514645 0.215226 0.999799
0.489308 0.214276 0.999783
0.695793 0.218959 0.999796
0.446885 0.213344 0.999871
0.620162 0.393303 0.999928
0.530465 0.399785 0.999941
0.796349 0.529623 0.999706
0.341609 0.534333 0.999756
0.889733 0.952054 0.67877
0.109421 0.886478 0.715524
0.963466 1.31702 0.20222
-0.158322 1.14645 0.432409
1.00783 1.42865 0.197967
-0.254322 1.21254 0.405746
0.970142 1.42427 0.29771
-0.233958 1.21442 0.518279
0.93896 1.38889 0.294998
-0.18429 1.20479 0.542014
0.688411 1.40242 0.00766007
0.369266 1.3787 0.00737953
0.651698 2.12817 0.00214942
0.340859 2.11599 0.000899319
0.634409 2.77466 0.000295034
0.337617 2.77844 4.9307e-05
0.644638 2.86908 0.000234339
0.330879 2.87 8.53271e-05
0.590851 2.98526 0.000195259
0.387503 3.00428 7.04654e-05
camera1:
0.46989 0.305409 0.999097
0.503656 0.204505 0.998555
0.531299 0.197608 0.998833
0.559279 0.19192 0.998635
0.436158 0.22162 0.998321
0.416991 0.22637 0.998569
0.399203 0.230808 0.998377
0.61585 0.198833 0.999071
0.404603 0.237699 0.99906
0.524507 0.367773 0.999554
0.450239 0.386427 0.999393
0.797471 0.530029 0.998714
0.367312 0.536701 0.999525
0.821264 0.969254 0.48353
0.144811 0.865406 0.700578
0.800825 1.34159 0.0593133
-0.092998 1.01365 0.327064
0.801565 1.44636 0.0607976
-0.179293 1.05745 0.270628
0.763598 1.42352 0.0942542
-0.164822 1.05358 0.370902
0.750828 1.37832 0.0959346
-0.120786 1.0485 0.420084
0.724914 1.37251 0.00518714
0.427513 1.35469 0.00714446
0.702243 2.05388 0.00168559
0.411706 2.03839 0.000780163
0.706725 2.6704 0.000217961
0.4232 2.6677 4.21629e-05
0.723248 2.75854 0.000159783
0.421354 2.75454 7.31883e-05
0.642812 2.86615 0.000144427
0.449366 2.87979 3.94665e-05
fused:
0.122098 -0.264418 1.66876 0.999885
0.173558 -0.405762 1.73338 0.999786
0.21808 -0.410564 1.74247 0.999785
0.262558 -0.415619 1.75702 0.999753
0.0482871 -0.414524 1.77862 0.99979
-0.0117356 -0.439926 1.87255 0.999799
-0.0642105 -0.456746 1.93595 0.999783
0.349542 -0.43555 1.87218 0.999796
-0.18409 -0.572593 2.38153 0.999871
0.190825 -0.185267 1.74018 0.999928
0.0271782 -0.194911 1.89472 0.999941
0.665135 0.0202132 2.24821 0.999706
-0.591807 -0.0192495 3.1831 0.999756
0.568748 0.471217 1.44142 0.67877
-1.32529 0.783507 3.04188 0.715524
0.509602 0.672803 1.08673 0.20222
-2.25644 1.37501 3.11162 0.432409
0.508704 0.694358 0.994404 0.197967
-2.5236 1.52203 3.04714 0.405746
0.4831 0.710602 1.02491 0.29771
-2.4291 1.48548 3.00992 0.518279
0.473523 0.718182 1.07782 0.294998
-2.29696 1.46063 3.04485 0.542014
0.450014 1.74534 2.66673 0.00766007
-0.614751 2.30332 3.63724 0.00737953
0.372354 5.34998 4.5699 0.00214942
-1.25413 6.36704 5.39624 0.000899319
3.95491 467.833 281.482 0.000295034
-6.25811 37.3474 22.2951 4.9307e-05
-0.54087 -40.0288 -22.9477 0.000234339
-15.1364 89.7734 51.4555 8.53271e-05
2.30879 -84.7503 -46.5792 0.000195259
-454.692 3961.88 2096.68 7.04654e-05
