camera0:
0.533511 0.316807 0.999861
0.575514 0.217493 0.999726
0.601543 0.216633 0.999737
0.624627 0.216896 0.999686
0.498373 0.215737 0.999735
0.476628 0.214283 0.999751
0.462056 0.213177 0.999724
0.674121 0.218277 0.99975
0.446543 0.212468 0.999836
0.58424 0.392339 0.999906
0.491674 0.394578 0.999925
0.798214 0.53478 0.999603
0.341682 0.532715 0.999728
0.890519 0.960853 0.652741
0.110553 0.886484 0.708409
0.942108 1.33901 0.188596
-0.147683 1.08405 0.411647
0.980303 1.45691 0.185006
-0.247513 1.19784 0.384684
0.936274 1.45155 0.279301
-0.227512 1.20816 0.496003
0.909431 1.40933 0.278207
-0.179337 1.19743 0.520993
0.691298 1.4186 0.00703169
0.373114 1.38993 0.00678019
0.651753 2.13564 0.00211063
0.342441 2.11735 0.000887317
0.636526 2.77929 0.000282659
0.33873 2.77846 4.75797e-05
0.645076 2.87505 0.000227052
0.332133 2.8704 8.39425e-05
0.580738 2.98893 0.000188202
0.377275 3.00373 6.85522e-05
camera1:
0.448851 0.305052 0.998726
0.47666 0.204539 0.997918
0.502383 0.197592 0.998371
0.527573 0.191786 0.998044
0.417719 0.222006 0.997578
0.398831 0.227088 0.998007
0.381067 0.231732 0.997708
0.596875 0.198879 0.99876
0.397188 0.239866 0.998797
0.500587 0.366282 0.99943
0.437841 0.386732 0.999248
0.794065 0.525458 0.998631
0.360388 0.543038 0.999502
0.817518 0.959931 0.476422
0.127376 0.870514 0.699731
0.758303 1.30651 0.0567977
-0.104738 1.01331 0.314066
0.746042 1.41403 0.0578527
-0.192674 1.05811 0.25794
0.703145 1.38798 0.0897162
-0.179233 1.06178 0.354654
0.698418 1.34102 0.0914937
-0.136608 1.05371 0.403985
0.728734 1.37384 0.00497296
0.428878 1.36181 0.00683711
0.710722 2.05397 0.00171239
0.415163 2.04062 0.00079214
0.722172 2.67104 0.000222189
0.432094 2.67098 4.39533e-05
0.741542 2.75882 0.000165641
0.431515 2.75684 7.73851e-05
0.656237 2.86942 0.000142311
0.462094 2.88662 3.95246e-05
fused:
0.0320443 -0.313019 1.89441 0.999861
0.109196 -0.433603 1.82148 0.999726
0.15829 -0.431189 1.80312 0.999737
0.202624 -0.431333 1.79921 0.999686
-0.0445557 -0.476207 1.99316 0.999735
-0.0927576 -0.484884 2.02712 0.999751
-0.124057 -0.479506 2.0104 0.999724
0.313196 -0.448015 1.90814 0.99975
-0.180491 -0.552908 2.30976 0.999836
0.132339 -0.202534 1.8367 0.999906
-0.0567925 -0.230594 2.12691 0.999925
0.649807 0.0205344 2.17697 0.999603
-0.569433 -0.0119272 3.05573 0.999728
0.562784 0.466131 1.42419 0.652741
-1.19061 0.709949 2.74012 0.708409
0.480728 0.681649 1.08177 0.188596
-1.94338 1.11584 2.72883 0.411647
0.475791 0.707576 0.992024 0.185006
-2.24473 1.34146 2.73568 0.384684
0.444343 0.726404 1.02656 0.279301
-2.1587 1.32682 2.69881 0.496003
0.437011 0.727635 1.0766 0.278207
-2.03908 1.29804 2.7231 0.520993
0.461255 1.79178 2.71581 0.00703169
-0.595063 2.28779 3.58724 0.00683711
0.399863 5.92882 5.05932 0.00211063
-1.27291 6.47621 5.49416 0.000887317
-0.531635 -79.1026 -47.6955 0.000282659
-8.06116 47.4439 28.4362 4.75797e-05
-0.241706 -22.9546 -13.1804 0.000227052
-40.5727 237.651 136.693 8.39425e-05
1.03102 -32.23 -17.6646 0.000188202
8.82935 -73.7777 -39.0226 6.85522e-05
