camera0:
0.494244 0.236919 0.999955
0.525277 0.143374 0.999928
0.548972 0.140493 0.999936
0.571465 0.138574 0.99993
0.456842 0.159719 0.999912
0.436908 0.167092 0.999918
0.417835 0.17484 0.999901
0.605259 0.162513 0.999954
0.399676 0.208828 0.999932
0.540715 0.298413 0.999975
0.458648 0.320055 0.999966
0.760125 0.523967 0.999842
0.320203 0.534813 0.999779
0.867131 0.919897 0.694724
0.116593 0.866569 0.698716
1.00377 1.28003 0.217843
-0.129627 1.01548 0.445142
1.06485 1.39249 0.215205
-0.22737 1.06681 0.424257
1.03003 1.39645 0.323683
-0.199629 1.06171 0.5384
0.995214 1.35946 0.316555
-0.155909 1.05385 0.560112
0.6916 1.38225 0.00887597
0.382521 1.37878 0.00857374
0.681854 2.09827 0.0023489
0.392818 2.11076 0.000946377
0.696312 2.76645 0.00032424
0.40684 2.79015 5.11295e-05
0.707745 2.86562 0.000257947
0.402827 2.88668 8.59916e-05
0.65802 2.94991 0.00020285
0.439736 2.98633 7.07115e-05
camera1:
0.472759 0.285055 0.999123
0.505222 0.191656 0.998632
0.532086 0.183456 0.998908
0.555528 0.178272 0.998764
0.437216 0.217074 0.998371
0.419647 0.223532 0.998593
0.40303 0.229192 0.998402
0.593887 0.195737 0.999114
0.40095 0.242228 0.999019
0.526394 0.336397 0.999559
0.44738 0.362131 0.999358
0.769911 0.526587 0.998852
0.361861 0.541924 0.9995
0.807466 0.953224 0.503204
0.144846 0.862367 0.701006
0.772218 1.31386 0.0628335
-0.0949041 0.973826 0.336903
0.772386 1.43044 0.0643031
-0.192313 1.01521 0.277862
0.726498 1.41342 0.099317
-0.189022 1.01962 0.37945
0.717984 1.36262 0.100355
-0.147886 1.01405 0.429719
0.719817 1.34712 0.0057375
0.430181 1.338 0.00788949
0.688866 2.02371 0.00168471
0.413588 2.01459 0.000812684
0.689121 2.64797 0.000228044
0.417912 2.6589 4.42337e-05
0.702619 2.73545 0.000163952
0.415309 2.74699 7.47632e-05
0.638112 2.83139 0.000154419
0.441263 2.85359 4.07986e-05
fused:
-0.0784688 -0.565148 2.66731 0.999955
0.00604166 -0.786104 2.77048 0.999928
0.0772564 -0.804054 2.80402 0.999936
0.144031 -0.807708 2.80397 0.99993
-0.195306 -0.756779 2.7848 0.999912
-0.255055 -0.752005 2.80956 0.999918
-0.312744 -0.746611 2.83194 0.999901
0.246748 -0.759083 2.81354 0.999954
-0.383484 -0.746834 3.02365 0.999932
0.0562718 -0.443332 2.67843 0.999975
-0.179618 -0.416351 2.74493 0.999966
0.626477 0.00819475 2.43333 0.999842
-0.741901 -0.0181727 3.55245 0.999779
0.561208 0.466731 1.51296 0.694724
-1.25319 0.725541 2.92834 0.701006
0.476523 0.548457 0.930517 0.217843
-1.82308 0.956377 2.6351 0.445142
0.476306 0.556473 0.832288 0.215205
-1.96177 1.00457 2.46355 0.424257
0.45099 0.564626 0.843381 0.323683
-1.73026 0.907883 2.25651 0.5384
0.444435 0.571236 0.890583 0.316555
-1.65234 0.90125 2.29405 0.560112
0.440526 1.63045 2.54626 0.00887597
-0.531612 2.14627 3.41449 0.00857374
0.375119 3.74449 3.25824 0.0023489
-0.697316 4.38913 3.78451 0.000946377
0.581004 14.4392 8.80679 0.00032424
-1.66651 12.1254 7.32279 5.11295e-05
1.29678 28.854 16.6901 0.000257947
-2.20553 15.794 9.14698 8.59916e-05
0.0307407 20.0583 11.3501 0.00020285
-2.25978 24.0073 12.9186 7.07115e-05
