camera0:
0.491716 0.196892 0.999792
0.531213 0.110864 0.999592
0.556454 0.110486 0.99963
0.580355 0.111375 0.999577
0.464121 0.118426 0.999584
0.44631 0.122955 0.999615
0.426912 0.128179 0.999583
0.622081 0.140532 0.999658
0.42182 0.159945 0.99971
0.542513 0.262583 0.999851
0.459359 0.281137 0.999865
0.783304 0.514425 0.99897
0.343176 0.522464 0.999381
0.888492 0.936322 0.518138
0.153955 0.846471 0.6186
1.02672 1.31622 0.140903
-0.0763339 0.998135 0.345206
1.08276 1.42868 0.148482
-0.163179 1.08116 0.321741
1.04035 1.42732 0.229377
-0.133936 1.07243 0.435797
1.00615 1.3899 0.244622
-0.0598512 0.990551 0.473133
0.707704 1.36013 0.00327158
0.395855 1.34781 0.0034825
0.67714 2.06772 0.00161978
0.380374 2.05689 0.000763639
0.673409 2.71692 0.000187011
0.386452 2.70577 3.35665e-05
0.686169 2.81113 0.000157349
0.383214 2.79628 6.69835e-05
0.621071 2.90596 0.000125903
0.419896 2.90876 5.24392e-05
camera1:
0.452356 0.213807 0.998737
0.484922 0.124588 0.998294
0.509873 0.1216 0.998528
0.535246 0.119692 0.998573
0.431055 0.135459 0.997903
0.414899 0.140594 0.997914
0.398348 0.145565 0.997973
0.600356 0.143764 0.999005
0.421821 0.168878 0.998554
0.497598 0.272737 0.99949
0.437081 0.291234 0.999236
0.783947 0.527802 0.998107
0.387206 0.517389 0.999291
0.784538 0.968414 0.61181
0.162007 0.844567 0.725351
0.680471 1.30956 0.107696
-0.13989 0.937715 0.506597
0.657878 1.41341 0.105452
-0.236975 0.958072 0.444843
0.616639 1.37912 0.151893
-0.246083 0.956587 0.539192
0.614829 1.3393 0.167518
-0.19876 0.937994 0.601716
0.727215 1.38256 0.00861547
0.446678 1.37948 0.0148821
0.700463 2.08306 0.00210239
0.430688 2.08173 0.00228688
0.694447 2.73747 0.000223309
0.4263 2.76501 9.13893e-05
0.708309 2.81541 0.000208003
0.427021 2.85186 0.000128229
0.632972 2.93123 0.000170245
0.425029 2.96028 4.98179e-05
fused:
-0.0711649 -0.611182 2.40899 0.999792
0.0268855 -0.757406 2.37301 0.999592
0.0894182 -0.75167 2.35907 0.99963
0.149134 -0.74947 2.36129 0.999577
-0.148538 -0.806014 2.53615 0.999584
-0.197091 -0.805084 2.55338 0.999615
-0.251428 -0.807709 2.58262 0.999583
0.280623 -0.76713 2.59272 0.999658
-0.300678 -0.875038 2.97939 0.99971
0.0562687 -0.459294 2.28064 0.999851
-0.158997 -0.495672 2.56057 0.999865
0.644809 0.00476675 2.29461 0.99897
-0.663522 -0.0686841 3.61383 0.999381
0.516337 0.409266 1.3125 0.61181
-1.0318 0.608788 2.66053 0.725351
0.413884 0.430546 0.793958 0.140903
-1.15827 0.560067 1.82447 0.506597
0.407773 0.434529 0.717718 0.148482
-1.24945 0.58581 1.71342 0.444843
0.387733 0.449097 0.738856 0.229377
-1.08511 0.537024 1.55469 0.539192
0.382066 0.453765 0.775116 0.244622
-0.911563 0.458129 1.47677 0.601716
0.433392 1.37922 2.34098 0.00861547
-0.465478 1.99905 3.30741 0.0148821
0.309042 3.32925 3.02333 0.00210239
-0.727644 4.07919 3.67994 0.00228688
0.162374 8.11415 5.1505 0.000223309
-1.07085 6.91156 4.36262 9.13893e-05
0.145324 10.2583 6.30132 0.000208003
-1.21972 8.04668 4.84481 0.000128229
-0.263166 9.8069 5.74106 0.000170245
-0.899393 7.79305 4.38679 5.24392e-05
