camera0:
0.503496 0.296908 0.999845
0.541805 0.19759 0.999686
0.568676 0.195498 0.999708
0.59287 0.19508 0.999644
0.470731 0.2033 0.999695
0.452356 0.205011 0.999722
0.435215 0.20665 0.999685
0.642883 0.205378 0.999721
0.434393 0.212016 0.999811
0.555817 0.370375 0.999891
0.470539 0.378205 0.999911
0.792779 0.535014 0.999494
0.340164 0.533094 0.999699
0.890033 0.949804 0.632726
0.11737 0.878911 0.698699
0.953743 1.33907 0.177258
-0.134606 1.06863 0.395165
0.99389 1.45591 0.174106
-0.216341 1.18124 0.367636
0.941275 1.45392 0.263807
-0.192072 1.19189 0.477986
0.916608 1.4115 0.264471
-0.148901 1.17909 0.504015
0.690201 1.41856 0.00652314
0.373798 1.38961 0.00631353
0.646445 2.13431 0.00205031
0.34108 2.10857 0.000873108
0.631605 2.77782 0.000271441
0.335472 2.76888 4.59961e-05
0.642023 2.87433 0.000220306
0.329759 2.86339 8.22195e-05
0.571911 2.97992 0.000182247
0.370146 2.98581 6.68494e-05
camera1:
0.449344 0.292232 0.998505
0.4778 0.198897 0.997591
0.504808 0.191326 0.998124
0.529889 0.185364 0.997751
0.416838 0.217119 0.997155
0.39714 0.222554 0.997657
0.378551 0.227929 0.997295
0.594754 0.194129 0.998595
0.38537 0.239694 0.998582
0.501291 0.356764 0.999352
0.435034 0.379991 0.999126
0.78804 0.519636 0.99858
0.357774 0.545913 0.99945
0.813035 0.951297 0.471587
0.123693 0.875165 0.69842
0.731519 1.28884 0.0560447
-0.157657 0.967547 0.309697
0.71668 1.40215 0.0565585
-0.259194 0.997079 0.252321
0.668567 1.37531 0.087738
-0.253825 1.00467 0.348137
0.666317 1.32538 0.0895487
-0.208131 1.00152 0.399201
0.727298 1.37291 0.00481895
0.428651 1.3619 0.00658139
0.709776 2.05232 0.00170638
0.415179 2.04078 0.000775849
0.72207 2.67026 0.000224322
0.433897 2.67181 4.35954e-05
0.741527 2.75764 0.000168693
0.433522 2.7571 7.78144e-05
0.658216 2.86735 0.000138577
0.463532 2.88655 3.84691e-05
fused:
-0.0321203 -0.394265 2.16665 0.999845
0.0507601 -0.53808 2.12201 0.999686
0.110805 -0.538165 2.10674 0.999708
0.164536 -0.537082 2.09587 0.999644
-0.115771 -0.561433 2.24704 0.999695
-0.159448 -0.555638 2.23951 0.999722
-0.199756 -0.549196 2.22971 0.999685
0.288062 -0.541049 2.19266 0.999721
-0.210326 -0.556125 2.31361 0.999811
0.0866432 -0.263544 2.09465 0.999891
-0.115711 -0.279014 2.33319 0.999911
0.638055 0.0152924 2.1764 0.999494
-0.57141 -0.00798515 3.03756 0.999699
0.556663 0.450519 1.4099 0.632726
-1.11158 0.670093 2.60164 0.698699
0.458481 0.628957 1.00672 0.177258
-1.44346 0.793969 2.06693 0.395165
0.454208 0.652062 0.922747 0.174106
-1.48452 0.867693 1.88399 0.367636
0.420788 0.678537 0.964128 0.263807
-1.36958 0.828843 1.79563 0.477986
0.414627 0.676306 1.00629 0.264471
-1.31945 0.82062 1.8409 0.504015
0.456706 1.7842 2.71745 0.00652314
-0.589439 2.26623 3.56379 0.00658139
0.385146 6.17365 5.28044 0.00205031
-1.25161 6.36233 5.41194 0.000873108
-0.115272 -64.732 -39.1817 0.000271441
-7.96042 46.3813 27.8986 4.59961e-05
-0.142356 -22.2012 -12.7965 0.000220306
-42.773 248.229 143.211 8.22195e-05
0.997873 -28.4195 -15.6049 0.000182247
11.0692 -90.796 -48.2625 6.68494e-05
