camera0:
0.503629 0.204516 0.999746
0.542487 0.116691 0.999493
0.567729 0.116016 0.999535
0.589309 0.116552 0.999473
0.474641 0.126437 0.999496
0.454655 0.131672 0.999528
0.438271 0.13704 0.999503
0.631595 0.143685 0.999564
0.430273 0.165433 0.999651
0.553156 0.272243 0.999813
0.467429 0.286966 0.999839
0.785939 0.523986 0.99879
0.338768 0.52419 0.99937
0.86201 0.943844 0.506956
0.130191 0.862999 0.643244
0.939996 1.33217 0.116621
-0.11186 1.07048 0.319656
0.981842 1.44212 0.122992
-0.19786 1.12635 0.294076
0.93845 1.43682 0.19378
-0.169495 1.11953 0.40596
0.909739 1.40002 0.207476
-0.125422 1.11163 0.442524
0.690227 1.3758 0.00326779
0.380948 1.35287 0.00341029
0.660188 2.09055 0.00170522
0.36213 2.06814 0.000855483
0.653493 2.74517 0.000215906
0.366478 2.72389 3.88787e-05
0.664034 2.83879 0.0001854
0.361675 2.81437 7.62925e-05
0.601606 2.9361 0.000149454
0.401282 2.93033 5.99372e-05
camera1:
0.441882 0.209623 0.998787
0.471971 0.117399 0.998245
0.496231 0.115157 0.998549
0.520936 0.114053 0.998473
0.421011 0.128796 0.997842
0.406801 0.134377 0.998004
0.392954 0.139318 0.997942
0.590154 0.144887 0.998986
0.422698 0.167019 0.998729
0.488231 0.271276 0.999489
0.430979 0.285869 0.999254
0.789458 0.523526 0.998075
0.380977 0.523121 0.999371
0.807339 0.968806 0.547387
0.162863 0.836324 0.707858
0.782501 1.33366 0.0829915
-0.14542 0.937933 0.497486
0.78588 1.44318 0.0854738
-0.262396 0.929552 0.432025
0.743458 1.40959 0.126706
-0.259098 0.927666 0.525548
0.731947 1.36507 0.138827
-0.206607 0.936185 0.582366
0.731191 1.36819 0.0074367
0.440207 1.36559 0.0130169
0.709476 2.06099 0.0017373
0.432536 2.05735 0.00157897
0.706241 2.7161 0.000193646
0.435236 2.73478 6.50893e-05
0.720148 2.79554 0.000177155
0.435611 2.82277 9.09678e-05
0.645627 2.91209 0.000139369
0.440333 2.93283 4.17886e-05
fused:
-0.0351637 -0.53735 2.15428 0.999746
0.0503008 -0.665926 2.10637 0.999493
0.105068 -0.658804 2.08929 0.999535
0.153814 -0.661837 2.10613 0.999473
-0.105448 -0.713408 2.2702 0.999496
-0.156359 -0.725832 2.32741 0.999528
-0.197797 -0.726212 2.34962 0.999503
0.275085 -0.680993 2.33677 0.999564
-0.258648 -0.823041 2.82936 0.999651
0.0756697 -0.404978 2.06832 0.999813
-0.124888 -0.453697 2.36613 0.999839
0.655366 0.00877387 2.30048 0.99879
-0.67311 -0.0576222 3.56972 0.999371
0.563101 0.487936 1.54237 0.547387
-1.24812 0.70294 3.02197 0.707858
0.491001 0.6585 1.13304 0.116621
-1.34811 0.64286 2.00035 0.497486
0.488666 0.67877 1.04232 0.122992
-1.33338 0.580335 1.73893 0.432025
0.459254 0.702992 1.08277 0.19378
-1.20671 0.560451 1.63789 0.525548
0.450074 0.707745 1.13522 0.207476
-1.17831 0.585491 1.70842 0.582366
0.446049 1.59906 2.71508 0.0074367
-0.56504 2.13717 3.57442 0.0130169
0.34276 4.44627 3.94109 0.0017373
-0.989672 5.09778 4.55982 0.00157897
0.263448 16.4664 10.136 0.000215906
-1.69992 10.4115 6.47913 6.50893e-05
0.32708 28.3846 16.8689 0.0001854
-2.0337 13.1838 7.76769 9.09678e-05
-0.574674 22.8526 12.9286 0.000149454
-1.47879 13.1396 7.20726 5.99372e-05
