camera0:
0.483567 0.227187 0.999762
0.521576 0.137066 0.999492
0.548275 0.133435 0.999537
0.572062 0.131511 0.999467
0.452846 0.1501 0.999509
0.436253 0.154783 0.999544
0.420319 0.159397 0.999514
0.616101 0.153472 0.99956
0.418904 0.18358 0.999665
0.538352 0.296343 0.999816
0.454192 0.314466 0.999845
0.779914 0.521122 0.998857
0.335667 0.526553 0.999433
0.87715 0.923687 0.528468
0.115354 0.879695 0.666839
0.989002 1.33689 0.118236
-0.138496 1.13225 0.322602
1.04202 1.4476 0.121402
-0.228671 1.19427 0.294217
0.997792 1.45458 0.191181
-0.200319 1.19428 0.404076
0.964983 1.418 0.203622
-0.155648 1.18386 0.438999
0.686165 1.40432 0.00351627
0.376183 1.38492 0.0035702
0.650855 2.11997 0.00167403
0.349538 2.10733 0.000862852
0.646257 2.76996 0.00022276
0.351192 2.76347 4.257e-05
0.657675 2.86748 0.0001937
0.346607 2.85585 8.04351e-05
0.59349 2.96177 0.000162753
0.384183 2.97195 6.45079e-05
camera1:
0.43495 0.251643 0.998633
0.462113 0.159393 0.997945
0.487573 0.152616 0.998329
0.514501 0.146964 0.998179
0.410085 0.178329 0.997468
0.394403 0.183258 0.997725
0.379272 0.186657 0.997588
0.5838 0.160726 0.998819
0.410032 0.199832 0.998578
0.483265 0.305962 0.999408
0.426007 0.329124 0.999141
0.78938 0.523534 0.997887
0.378487 0.533364 0.999321
0.812677 0.974477 0.499538
0.170327 0.85484 0.684402
0.7738 1.32933 0.0705507
-0.0682359 0.940377 0.460006
0.767794 1.44062 0.073915
-0.172688 0.95665 0.395976
0.72393 1.40422 0.111468
-0.169527 0.941101 0.491591
0.717263 1.36065 0.120724
-0.119537 0.944832 0.546804
0.740058 1.386 0.00496293
0.446402 1.3791 0.00827957
0.714456 2.07964 0.00159264
0.427727 2.06386 0.00123221
0.710142 2.72871 0.000172755
0.43187 2.73589 5.30552e-05
0.723569 2.81263 0.000147188
0.431649 2.82396 7.53473e-05
0.650565 2.92513 0.000127307
0.448636 2.94034 3.80224e-05
fused:
-0.089584 -0.522115 2.30196 0.999762
0.00010952 -0.658847 2.23523 0.999492
0.0623452 -0.657225 2.21436 0.999537
0.119307 -0.666101 2.2328 0.999467
-0.173741 -0.69783 2.41973 0.999509
-0.216264 -0.693166 2.42608 0.999544
-0.256504 -0.688472 2.42788 0.999514
0.24888 -0.696964 2.45724 0.99956
-0.297334 -0.768586 2.83036 0.999665
0.0440897 -0.378061 2.16206 0.999816
-0.168179 -0.409567 2.47345 0.999845
0.664958 0.00515992 2.38893 0.998857
-0.691983 -0.0406764 3.59755 0.999433
0.562677 0.462872 1.47444 0.528468
-1.48526 0.862353 3.46063 0.684402
0.47818 0.578716 0.985635 0.118236
-2.27873 1.12773 3.23576 0.460006
0.47049 0.578311 0.886584 0.121402
-2.23528 1.05904 2.78506 0.395976
0.446406 0.605115 0.923034 0.191181
-1.95213 0.969026 2.52691 0.491591
0.441088 0.616092 0.974996 0.203622
-1.93894 1.01394 2.67576 0.546804
0.474092 1.83848 2.96316 0.00496293
-0.651008 2.43591 3.94759 0.00827957
0.360876 5.37428 4.64794 0.00167403
-1.24033 6.11821 5.33213 0.00123221
0.457901 26.6773 16.0537 0.00022276
-2.56373 15.3441 9.31462 5.30552e-05
1.53987 87.0221 50.17 0.0001937
-3.40622 21.8421 12.5343 8.04351e-05
-1.06215 49.6397 27.4208 0.000162753
-3.09156 27.2262 14.5385 6.45079e-05
