camera0:
0.501043 0.197918 0.999773
0.539812 0.112815 0.99955
0.564544 0.112521 0.999592
0.58631 0.113358 0.999534
0.472464 0.120927 0.999548
0.453571 0.125842 0.99958
0.437316 0.131313 0.99955
0.626575 0.142566 0.99962
0.432572 0.162076 0.999687
0.548614 0.263999 0.999835
0.466206 0.280557 0.999854
0.785816 0.524696 0.998904
0.346414 0.523792 0.999396
0.871394 0.954516 0.512875
0.146099 0.858875 0.626665
0.95559 1.32089 0.131651
-0.115612 1.03714 0.340165
1.00139 1.4381 0.139033
-0.202815 1.12299 0.317111
0.954048 1.43234 0.215157
-0.178382 1.13297 0.429204
0.926392 1.39125 0.228701
-0.133285 1.11946 0.465696
0.7027 1.37842 0.00340394
0.395184 1.35968 0.00363586
0.670277 2.08844 0.00174715
0.380615 2.06763 0.000837361
0.668641 2.73812 0.000203029
0.383482 2.72322 3.70475e-05
0.680346 2.83185 0.000171846
0.378853 2.81969 7.31309e-05
0.614298 2.92592 0.000140436
0.417411 2.92588 5.6522e-05
camera1:
0.451784 0.222484 0.998743
0.483608 0.129899 0.998254
0.508226 0.127336 0.998523
0.535142 0.125635 0.998512
0.433592 0.142006 0.997857
0.419643 0.147433 0.997946
0.406596 0.152258 0.997955
0.60124 0.150127 0.998984
0.433215 0.170697 0.998643
0.496668 0.279432 0.999488
0.439561 0.295964 0.999247
0.792606 0.53106 0.998059
0.390642 0.51385 0.999351
0.797702 0.96875 0.581924
0.175647 0.842445 0.72188
0.721323 1.33767 0.0907371
-0.116014 0.940665 0.506332
0.705095 1.45178 0.0917297
-0.230889 0.9563 0.441599
0.660059 1.41776 0.134665
-0.233651 0.963038 0.5355
0.656401 1.37245 0.148212
-0.17906 0.953914 0.594831
0.724651 1.38454 0.00824974
0.439267 1.37533 0.0144497
0.699905 2.07405 0.0020173
0.429456 2.0628 0.0020377
0.691519 2.73015 0.000219854
0.424958 2.74492 8.08382e-05
0.704485 2.80956 0.000207834
0.423799 2.83311 0.000116691
0.631029 2.92352 0.000155966
0.425666 2.94131 4.60226e-05
fused:
-0.048169 -0.574092 2.30978 0.999773
0.0443957 -0.714715 2.27051 0.99955
0.10289 -0.709562 2.25919 0.999592
0.157888 -0.7205 2.29958 0.999534
-0.124823 -0.77409 2.47142 0.999548
-0.177352 -0.786071 2.52888 0.99958
-0.222789 -0.789478 2.56256 0.99955
0.2862 -0.744361 2.54927 0.99962
-0.268047 -0.872311 2.99215 0.999687
0.0672622 -0.436746 2.21335 0.999835
-0.139426 -0.480579 2.5123 0.999854
0.666529 0.015927 2.34429 0.998904
-0.649279 -0.0713845 3.60976 0.999396
0.542005 0.459519 1.44594 0.581924
-1.18268 0.693977 2.98566 0.72188
0.436584 0.555448 0.969403 0.131651
-1.53583 0.722773 2.2673 0.506332
0.427848 0.564747 0.875098 0.139033
-1.51212 0.691338 1.95734 0.441599
0.399409 0.583829 0.9072 0.215157
-1.35562 0.668192 1.8146 0.5355
0.393295 0.584525 0.949527 0.228701
-1.33468 0.683441 1.91058 0.594831
0.428221 1.43161 2.40946 0.00824974
-0.460147 1.93209 3.20946 0.0144497
0.311432 3.72941 3.34196 0.0020173
-0.778217 4.2474 3.84574 0.0020377
0.157544 9.599 6.02211 0.000219854
-1.25469 7.82271 4.92492 8.08382e-05
0.123015 12.4985 7.59574 0.000207834
-1.48321 9.47726 5.66721 0.000116691
-0.328642 12.3807 7.12863 0.000155966
-1.04383 9.23306 5.1354 5.6522e-05
