camera0:
0.486179 0.218798 0.999758
0.525216 0.128234 0.999488
0.552174 0.125364 0.999537
0.575524 0.123778 0.999465
0.455064 0.140154 0.999499
0.438169 0.144876 0.999537
0.421963 0.14952 0.999504
0.618982 0.147485 0.999563
0.420137 0.176478 0.999657
0.541281 0.286742 0.999813
0.454883 0.305581 0.999841
0.783362 0.524696 0.99883
0.335703 0.526114 0.9994
0.882029 0.952938 0.520519
0.115843 0.877221 0.656918
0.991806 1.35382 0.115279
-0.141841 1.10872 0.315561
1.04507 1.46777 0.11934
-0.233841 1.16427 0.28891
0.9994 1.47145 0.188908
-0.208115 1.16819 0.399494
0.966848 1.43195 0.201825
-0.162891 1.15904 0.434849
0.688155 1.40445 0.0033484
0.37695 1.38497 0.00340996
0.653023 2.11989 0.00167996
0.351505 2.10552 0.000859291
0.648202 2.77006 0.000217301
0.353215 2.76308 4.13374e-05
0.659953 2.86762 0.000188511
0.348963 2.85585 7.85344e-05
0.593952 2.96334 0.000158618
0.385604 2.97152 6.28627e-05
camera1:
0.436068 0.241534 0.998644
0.463059 0.152068 0.998001
0.487702 0.147363 0.998366
0.513925 0.143519 0.998247
0.414 0.169716 0.99754
0.399661 0.176762 0.997761
0.385654 0.182504 0.997656
0.583659 0.160991 0.998848
0.417272 0.199165 0.998584
0.483204 0.29599 0.999416
0.427435 0.319025 0.999151
0.787642 0.523445 0.997927
0.379123 0.533383 0.99933
0.802024 0.97448 0.515964
0.173731 0.847373 0.689553
0.755741 1.32442 0.0735737
-0.063751 0.937526 0.471479
0.748225 1.43674 0.0766829
-0.168416 0.957805 0.407581
0.704621 1.40204 0.114909
-0.165466 0.944683 0.501854
0.700099 1.35754 0.124818
-0.116939 0.947008 0.557403
0.737995 1.38452 0.0058053
0.446471 1.37765 0.00997329
0.714114 2.07397 0.00163281
0.431021 2.06176 0.00138533
0.710107 2.72328 0.00017701
0.435409 2.73536 5.90714e-05
0.723283 2.80515 0.000153859
0.435484 2.82321 8.13432e-05
0.652057 2.91582 0.000133234
0.449096 2.93629 3.93719e-05
fused:
-0.082593 -0.534858 2.28826 0.999758
0.00775705 -0.666151 2.21606 0.999488
0.069267 -0.659159 2.1869 0.999537
0.124114 -0.666014 2.2045 0.999465
-0.170498 -0.724149 2.44837 0.999499
-0.216783 -0.72482 2.47835 0.999537
-0.261325 -0.724327 2.50136 0.999504
0.251892 -0.69568 2.43693 0.999563
-0.308138 -0.812988 2.95386 0.999657
0.0499648 -0.38915 2.13806 0.999813
-0.16696 -0.430077 2.4858 0.999841
0.652846 0.00894038 2.31317 0.99883
-0.695269 -0.0415602 3.61496 0.9994
0.542889 0.452656 1.40551 0.520519
-1.5141 0.863283 3.53317 0.689553
0.464563 0.562122 0.958189 0.115279
-2.38325 1.13596 3.37113 0.471479
0.458263 0.565162 0.865901 0.11934
-2.33374 1.06348 2.89218 0.407581
0.434205 0.59182 0.901437 0.188908
-2.05946 0.986672 2.64101 0.501854
0.429393 0.600923 0.951204 0.201825
-2.03369 1.02755 2.78065 0.557403
0.465455 1.77017 2.89747 0.0058053
-0.648432 2.40968 3.93589 0.00997329
0.3595 5.31011 4.61061 0.00167996
-1.26051 6.16232 5.41036 0.00138533
0.399257 26.2633 15.8808 0.000217301
-2.63838 15.4754 9.45612 5.90714e-05
1.1645 81.2692 47.1758 0.000188511
-3.5281 22.1875 12.8058 8.13432e-05
-1.55706 60.3532 33.5276 0.000158618
-3.1178 26.8597 14.4021 6.28627e-05
