camera0:
0.0917463 0.197144 0.995104
0.137971 0.113312 0.995859
0.16476 0.113771 0.996645
0.19422 0.117202 0.9977
0.0721188 0.105219 0.992579
0.0506347 0.102285 0.990375
0.030264 0.100047 0.98905
0.255365 0.156372 0.998378
0.028243 0.134937 0.986583
0.132312 0.279206 0.99908
0.0667861 0.28349 0.997813
0.374359 0.542155 0.998879
-0.100266 0.535566 0.99606
0.501302 0.963052 0.526453
-0.113861 1.0357 0.563981
0.486377 1.31966 0.130263
-0.182993 1.27843 0.342952
0.522547 1.43791 0.137193
-0.221805 1.37889 0.315589
0.460473 1.41907 0.209338
-0.20151 1.36712 0.409001
0.44202 1.38276 0.22739
-0.175264 1.32901 0.443897
0.285868 1.41646 0.00394921
-0.0195652 1.41081 0.00381934
0.301002 2.15944 0.00145287
0.0112489 2.13642 0.000776483
0.307038 2.81772 0.000157805
0.0233402 2.77779 3.4168e-05
0.333893 2.91583 0.000123068
0.0163402 2.8696 0.000114868
0.217484 3.03136 9.25179e-05
0.0385507 3.00705 4.84623e-05
camera1:
0.382783 0.232914 0.99814
0.418438 0.136219 0.997417
0.440574 0.13409 0.997748
0.463549 0.132302 0.997867
0.365105 0.143605 0.996729
0.349753 0.14516 0.99671
0.335523 0.145048 0.996851
0.557694 0.1503 0.99847
0.383499 0.154522 0.99764
0.436728 0.294627 0.999227
0.388037 0.314248 0.9988
0.76613 0.532282 0.996867
0.367449 0.522739 0.998986
0.770088 0.979859 0.570123
0.168816 0.859694 0.647674
0.686221 1.3397 0.122412
-0.0742085 0.936822 0.499591
0.676325 1.43598 0.123177
-0.164033 0.974338 0.445934
0.640554 1.40684 0.175353
-0.168608 0.957746 0.545591
0.633488 1.36165 0.192315
-0.122594 0.958085 0.606386
0.702485 1.37995 0.00717608
0.407833 1.36703 0.012563
0.673772 2.09028 0.00168131
0.402769 2.07679 0.00175792
0.680368 2.73582 0.00018098
0.414062 2.75262 6.85101e-05
0.694989 2.81751 0.00017067
0.417844 2.84107 9.93357e-05
0.618542 2.93029 0.000143631
0.408857 2.95126 4.31248e-05
fused:
1.85403 1.21261 -4.15785 0.99814
1.73607 1.60767 -4.41141 0.997417
1.63318 1.62697 -4.47459 0.997748
1.54851 1.67626 -4.64397 0.997867
1.94977 1.5484 -4.19672 0.996729
1.98293 1.50895 -4.06637 0.99671
2.01393 1.47673 -3.95451 0.996851
0.881355 1.11323 -3.30842 0.99847
1.40841 0.990632 -2.77041 0.99764
1.44293 0.824253 -3.58389 0.999227
1.57335 0.742869 -3.32298 0.9988
0.27121 0.0329758 -1.83114 0.998879
1.12716 0.0627219 -1.72623 0.998986
0.097333 -1.70976 -5.0975 0.570123
5.05406 -2.29046 -7.48529 0.647674
8.22947 -127.92 -208.717 0.130263
-3.199 1.62677 4.22487 0.499591
-0.0604838 7.09344 10.2615 0.137193
-2.39746 1.29533 2.98023 0.445934
-2.30857 22.3382 32.7997 0.209338
-2.08223 1.14699 2.66191 0.545591
-146.321 1065.29 1635.32 0.22739
-2.24289 1.24319 2.98181 0.606386
0.483939 -1.26949 -1.88578 0.00717608
1.2132 -1.38717 -2.08644 0.012563
0.642901 -3.08943 -2.46956 0.00168131
1.52162 -3.37985 -2.71564 0.00175792
0.657 -4.04525 -2.30728 0.00018098
1.6653 -5.27202 -2.99549 6.85101e-05
0.633562 -4.12466 -2.28388 0.00017067
1.56664 -5.24002 -2.83104 0.000114868
0.816668 -3.97871 -2.08126 0.000143631
1.65078 -5.88874 -3.03267 4.84623e-05
