camera0:
0.50757 0.205635 0.999762
0.546971 0.118112 0.999507
0.570757 0.117281 0.999551
0.590981 0.117663 0.999487
0.475772 0.128766 0.999515
0.455216 0.134372 0.999549
0.439108 0.140016 0.999521
0.63202 0.145709 0.999579
0.42831 0.173366 0.999668
0.556634 0.274293 0.99982
0.468705 0.290538 0.999846
0.784343 0.523714 0.998859
0.335669 0.525689 0.999388
0.881667 0.951182 0.519351
0.117357 0.870686 0.650929
1.01013 1.34126 0.117612
-0.126632 1.07895 0.317317
1.0688 1.45369 0.122801
-0.215324 1.13507 0.291312
1.02722 1.45122 0.193942
-0.185833 1.12751 0.4025
0.99127 1.41615 0.207313
-0.141466 1.12008 0.438394
0.689946 1.3927 0.00332313
0.377693 1.37767 0.0033864
0.661748 2.10861 0.00169879
0.359811 2.09625 0.000859725
0.658002 2.76328 0.000216726
0.36509 2.74845 4.03221e-05
0.668355 2.85925 0.000187578
0.359797 2.83852 7.74052e-05
0.609003 2.95561 0.000153941
0.401913 2.95585 6.17355e-05
camera1:
0.43604 0.22662 0.998727
0.463082 0.135369 0.998134
0.487519 0.132194 0.998467
0.513042 0.129811 0.99837
0.415173 0.15042 0.997706
0.401386 0.157624 0.997899
0.387787 0.164013 0.997815
0.583529 0.155274 0.998925
0.422386 0.188721 0.998668
0.483128 0.283466 0.999457
0.427818 0.302494 0.999208
0.790577 0.523741 0.998017
0.38124 0.531379 0.999362
0.79843 0.976145 0.538148
0.176732 0.834716 0.70057
0.708567 1.35292 0.0822184
-0.0779956 0.942509 0.491945
0.68753 1.467 0.0845167
-0.182598 0.971438 0.427329
0.643474 1.43362 0.125217
-0.179525 0.96101 0.520628
0.64168 1.38889 0.136362
-0.126334 0.962334 0.575647
0.735778 1.38298 0.00717358
0.446458 1.37632 0.0126386
0.709802 2.07305 0.00171026
0.431724 2.06181 0.00152795
0.706611 2.72154 0.000185728
0.436105 2.73553 6.27419e-05
0.720954 2.80159 0.000167772
0.437693 2.82335 8.69842e-05
0.644135 2.91422 0.000137872
0.441382 2.93585 4.11674e-05
fused:
-0.0295305 -0.504025 2.08745 0.999762
0.0526845 -0.619895 2.01769 0.999507
0.102961 -0.618465 2.01403 0.999551
0.148627 -0.627839 2.04604 0.999487
-0.106556 -0.679541 2.2318 0.999515
-0.158984 -0.692997 2.29881 0.999549
-0.199629 -0.691861 2.32175 0.999521
0.266023 -0.650702 2.27517 0.999579
-0.274224 -0.807353 2.8865 0.999668
0.0783515 -0.380194 2.00688 0.99982
-0.12318 -0.428407 2.33382 0.999846
0.661481 0.0083379 2.33584 0.998859
-0.705852 -0.0460519 3.67145 0.999388
0.537659 0.447672 1.39323 0.538148
-1.52509 0.842089 3.57419 0.70057
0.428964 0.489031 0.850394 0.117612
-1.96901 0.937816 2.85365 0.491945
0.420417 0.483629 0.758883 0.122801
-1.94995 0.898489 2.47985 0.427329
0.398128 0.496808 0.778326 0.193942
-1.70533 0.823859 2.25936 0.520628
0.393129 0.508187 0.823278 0.207313
-1.70699 0.873378 2.41321 0.575647
0.456738 1.68427 2.80159 0.00717358
-0.636334 2.36613 3.89154 0.0126386
0.346514 4.56869 4.00747 0.00171026
-1.10579 5.55547 4.92001 0.00152795
0.328306 18.1959 11.0988 0.000216726
-2.01476 12.1732 7.51001 6.27419e-05
0.518646 36.668 21.5462 0.000187578
-2.56002 16.4672 9.6072 8.69842e-05
-0.562511 24.8943 13.9817 0.000153941
-1.76039 15.7816 8.5612 6.17355e-05
