camera0:
0.481543 0.204043 0.999787
0.51911 0.116161 0.999582
0.544941 0.114606 0.999619
0.570297 0.114968 0.999569
0.45555 0.125896 0.999572
0.437401 0.130684 0.9996
0.418625 0.135687 0.999567
0.617793 0.142507 0.999649
0.417158 0.163503 0.999696
0.533162 0.271416 0.999851
0.454361 0.289677 0.999863
0.783256 0.515296 0.99896
0.337657 0.524888 0.999371
0.888399 0.936331 0.5148
0.145536 0.853726 0.611069
1.03045 1.32058 0.139374
-0.0767639 1.01924 0.340914
1.0894 1.42885 0.146836
-0.173565 1.11994 0.317355
1.04883 1.42879 0.227208
-0.14777 1.11462 0.430922
1.01305 1.39353 0.243285
-0.102416 1.10033 0.468702
0.706601 1.36383 0.00314942
0.393636 1.35038 0.00337218
0.678016 2.0724 0.0015259
0.380824 2.062 0.000718292
0.67676 2.71721 0.000177591
0.386839 2.70792 3.14734e-05
0.689729 2.8117 0.000149662
0.383043 2.79729 6.33341e-05
0.624077 2.90736 0.000118627
0.422465 2.91305 5.01589e-05
camera1:
0.430488 0.218643 0.998692
0.461103 0.129636 0.998235
0.483107 0.126191 0.998477
0.510838 0.123238 0.998538
0.411581 0.143378 0.997812
0.396785 0.14922 0.997808
0.381904 0.154681 0.997877
0.583343 0.146202 0.998974
0.416685 0.174211 0.998434
0.475418 0.277171 0.999464
0.426383 0.296073 0.999187
0.775121 0.527676 0.998119
0.380957 0.52525 0.999242
0.774816 0.96402 0.620961
0.16167 0.845487 0.717781
0.628626 1.30553 0.117477
-0.104345 0.917663 0.509511
0.599066 1.41344 0.114466
-0.203259 0.947585 0.44857
0.555825 1.37742 0.163553
-0.201131 0.939516 0.542814
0.559154 1.33572 0.178553
-0.152867 0.935747 0.605335
0.716673 1.38339 0.00864961
0.431062 1.37947 0.0148278
0.692017 2.08265 0.00210374
0.416457 2.07578 0.00226585
0.688582 2.73366 0.000221717
0.415351 2.75014 9.04731e-05
0.701971 2.81311 0.000206553
0.415457 2.83774 0.000126568
0.627112 2.92682 0.000171164
0.41939 2.94684 4.98897e-05
fused:
-0.0914765 -0.565545 2.27527 0.999787
-0.00358897 -0.707474 2.2477 0.999582
0.0559258 -0.692874 2.20329 0.999619
0.115624 -0.69462 2.21331 0.999569
-0.162947 -0.747046 2.4003 0.999572
-0.211586 -0.751519 2.43581 0.9996
-0.263577 -0.757599 2.47631 0.999567
0.251207 -0.712924 2.43185 0.999649
-0.31511 -0.863094 2.97167 0.999696
0.0324168 -0.420472 2.14842 0.999851
-0.16622 -0.466111 2.47751 0.999863
0.617707 0.00622897 2.19863 0.99896
-0.683465 -0.0543962 3.60046 0.999371
0.504203 0.396728 1.28204 0.620961
-1.09836 0.640775 2.76829 0.717781
0.388784 0.39418 0.743323 0.139374
-1.31708 0.624072 2.07295 0.509511
0.383583 0.394937 0.66993 0.146836
-1.46519 0.684679 1.97678 0.44857
0.363792 0.405658 0.685274 0.227208
-1.31962 0.647762 1.84892 0.542814
0.359037 0.413314 0.721384 0.243285
-1.26528 0.650602 1.90275 0.605335
0.412173 1.32307 2.24878 0.00864961
-0.437908 1.83817 3.04867 0.0148278
0.289127 3.18604 2.90605 0.00210374
-0.688079 3.7669 3.41907 0.00226585
0.144629 7.5734 4.83218 0.000221717
-1.0589 6.61861 4.20612 9.04731e-05
0.125139 9.35539 5.77399 0.000206553
-1.19608 7.64355 4.63096 0.000126568
-0.266974 9.18105 5.40421 0.000171164
-0.915563 7.70579 4.35762 5.01589e-05
