camera0:
0.415395 0.207471 0.999803
0.44697 0.117533 0.999622
0.473313 0.115463 0.999652
0.500984 0.114848 0.999611
0.382731 0.128861 0.999609
0.35974 0.134391 0.999632
0.336273 0.139371 0.999602
0.554316 0.141001 0.999684
0.326582 0.167401 0.99972
0.456541 0.27611 0.999865
0.392259 0.295173 0.999874
0.709403 0.512753 0.998975
0.254197 0.530692 0.999378
0.824419 0.938675 0.50948
0.0494107 0.898204 0.612047
1.00068 1.28577 0.126199
-0.184692 1.11885 0.328691
1.06483 1.38695 0.132954
-0.260719 1.17606 0.304304
1.03308 1.38891 0.206861
-0.236985 1.15732 0.414028
0.995869 1.35813 0.223807
-0.197798 1.14816 0.452951
0.648703 1.36998 0.00321527
0.329174 1.36668 0.00350018
0.646122 2.08111 0.00146904
0.335327 2.08772 0.000706471
0.660692 2.72522 0.000159429
0.354194 2.74109 3.09723e-05
0.677069 2.8196 0.000132577
0.349765 2.83497 6.10911e-05
0.609153 2.92708 0.000106146
0.397567 2.9559 4.72283e-05
camera1:
0.392552 0.220375 0.998514
0.428963 0.127789 0.997957
0.451263 0.12619 0.998217
0.478311 0.124957 0.998321
0.375221 0.134114 0.997433
0.359479 0.136217 0.997394
0.344812 0.136689 0.997517
0.565226 0.147318 0.998785
0.389494 0.151517 0.998096
0.444511 0.284517 0.999365
0.394607 0.301119 0.999027
0.770836 0.52997 0.997628
0.366032 0.522131 0.999125
0.77111 0.98232 0.60645
0.157328 0.858923 0.685475
0.675432 1.32093 0.125008
-0.097057 0.940006 0.51036
0.655716 1.41309 0.123158
-0.178387 0.991169 0.453557
0.619165 1.38053 0.175426
-0.180195 0.974899 0.550485
0.616034 1.3398 0.191604
-0.133815 0.973656 0.611684
0.705643 1.38432 0.00798524
0.409335 1.37403 0.0138105
0.682428 2.09218 0.00186927
0.408698 2.08014 0.00199072
0.686209 2.74082 0.000196156
0.416941 2.75525 7.76938e-05
0.701528 2.82362 0.000184075
0.420791 2.84433 0.000111079
0.619474 2.9368 0.000154659
0.411335 2.95611 4.60428e-05
fused:
-0.282705 -0.657722 2.601 0.999803
-0.204977 -0.881997 2.72558 0.999622
-0.127957 -0.86347 2.67341 0.999652
-0.0504138 -0.857353 2.66406 0.999611
-0.402411 -0.91342 2.84227 0.999609
-0.484669 -0.939998 2.93528 0.999632
-0.577936 -0.978587 3.05743 0.999602
0.122818 -0.967859 3.20061 0.999684
-0.880806 -1.37975 4.48236 0.99972
-0.174945 -0.538481 2.70429 0.999865
-0.384142 -0.551841 2.91231 0.999874
0.732999 -0.0166871 3.60637 0.998975
-1.96172 -0.136014 7.06732 0.999378
0.519783 0.510863 1.5982 0.60645
-2.57429 1.31064 5.15425 0.685475
0.407021 0.429396 0.819972 0.126199
-2.58633 1.16112 3.43572 0.51036
0.401674 0.416044 0.726631 0.132954
-2.59063 1.19136 3.09834 0.453557
0.384029 0.423339 0.739425 0.206861
-2.23166 1.04703 2.7543 0.550485
0.378175 0.434681 0.781709 0.223807
-2.2754 1.1121 2.96181 0.611684
0.373444 1.82367 3.0371 0.00798524
-0.908908 2.5945 4.2596 0.0138105
0.239398 3.73588 3.34482 0.00186927
-1.15848 5.23573 4.65473 0.00199072
0.093196 8.61057 5.44969 0.000196156
-1.70237 9.58352 5.97541 7.76938e-05
0.0744047 10.5407 6.46075 0.000184075
-2.12662 12.3112 7.30232 0.000111079
-0.400825 10.355 6.0431 0.000154659
-1.32568 9.98014 5.54384 4.72283e-05
