camera0:
0.460527 0.238312 0.999778
0.495108 0.149646 0.999513
0.521553 0.14447 0.999563
0.547842 0.140853 0.999484
0.434221 0.16558 0.999527
0.417885 0.170666 0.999564
0.401529 0.17574 0.999522
0.597478 0.159407 0.999588
0.406227 0.193094 0.999679
0.514766 0.306774 0.999827
0.43865 0.324079 0.99985
0.769256 0.51596 0.999081
0.328536 0.533388 0.999516
0.873435 0.915615 0.562277
0.105083 0.883918 0.685966
0.982334 1.29041 0.13405
-0.14735 1.09218 0.344144
1.03943 1.39851 0.134066
-0.239066 1.20094 0.311916
0.999767 1.40838 0.208294
-0.214043 1.20771 0.420523
0.967402 1.37658 0.218322
-0.168564 1.19528 0.454506
0.686236 1.40435 0.00430748
0.377836 1.39272 0.00432148
0.658736 2.1153 0.00183792
0.35846 2.10931 0.000959175
0.666417 2.76433 0.000239726
0.369698 2.76689 4.72409e-05
0.680701 2.86146 0.000204182
0.366478 2.86054 8.94217e-05
0.612043 2.95728 0.000169958
0.4051 2.97549 6.81768e-05
camera1:
0.409714 0.25885 0.998432
0.438264 0.161205 0.997563
0.463102 0.154633 0.998056
0.494148 0.148387 0.997808
0.381292 0.179201 0.996966
0.364702 0.1832 0.997352
0.34929 0.185634 0.997103
0.570091 0.159941 0.998641
0.384838 0.198578 0.998404
0.462856 0.314118 0.999344
0.406191 0.339443 0.999019
0.788433 0.523942 0.998013
0.371076 0.539041 0.999323
0.817498 0.982211 0.467769
0.152468 0.861013 0.677503
0.805753 1.33304 0.0651341
-0.0995433 0.926266 0.399212
0.81369 1.43204 0.066809
-0.178536 0.949429 0.33264
0.767824 1.39532 0.101906
-0.180282 0.929564 0.431717
0.760089 1.35265 0.108862
-0.133829 0.935106 0.488034
0.744447 1.40117 0.00400057
0.438529 1.39384 0.00634285
0.722798 2.09826 0.00129665
0.429046 2.08585 0.000792373
0.729929 2.74012 0.000155089
0.442145 2.75256 3.59513e-05
0.749004 2.82461 0.000122367
0.444667 2.84271 6.11219e-05
0.65931 2.94455 0.000101092
0.455221 2.96135 3.14919e-05
fused:
-0.14227 -0.501238 2.27038 0.999778
-0.0585732 -0.651752 2.24021 0.999513
0.00340668 -0.652099 2.22116 0.999563
0.0663809 -0.669029 2.25979 0.999484
-0.204459 -0.64126 2.27494 0.999527
-0.242185 -0.632897 2.26637 0.999564
-0.280374 -0.628623 2.26684 0.999522
0.208196 -0.711379 2.51091 0.999588
-0.306862 -0.699159 2.61163 0.999679
-0.00886073 -0.371299 2.19346 0.999827
-0.204438 -0.383082 2.42001 0.99985
0.68087 -0.00157107 2.55244 0.999081
-0.715388 -0.0235832 3.57887 0.999516
0.572744 0.476965 1.51576 0.562277
-1.44035 0.833006 3.27169 0.685966
0.503936 0.602027 1.03831 0.13405
-2.00655 0.980307 2.81535 0.399212
0.503028 0.604715 0.93475 0.134066
-2.32627 1.16623 2.85712 0.33264
0.477429 0.626567 0.964964 0.208294
-2.0188 1.04094 2.5623 0.431717
0.473966 0.642448 1.02467 0.218322
-1.96163 1.05448 2.65437 0.488034
0.490662 1.92876 2.97738 0.00430748
-0.586192 2.31589 3.6332 0.00634285
0.442874 5.17682 4.36053 0.00183792
-0.977553 5.65447 4.73873 0.000959175
0.982939 25.1248 14.9428 0.000239726
-1.94958 14.4391 8.51373 4.72409e-05
5.03195 113.594 64.4504 0.000204182
-2.63346 20.2792 11.4045 8.94217e-05
0.128858 34.8472 18.9135 0.000169958
-1.97973 21.6135 11.3843 6.81768e-05
