camera0:
0.456149 0.244745 0.999803
0.488593 0.157605 0.999575
0.516224 0.150733 0.99961
0.541747 0.14535 0.999538
0.427708 0.174251 0.999589
0.409566 0.179501 0.999619
0.392017 0.18412 0.999582
0.594462 0.163719 0.999631
0.392487 0.202019 0.99973
0.511111 0.311853 0.999855
0.436234 0.331284 0.999876
0.769054 0.519531 0.999224
0.323971 0.53744 0.999583
0.870122 0.921391 0.584327
0.101364 0.891622 0.693745
0.985803 1.31101 0.149703
-0.146659 1.15057 0.366018
1.04527 1.41926 0.148353
-0.235969 1.22253 0.334131
1.00699 1.43069 0.228115
-0.211325 1.22152 0.443881
0.971996 1.39831 0.235172
-0.166277 1.20983 0.474839
0.689118 1.40945 0.00499926
0.378208 1.39825 0.00493105
0.661959 2.12557 0.0017999
0.359791 2.11627 0.000855022
0.678866 2.77059 0.000238839
0.379118 2.76966 4.2894e-05
0.696012 2.86718 0.000199124
0.375327 2.86138 8.0425e-05
0.624673 2.96356 0.000162541
0.418356 2.98228 6.43171e-05
camera1:
0.385566 0.248504 0.998217
0.415638 0.153869 0.997214
0.440506 0.14561 0.997803
0.466434 0.137664 0.997477
0.357039 0.174828 0.996506
0.340528 0.179466 0.996996
0.325895 0.182282 0.996644
0.561001 0.150815 0.998467
0.366564 0.19627 0.998201
0.442779 0.305543 0.999279
0.390522 0.327849 0.998908
0.787488 0.519727 0.998249
0.365845 0.536492 0.999311
0.811292 0.980024 0.47041
0.155375 0.858624 0.672666
0.759007 1.34415 0.0664221
-0.0659991 0.943556 0.340227
0.745683 1.44997 0.0667838
-0.166132 0.99233 0.280262
0.701689 1.41803 0.101777
-0.16461 0.981684 0.378741
0.697595 1.37002 0.107072
-0.120435 0.977868 0.435589
0.733485 1.3932 0.00417381
0.42919 1.38683 0.00613581
0.710739 2.09404 0.0013988
0.424939 2.08483 0.0007222
0.71735 2.73195 0.000177378
0.437061 2.75003 3.659e-05
0.737658 2.81624 0.000136355
0.443716 2.84347 6.66183e-05
0.638117 2.93677 0.000110445
0.430255 2.95694 3.30851e-05
fused:
-0.136218 -0.455818 2.06501 0.999803
-0.0654065 -0.598491 2.06872 0.999575
-0.00555583 -0.598784 2.04319 0.99961
0.0493306 -0.60479 2.0399 0.999538
-0.199837 -0.582117 2.08826 0.999589
-0.240379 -0.579228 2.09774 0.999619
-0.28088 -0.58086 2.1163 0.999582
0.1955 -0.684821 2.40676 0.999631
-0.32999 -0.669084 2.5221 0.99973
-0.0139676 -0.344558 2.0326 0.999855
-0.19242 -0.357852 2.24952 0.999876
0.675734 -0.00233751 2.52981 0.999224
-0.724318 -0.0216444 3.54403 0.999583
0.564144 0.476733 1.50744 0.584327
-1.5156 0.878593 3.41174 0.693745
0.466167 0.567982 0.954756 0.149703
-2.49816 1.40683 3.49892 0.366018
0.457267 0.557889 0.841463 0.148353
-2.47678 1.41603 3.05373 0.334131
0.434044 0.577483 0.8654 0.228115
-2.16507 1.25863 2.75782 0.443881
0.429773 0.593414 0.921021 0.235172
-2.08972 1.24894 2.83552 0.474839
0.463663 1.80224 2.76581 0.00499926
-0.552666 2.19536 3.42689 0.00613581
0.39231 4.7712 4.04576 0.0017999
-0.959189 5.52334 4.62763 0.000855022
0.607601 16.8849 10.171 0.000238839
-1.67923 12.2931 7.31015 4.2894e-05
1.50888 35.6339 20.4684 0.000199124
-2.25917 16.7644 9.54486 8.0425e-05
-0.0101125 18.9559 10.4104 0.000162541
-1.28959 14.0059 7.42437 6.43171e-05
