camera0:
0.617583 0.426582 0.998775
0.64247 0.33017 0.998021
0.660916 0.326952 0.997887
0.6781 0.326648 0.997668
0.574632 0.332241 0.998376
0.547418 0.328172 0.998413
0.523867 0.322456 0.99847
0.696835 0.303603 0.998053
0.488494 0.299626 0.999216
0.644354 0.486286 0.999439
0.570494 0.483301 0.99964
0.829502 0.612547 0.999104
0.362852 0.564487 0.999576
0.927198 0.990361 0.585039
0.115472 0.907457 0.723415
1.00573 1.39429 0.0913936
-0.111064 1.17697 0.285502
1.04377 1.50481 0.0853436
-0.191516 1.23004 0.231985
1.009 1.5021 0.131257
-0.175037 1.22387 0.317135
0.982128 1.46828 0.142076
-0.133907 1.21925 0.356239
0.714027 1.42374 0.0025029
0.400592 1.39674 0.00272291
0.676545 2.1643 0.00159027
0.372201 2.13705 0.00106756
0.661171 2.83627 0.000193338
0.37252 2.81716 4.89513e-05
0.669145 2.92732 0.000141373
0.362849 2.90413 0.000100438
0.609073 3.0456 0.000135188
0.417571 3.04359 6.03934e-05
camera1:
0.531936 0.411277 0.998035
0.561674 0.301106 0.997434
0.58803 0.288515 0.9978
0.612458 0.27795 0.997725
0.496992 0.318333 0.99667
0.476819 0.319622 0.996682
0.456159 0.319084 0.996461
0.657609 0.262104 0.998664
0.449921 0.30089 0.997712
0.584767 0.461006 0.999353
0.509605 0.480096 0.998781
0.82856 0.555239 0.999049
0.409179 0.556958 0.999286
0.823616 0.980353 0.629162
0.183263 0.863536 0.641226
0.720129 1.28854 0.284704
-0.0392671 0.922013 0.547213
0.702022 1.40431 0.27037
-0.144526 0.965005 0.496225
0.65625 1.35739 0.350097
-0.125952 0.955229 0.592812
0.653232 1.31575 0.353377
-0.0733911 0.956917 0.639492
0.764034 1.44574 0.0112357
0.469327 1.43176 0.0142057
0.741735 2.14788 0.00309345
0.44591 2.13204 0.00187587
0.730121 2.80027 0.000296765
0.455116 2.79946 5.94186e-05
0.743736 2.87998 0.00028111
0.450453 2.88162 0.000119389
0.670722 3.00819 0.000141403
0.4808 3.0179 5.05783e-05
fused:
0.191364 -0.140783 1.79764 0.998775
0.245218 -0.285719 1.84088 0.998021
0.287916 -0.300984 1.87387 0.997887
0.328661 -0.312081 1.90095 0.997725
0.11614 -0.292069 1.91734 0.998376
0.062833 -0.309607 1.99054 0.998413
0.0128644 -0.324068 2.03137 0.99847
0.407165 -0.380993 2.11809 0.998664
-0.0721468 -0.419472 2.33449 0.999216
0.262015 -0.0721564 1.92444 0.999439
0.112278 -0.0690255 1.99061 0.99964
0.689878 0.101442 2.05822 0.999104
-0.593541 0.0495296 3.64474 0.999576
0.551466 0.42229 1.27261 0.629162
-1.63019 1.02527 3.79616 0.723415
0.431691 0.431013 0.890964 0.284704
-2.25339 1.06865 3.34036 0.547213
0.418146 0.443168 0.822549 0.27037
-2.07665 0.941557 2.7227 0.496225
0.392457 0.433101 0.829522 0.350097
-2.08545 0.980868 2.79801 0.592812
0.389397 0.437552 0.864656 0.353377
-2.17129 1.09848 3.09411 0.639492
0.515179 1.73055 2.7476 0.0112357
-0.510697 2.39656 3.72795 0.0142057
0.369146 5.22145 4.57288 0.00309345
-1.00394 5.60302 4.77942 0.00187587
-0.183066 29.3383 17.9247 0.000296765
-2.64773 17.4592 10.3286 5.94186e-05
-1.33442 83.2716 49.5148 0.00028111
-3.70868 23.9447 13.6235 0.000119389
-3.72241 117.891 64.2264 0.000141403
-3.47271 30.6781 16.2726 6.03934e-05
