camera0:
0.443592 0.250638 0.999757
0.476661 0.160477 0.999548
0.502878 0.151544 0.999595
0.527056 0.143752 0.999597
0.412193 0.180306 0.999495
0.395351 0.184991 0.999491
0.379883 0.190291 0.999478
0.573789 0.155564 0.999713
0.384412 0.203284 0.999618
0.502398 0.311211 0.999846
0.423368 0.333461 0.999807
0.761869 0.518079 0.999461
0.324981 0.541099 0.99953
0.891054 0.938895 0.591782
0.102284 0.897135 0.620654
0.992872 1.34314 0.0914622
-0.166886 1.12884 0.258793
1.04339 1.46283 0.0982633
-0.263935 1.25742 0.237458
1.00246 1.468 0.155757
-0.239796 1.25907 0.329072
0.97279 1.43154 0.167925
-0.193253 1.24614 0.373282
0.705987 1.44442 0.00207136
0.386034 1.44103 0.0023421
0.685236 2.19515 0.00115616
0.371749 2.1888 0.00112977
0.701975 2.88546 0.00012086
0.39483 2.88587 4.38296e-05
0.71769 2.9871 8.55845e-05
0.393769 2.98151 6.53519e-05
0.652576 3.07624 0.000113483
0.433578 3.09984 4.73392e-05
camera1:
0.399133 0.301614 0.997758
0.424075 0.199025 0.997029
0.44663 0.188678 0.997573
0.469577 0.178489 0.997574
0.374841 0.216036 0.995682
0.361886 0.217909 0.995811
0.350598 0.218744 0.995605
0.552933 0.169091 0.998548
0.395615 0.210598 0.997004
0.455067 0.34326 0.999191
0.410271 0.373855 0.998145
0.788951 0.519686 0.998711
0.38644 0.539957 0.998977
0.804302 0.986303 0.583429
0.176582 0.862385 0.528599
0.631307 1.34685 0.253854
-0.0772761 0.963256 0.428862
0.600308 1.46484 0.25012
-0.176481 1.00867 0.391396
0.551462 1.42015 0.32648
-0.173134 0.995636 0.504629
0.556444 1.37524 0.314523
-0.120816 0.993404 0.544041
0.746503 1.43565 0.00454564
0.450458 1.43193 0.00737642
0.730411 2.15726 0.00181276
0.445276 2.13863 0.00179189
0.741251 2.83344 0.000200545
0.461214 2.83413 4.99196e-05
0.760983 2.9184 0.00016398
0.46789 2.92525 0.000107054
0.668659 3.03503 0.000142779
0.456169 3.04176 5.60482e-05
fused:
-0.197543 -0.477379 2.37481 0.999757
-0.112052 -0.636176 2.32245 0.999548
-0.0477716 -0.638605 2.28536 0.999595
0.0101294 -0.646318 2.27004 0.999597
-0.284125 -0.654505 2.47305 0.999495
-0.331496 -0.660581 2.50868 0.999491
-0.376177 -0.66697 2.5453 0.999478
0.150407 -0.750687 2.64523 0.999713
-0.438864 -0.82507 3.13838 0.999618
-0.0436065 -0.357486 2.27081 0.999846
-0.277294 -0.388371 2.70748 0.999807
0.694918 -0.00615772 2.67797 0.999461
-0.84098 -0.016665 4.13859 0.99953
0.541298 0.440188 1.36607 0.591782
-1.75721 1.05731 3.96267 0.620654
0.380443 0.402269 0.795283 0.253854
-2.60892 1.23805 3.55269 0.428862
0.370237 0.400695 0.718104 0.25012
-2.72783 1.30946 3.23657 0.391396
0.345041 0.400105 0.731111 0.32648
-2.41112 1.19226 2.9503 0.504629
0.3425 0.409731 0.767463 0.314523
-2.45032 1.29438 3.19324 0.544041
0.475789 1.714 2.69964 0.00454564
-0.599691 2.46519 3.79423 0.00737642
0.35577 4.86288 4.1891 0.00181276
-1.20692 6.54355 5.47796 0.00179189
0.0996234 21.1251 12.8305 0.000200545
-2.91052 20.4074 11.796 4.99196e-05
-0.0436105 49.5414 29.0821 0.00016398
-4.67287 30.0104 16.9541 0.000107054
-0.621948 24.5614 13.5095 0.000142779
-2.45176 18.8782 10.1077 5.60482e-05
