camera0:
0.563046 0.295472 0.999753
0.603392 0.201894 0.999546
0.628021 0.203768 0.999585
0.653695 0.20609 0.999567
0.533345 0.192553 0.999508
0.506757 0.190413 0.999518
0.484867 0.189932 0.999504
0.69408 0.215239 0.999683
0.448659 0.199775 0.999647
0.590801 0.376073 0.999844
0.513258 0.371858 0.999821
0.790905 0.550925 0.999407
0.341756 0.527262 0.999572
0.890491 0.963256 0.568294
0.108583 0.905162 0.640223
0.959209 1.33074 0.0861206
-0.15871 1.12622 0.27331
0.997072 1.44692 0.0909182
-0.255525 1.18101 0.24708
0.952167 1.43328 0.144546
-0.230749 1.17322 0.342849
0.926478 1.3913 0.155555
-0.183784 1.16276 0.385257
0.693967 1.45162 0.00227284
0.36414 1.41685 0.00256846
0.646923 2.19113 0.00117838
0.325138 2.16606 0.00100115
0.621611 2.86382 0.000125296
0.308462 2.84695 4.0709e-05
0.628649 2.96454 8.99007e-05
0.297552 2.94153 6.51643e-05
0.562884 3.06523 0.000112101
0.347752 3.06582 4.63971e-05
camera1:
0.507141 0.282935 0.998105
0.54378 0.185318 0.997496
0.571459 0.178654 0.997946
0.595633 0.172679 0.997958
0.47443 0.198227 0.996422
0.45679 0.200433 0.996502
0.441159 0.203008 0.996334
0.639426 0.178324 0.998767
0.445795 0.208605 0.997436
0.560581 0.346342 0.999304
0.478651 0.361601 0.998454
0.815113 0.532697 0.998827
0.39552 0.532218 0.999038
0.826378 0.984555 0.634115
0.182897 0.858556 0.559344
0.698816 1.33421 0.268884
-0.0715551 0.959071 0.463286
0.668488 1.45506 0.261817
-0.165133 0.991643 0.428554
0.619441 1.41254 0.342131
-0.153277 0.98238 0.536099
0.620102 1.36476 0.334425
-0.0999423 0.981675 0.577817
0.750901 1.42909 0.00765303
0.455896 1.41388 0.0111262
0.720645 2.1513 0.00229344
0.426745 2.12659 0.00194045
0.707678 2.82456 0.000215067
0.423318 2.82042 5.90403e-05
0.72077 2.91142 0.000177144
0.421246 2.91249 0.000109691
0.641193 3.03062 0.000150173
0.435798 3.03446 5.54393e-05
fused:
0.102589 -0.386015 2.11623 0.999753
0.190467 -0.533138 2.1062 0.999546
0.246749 -0.533367 2.10481 0.999585
0.298735 -0.52075 2.06084 0.999567
0.0320357 -0.560017 2.18002 0.999508
-0.0304974 -0.592294 2.28271 0.999518
-0.0859427 -0.614715 2.3584 0.999504
0.384088 -0.500059 2.04693 0.999683
-0.211691 -0.756423 2.90588 0.999647
0.182861 -0.290764 2.28224 0.999844
-0.00804655 -0.293957 2.31413 0.999821
0.73047 0.0403292 2.50367 0.999407
-0.727433 -0.0459335 3.91714 0.999572
0.576202 0.477021 1.45853 0.634115
-1.73797 1.06669 3.97949 0.640223
0.415113 0.475014 0.93263 0.268884
-2.55432 1.20988 3.52097 0.463286
0.395926 0.476856 0.840298 0.261817
-2.70998 1.21776 3.26277 0.428554
0.365538 0.475706 0.858448 0.342131
-2.49491 1.16126 3.10303 0.536099
0.363133 0.480664 0.898574 0.334425
-2.55364 1.27051 3.38772 0.577817
0.492663 1.91579 3.05627 0.00765303
-0.85629 3.04656 4.77586 0.0111262
0.25122 6.31924 5.46508 0.00229344
-1.85194 8.29405 7.00361 0.00194045
-1.93969 62.1592 37.4899 0.000215067
-6.38848 33.7439 19.7072 5.90403e-05
4.6512 -122.569 -71.3015 0.000177144
-13.4942 68.9865 38.8443 0.000109691
-22.0852 349.509 190.503 0.000150173
-6.93114 42.9646 22.8924 5.54393e-05
