camera0:
0.593117 0.427243 0.998872
0.615863 0.330546 0.99815
0.634984 0.323712 0.998018
0.652378 0.31973 0.997832
0.546406 0.339161 0.998471
0.520136 0.337333 0.998489
0.498247 0.333272 0.998524
0.672505 0.292733 0.998275
0.466582 0.313164 0.999254
0.626451 0.484969 0.999515
0.549204 0.484397 0.999675
0.811533 0.583759 0.99925
0.363161 0.55732 0.999637
0.920765 0.969613 0.636549
0.13632 0.882936 0.75815
1.01294 1.3557 0.107329
-0.0890133 1.05327 0.321139
1.0473 1.46866 0.0923164
-0.16651 1.13221 0.251111
1.0155 1.46327 0.141292
-0.150358 1.11491 0.335898
0.987443 1.43301 0.153797
-0.107242 1.11469 0.373568
0.717625 1.4058 0.00272177
0.405613 1.38188 0.00291254
0.68054 2.13713 0.00147647
0.378512 2.11258 0.000957513
0.66278 2.80405 0.000185437
0.375798 2.78932 4.57905e-05
0.671356 2.89151 0.000133221
0.369479 2.87178 9.69417e-05
0.605875 3.01026 0.000122008
0.411899 3.0171 5.77432e-05
camera1:
0.524264 0.396728 0.998105
0.555624 0.289989 0.997526
0.581957 0.278097 0.997852
0.606111 0.268349 0.997793
0.485757 0.312258 0.996892
0.465301 0.315317 0.996877
0.443345 0.317058 0.996647
0.645158 0.258972 0.998715
0.430327 0.307289 0.997927
0.574814 0.451433 0.999408
0.498105 0.47146 0.998942
0.822777 0.551303 0.999132
0.390905 0.564354 0.999378
0.797771 0.980496 0.614203
0.175607 0.864291 0.660308
0.731035 1.32983 0.264987
-0.0658446 0.962613 0.566526
0.720314 1.44191 0.254396
-0.182846 1.00384 0.513968
0.681725 1.40445 0.332001
-0.165138 0.999587 0.604253
0.674111 1.36383 0.340353
-0.108299 0.999848 0.65332
0.754838 1.41745 0.0125209
0.463142 1.40114 0.0154237
0.730717 2.12668 0.00298385
0.444222 2.10699 0.00171439
0.729316 2.78501 0.000283667
0.457198 2.78827 5.56405e-05
0.742841 2.86394 0.000276107
0.453603 2.86982 0.000109062
0.675313 2.99269 0.000127909
0.487255 3.00739 4.59514e-05
fused:
0.157495 -0.164948 1.91707 0.998872
0.213458 -0.324766 1.99761 0.99815
0.260184 -0.344757 2.03916 0.998018
0.304461 -0.360747 2.07679 0.997832
0.0664947 -0.31718 2.04757 0.998471
0.00941721 -0.330812 2.11576 0.998489
-0.0408478 -0.33785 2.1319 0.998524
0.378826 -0.428512 2.28021 0.998715
-0.124886 -0.406772 2.34847 0.999254
0.235497 -0.0858405 1.99639 0.999515
0.0721264 -0.0812637 2.07823 0.999675
0.709273 0.0822431 2.25475 0.99925
-0.526342 0.046373 3.22105 0.999637
0.520795 0.400615 1.21933 0.636549
-1.28293 0.819396 3.15139 0.75815
0.437489 0.44512 0.879204 0.264987
-1.66391 0.836451 2.56192 0.566526
0.427754 0.460572 0.824781 0.254396
-1.52643 0.74186 2.07896 0.513968
0.406166 0.456839 0.835511 0.332001
-1.51139 0.755302 2.10905 0.604253
0.401055 0.462182 0.869719 0.340353
-1.53257 0.82299 2.28475 0.65332
0.491818 1.56747 2.57225 0.0125209
-0.464228 2.16467 3.49187 0.0154237
0.339595 4.38864 3.92024 0.00298385
-0.900687 5.10734 4.43709 0.00171439
-0.0212557 20.6872 12.7839 0.000283667
-2.20259 14.8776 8.88566 5.56405e-05
-0.383041 35.4356 21.3581 0.000276107
-2.71817 18.441 10.5804 0.000109062
-1.99083 68.8876 37.9292 0.000127909
-3.54984 31.9626 17.0244 5.77432e-05
