camera0:
0.446499 0.251705 0.999744
0.476814 0.160227 0.999542
0.501673 0.152613 0.999585
0.525421 0.146168 0.999604
0.416697 0.178406 0.999477
0.399946 0.183108 0.999451
0.383901 0.187381 0.999447
0.574404 0.158272 0.999719
0.386709 0.200111 0.999584
0.503708 0.315064 0.999851
0.427255 0.334537 0.999804
0.756612 0.513603 0.999474
0.323819 0.535305 0.999467
0.872284 0.944244 0.579856
0.102794 0.894133 0.617851
0.983683 1.34833 0.0976319
-0.173391 1.09794 0.282919
1.04221 1.46772 0.108335
-0.26388 1.20403 0.261079
1.00347 1.4734 0.169159
-0.243295 1.2072 0.354242
0.971197 1.43655 0.180882
-0.197086 1.1966 0.39809
0.704722 1.43926 0.00211092
0.385289 1.43818 0.00234451
0.683802 2.19738 0.00129319
0.374647 2.18868 0.00137269
0.702097 2.90159 0.000138561
0.393242 2.90239 5.16512e-05
0.719176 3.0042 9.45971e-05
0.391144 3.00241 7.52274e-05
0.652001 3.09194 0.000112038
0.428292 3.11212 5.16502e-05
camera1:
0.402415 0.260957 0.997147
0.431892 0.172036 0.996063
0.45655 0.162835 0.996831
0.482399 0.153406 0.996719
0.374179 0.187694 0.994235
0.360217 0.189078 0.994606
0.3485 0.189709 0.994137
0.566522 0.153949 0.998053
0.382679 0.190925 0.996083
0.459795 0.316392 0.998978
0.408376 0.339848 0.997577
0.787917 0.519427 0.998316
0.374857 0.529397 0.998849
0.829386 0.985423 0.439613
0.18576 0.860631 0.449743
0.613925 1.32403 0.141545
-0.0400618 0.963148 0.305719
0.553703 1.42007 0.144845
-0.135749 1.00728 0.273458
0.511976 1.36666 0.207896
-0.131974 0.995667 0.39561
0.524935 1.32744 0.193089
-0.0845855 0.992564 0.432692
0.745604 1.43416 0.00141868
0.433201 1.41436 0.00233101
0.70426 2.17497 0.00149322
0.416639 2.14792 0.0011697
0.709804 2.85383 0.000207595
0.431745 2.83574 3.37004e-05
0.731246 2.94737 0.000144087
0.437893 2.9301 9.97994e-05
0.628769 3.05398 0.000126445
0.423036 3.05127 5.57494e-05
fused:
-0.176338 -0.500642 2.31854 0.999744
-0.10597 -0.672382 2.36051 0.999542
-0.0442528 -0.683252 2.3577 0.999585
0.0152076 -0.699775 2.3754 0.999604
-0.254637 -0.65256 2.36967 0.999477
-0.297736 -0.655116 2.38968 0.999451
-0.342014 -0.663536 2.4267 0.999447
0.167728 -0.808437 2.79217 0.999719
-0.384135 -0.763312 2.82479 0.999584
-0.0337722 -0.376829 2.26487 0.999851
-0.245053 -0.399617 2.56982 0.999804
0.702897 -0.0125286 2.77113 0.999474
-0.773999 -0.0382857 3.79098 0.999467
0.594314 0.517897 1.57957 0.579856
-1.88745 1.15521 4.26081 0.617851
0.372559 0.40975 0.794944 0.141545
-3.75311 1.90506 5.06689 0.305719
0.355206 0.388137 0.691407 0.144845
-3.63915 1.90126 4.3302 0.273458
0.333816 0.390129 0.706733 0.207896
-3.19994 1.66975 3.90771 0.39561
0.333271 0.411994 0.749368 0.193089
-3.22462 1.78002 4.1915 0.432692
0.492692 1.82275 2.64934 0.00211092
-0.522848 2.28704 3.38761 0.00234451
0.321456 4.08166 3.43684 0.00149322
-0.819315 5.09675 4.11188 0.00137269
0.0503445 13.1677 7.93489 0.000207595
-2.10437 17.6469 9.81606 5.16512e-05
0.0650132 20.9096 12.0901 0.000144087
-3.21492 20.7472 11.5868 9.97994e-05
-0.360954 14.3006 7.80072 0.000126445
-1.82355 13.8979 7.39047 5.57494e-05
