camera0:
0.665044 0.412164 0.998757
0.693065 0.325996 0.998079
0.713387 0.325904 0.997924
0.732113 0.325218 0.997725
0.632122 0.317687 0.998423
0.608558 0.311699 0.998441
0.584221 0.304518 0.998529
0.738353 0.319401 0.998038
0.522061 0.283945 0.999227
0.678554 0.477721 0.99942
0.616941 0.473466 0.999631
0.831829 0.600827 0.999022
0.373008 0.562688 0.999529
0.919023 0.975607 0.565227
0.121083 0.89235 0.704359
0.973494 1.3219 0.0954774
-0.108003 1.18233 0.295153
1.00103 1.41446 0.0918007
-0.186603 1.24938 0.246374
0.97632 1.40159 0.140729
-0.166916 1.24573 0.336995
0.950772 1.37874 0.151679
-0.125726 1.23832 0.377892
0.712401 1.43295 0.00260411
0.401556 1.40009 0.00286002
0.655749 2.17346 0.00181066
0.353586 2.14241 0.00123011
0.632603 2.8437 0.000215796
0.345927 2.82138 5.47935e-05
0.637501 2.9332 0.000158394
0.33458 2.90481 0.000111395
0.583109 3.0512 0.000149864
0.388905 3.05256 6.62084e-05
camera1:
0.599728 0.404485 0.998007
0.628136 0.29744 0.997393
0.648328 0.289285 0.997786
0.667571 0.282211 0.997731
0.553642 0.30978 0.996515
0.523348 0.308427 0.996555
0.501347 0.305417 0.996352
0.710058 0.264396 0.998639
0.483725 0.288853 0.997599
0.633859 0.458058 0.999324
0.552837 0.470148 0.998672
0.845047 0.552925 0.998956
0.425098 0.546057 0.999205
0.821873 0.982166 0.627792
0.204484 0.853837 0.614552
0.706257 1.26479 0.281953
-0.042536 0.958822 0.512957
0.67994 1.36296 0.271352
-0.143511 1.02063 0.467521
0.646546 1.31435 0.351076
-0.129811 1.01673 0.568593
0.642734 1.27875 0.351192
-0.0758961 1.01436 0.614316
0.772245 1.40327 0.0104493
0.483752 1.37732 0.0134458
0.742087 2.12449 0.00290961
0.459078 2.1022 0.00196725
0.723836 2.79547 0.000291556
0.456115 2.7931 6.22241e-05
0.734855 2.87543 0.00027641
0.448204 2.8749 0.000122783
0.66352 3.00255 0.000152246
0.480258 3.01667 5.44452e-05
fused:
0.298095 -0.162266 1.91089 0.998757
0.356988 -0.298836 1.9141 0.998079
0.393472 -0.297699 1.88611 0.997924
0.426966 -0.297513 1.86536 0.997731
0.227048 -0.297541 1.88891 0.998423
0.176789 -0.300644 1.86406 0.998441
0.130936 -0.317241 1.90076 0.998529
0.508607 -0.366162 2.14091 0.998639
0.00934275 -0.441114 2.3393 0.999227
0.346501 -0.0823282 2.01461 0.99942
0.204026 -0.0768739 1.93498 0.999631
0.743423 0.0966932 2.20508 0.999022
-0.575162 0.0330083 3.79686 0.999529
0.553011 0.426981 1.30099 0.627792
-1.83335 1.12999 4.33106 0.704359
0.422929 0.434886 0.920381 0.281953
-2.18345 1.14199 3.24361 0.512957
0.405122 0.44142 0.848434 0.271352
-2.0584 1.06777 2.70779 0.467521
0.385931 0.426363 0.851705 0.351076
-1.97792 1.07337 2.67538 0.568593
0.381678 0.433352 0.889121 0.351192
-2.05604 1.18887 2.95706 0.614316
0.555244 1.86196 3.06865 0.0104493
-0.62749 2.70376 4.44233 0.0134458
0.381606 7.29961 6.33349 0.00290961
-1.70963 8.69278 7.40775 0.00196725
-2.65723 152.953 92.1618 0.000291556
-5.53691 34.1543 20.0237 6.22241e-05
2.17223 -75.9497 -44.6085 0.00027641
-8.92973 54.1458 30.5528 0.000122783
4.3468 -102.625 -55.5257 0.000152246
-13.8635 111.094 58.4525 6.62084e-05
