camera0:
0.64377 0.421419 0.99878
0.675447 0.329798 0.998088
0.69453 0.328642 0.997933
0.711634 0.327416 0.997734
0.611251 0.324441 0.998432
0.584171 0.319033 0.998455
0.559647 0.31269 0.998531
0.728542 0.318678 0.998068
0.510046 0.290804 0.999229
0.662987 0.485685 0.99944
0.592299 0.480273 0.999642
0.831464 0.613182 0.999074
0.37287 0.560612 0.999559
0.931886 0.991216 0.581134
0.126489 0.892666 0.712601
1.0056 1.40658 0.0931653
-0.0814729 1.21955 0.281879
1.04121 1.52091 0.0879309
-0.157827 1.29434 0.233356
1.00446 1.52302 0.134888
-0.132417 1.30305 0.319504
0.978306 1.486 0.145405
-0.0934142 1.28856 0.358696
0.713379 1.42662 0.00259796
0.402428 1.39674 0.00284618
0.670478 2.16479 0.00168145
0.368121 2.13646 0.00113502
0.645077 2.83529 0.000202646
0.357499 2.81615 5.1699e-05
0.650068 2.92603 0.000148428
0.345556 2.90339 0.000105839
0.59221 3.04519 0.000141725
0.398673 3.04228 6.29093e-05
camera1:
0.57577 0.41488 0.998056
0.610302 0.304196 0.997461
0.634054 0.295951 0.997832
0.654213 0.289093 0.997756
0.535112 0.321251 0.996656
0.510612 0.321895 0.9967
0.49002 0.320125 0.996486
0.690581 0.272399 0.998674
0.472951 0.299951 0.997719
0.620173 0.465617 0.999353
0.536289 0.481756 0.998752
0.835476 0.555981 0.999005
0.421298 0.548826 0.999256
0.81961 0.982035 0.625061
0.19375 0.85538 0.627739
0.682809 1.28855 0.283438
-0.039149 0.921122 0.530597
0.652278 1.40441 0.270491
-0.143521 0.968526 0.482218
0.613488 1.3574 0.350019
-0.125663 0.959803 0.581147
0.613749 1.31567 0.351439
-0.0720268 0.961066 0.62703
0.772022 1.41604 0.0108563
0.479899 1.38832 0.0137578
0.741879 2.13316 0.00307021
0.457581 2.10413 0.00190786
0.723853 2.79563 0.000301182
0.455363 2.78677 6.0578e-05
0.735313 2.87555 0.000285524
0.447956 2.8675 0.000122641
0.660018 3.00393 0.00014656
0.479262 3.01297 5.26929e-05
fused:
0.254546 -0.149692 1.90606 0.99878
0.323652 -0.295704 1.92908 0.998088
0.365896 -0.302579 1.94019 0.997933
0.402152 -0.306924 1.94138 0.997756
0.18815 -0.292079 1.9204 0.998432
0.135478 -0.305991 1.96413 0.998455
0.08629 -0.323873 2.01545 0.998531
0.469738 -0.349385 2.07766 0.998674
-0.0212015 -0.430466 2.35984 0.999229
0.317998 -0.0734545 2.04319 0.99944
0.15979 -0.0693809 2.01813 0.999642
0.708181 0.104279 2.09961 0.999074
-0.56218 0.0336808 3.70049 0.999559
0.543849 0.412465 1.24082 0.625061
-1.58903 0.993351 3.80566 0.712601
0.409112 0.40807 0.847204 0.283438
-1.86229 0.94638 2.89028 0.530597
0.392287 0.417637 0.779555 0.270491
-1.76137 0.867779 2.41492 0.482218
0.370556 0.414847 0.796056 0.350019
-1.68 0.880612 2.38881 0.581147
0.368174 0.418985 0.82907 0.351439
-1.73592 0.975412 2.62364 0.62703
0.548983 1.83169 2.98511 0.0108563
-0.582968 2.57863 4.19228 0.0137578
0.373559 5.7578 5.04688 0.00307021
-1.29246 6.94716 5.96254 0.00190786
-0.56393 42.035 25.5913 0.000301182
-3.95247 24.9274 14.7111 6.0578e-05
-11.8057 484.12 286.831 0.000285524
-6.3304 38.7972 22.0323 0.000122641
-10.3925 266.261 144.768 0.00014656
-6.04638 49.8432 26.3861 6.29093e-05
