camera0:
0.438566 0.252792 0.999746
0.469238 0.160909 0.999542
0.494713 0.153223 0.999589
0.519075 0.146686 0.999601
0.409689 0.17948 0.999476
0.392956 0.184328 0.999458
0.377385 0.189064 0.999448
0.571352 0.158552 0.999719
0.384927 0.20154 0.99959
0.496961 0.316365 0.999849
0.421746 0.336265 0.9998
0.757356 0.514259 0.999465
0.324514 0.535422 0.99948
0.877247 0.942621 0.579444
0.10243 0.89343 0.615104
0.985476 1.35292 0.0986705
-0.176168 1.07441 0.284465
1.04355 1.47312 0.108639
-0.272198 1.189 0.262291
1.00329 1.48111 0.170118
-0.25261 1.19097 0.35713
0.971181 1.44212 0.182255
-0.20741 1.18097 0.401404
0.704864 1.44478 0.00208479
0.385075 1.43855 0.0023359
0.675822 2.19852 0.00122743
0.363403 2.18896 0.00128594
0.689831 2.89992 0.000132421
0.377079 2.89876 4.8606e-05
0.706738 3.00337 9.1267e-05
0.374519 2.99711 7.08761e-05
0.636189 3.08487 0.000110355
0.409597 3.10905 4.9499e-05
camera1:
0.400141 0.274585 0.997323
0.423771 0.182712 0.996315
0.446168 0.171875 0.99704
0.46822 0.160734 0.996939
0.372468 0.201505 0.994614
0.359584 0.204496 0.994945
0.348324 0.207291 0.994501
0.550913 0.156751 0.998188
0.387807 0.204308 0.996301
0.457869 0.322811 0.999037
0.409086 0.353711 0.99771
0.78917 0.518607 0.998433
0.383112 0.530269 0.998876
0.817118 0.984628 0.480586
0.185317 0.852551 0.469824
0.499846 1.2747 0.192741
-0.049716 0.950598 0.330745
0.430561 1.37557 0.191361
-0.150719 0.985513 0.296877
0.389394 1.31366 0.256934
-0.142835 0.975248 0.417854
0.408018 1.27766 0.240064
-0.0923509 0.973498 0.454375
0.745592 1.42813 0.00219934
0.445242 1.41283 0.00344012
0.710061 2.15457 0.00184222
0.431419 2.13048 0.00160362
0.715119 2.83485 0.000232698
0.443983 2.82355 4.36772e-05
0.738851 2.92626 0.000174447
0.45074 2.91841 0.000118753
0.629448 3.02576 0.000146215
0.428056 3.03407 6.18602e-05
fused:
-0.205172 -0.506758 2.39925 0.999746
-0.127965 -0.66646 2.37175 0.999542
-0.0633111 -0.668708 2.3357 0.999589
-0.00288884 -0.67106 2.30355 0.999601
-0.284368 -0.663136 2.45036 0.999476
-0.331458 -0.668368 2.48653 0.999458
-0.377666 -0.675314 2.52901 0.999448
0.146806 -0.750899 2.61318 0.999719
-0.412851 -0.787861 2.97012 0.99959
-0.05205 -0.381476 2.32396 0.999849
-0.273189 -0.401695 2.6746 0.9998
0.70633 -0.0127408 2.77481 0.999465
-0.820633 -0.040297 4.03395 0.99948
0.568887 0.485341 1.49112 0.579444
-1.88779 1.13513 4.2586 0.615104
0.327961 0.330396 0.700125 0.192741
-3.48242 1.66706 4.68686 0.330745
0.317283 0.319216 0.618661 0.191361
-3.41967 1.6731 4.02838 0.296877
0.297141 0.31864 0.631549 0.256934
-3.14146 1.54381 3.79316 0.417854
0.294883 0.334696 0.666371 0.240064
-3.27219 1.70489 4.19643 0.454375
0.485098 1.7875 2.7002 0.00219934
-0.585714 2.44281 3.71719 0.00344012
0.294287 4.57565 3.93579 0.00184222
-1.18431 6.37903 5.28376 0.00160362
-0.135172 17.8431 10.8438 0.000232698
-3.81823 26.6321 15.1202 4.8606e-05
-0.375313 37.8068 22.0998 0.000174447
-6.71066 39.6583 22.3432 0.000118753
-0.71404 17.7739 9.82407 0.000146215
-2.69045 18.382 9.85374 6.18602e-05
