camera0:
0.521743 0.274669 0.999752
0.562591 0.183401 0.999538
0.585306 0.183718 0.99958
0.607234 0.184515 0.999568
0.490359 0.182946 0.999496
0.467258 0.185051 0.999504
0.446826 0.188297 0.999491
0.644738 0.195314 0.999684
0.424949 0.200273 0.99963
0.561537 0.347073 0.99984
0.475524 0.353803 0.999811
0.77168 0.534872 0.999426
0.328458 0.529994 0.999558
0.889873 0.959379 0.582385
0.098773 0.908001 0.641688
0.965167 1.33151 0.0873242
-0.187319 1.16163 0.266595
1.00505 1.45238 0.0920736
-0.281274 1.24549 0.239529
0.963815 1.45355 0.146235
-0.256284 1.24079 0.332566
0.937799 1.41361 0.157483
-0.210503 1.22671 0.376076
0.706497 1.45314 0.00229266
0.377023 1.44231 0.00260686
0.684105 2.19506 0.0012105
0.362534 2.18992 0.0010805
0.684316 2.87199 0.000128375
0.363907 2.87429 4.41298e-05
0.695938 2.97322 8.96852e-05
0.355353 2.96999 6.98286e-05
0.629317 3.07867 0.00011768
0.412125 3.09607 4.94046e-05
camera1:
0.484781 0.270186 0.997938
0.51998 0.180351 0.997272
0.545782 0.173018 0.997766
0.569075 0.165393 0.997781
0.456618 0.195687 0.996089
0.4405 0.198816 0.996179
0.425616 0.202112 0.995997
0.614995 0.172293 0.998657
0.431907 0.208955 0.997202
0.535899 0.328996 0.999243
0.460671 0.352898 0.998307
0.794582 0.521985 0.99876
0.384843 0.541906 0.998974
0.822423 0.982792 0.616173
0.18329 0.858927 0.547605
0.654113 1.32736 0.262539
-0.0716103 0.959063 0.452039
0.623296 1.45345 0.257382
-0.163328 0.991703 0.415482
0.57358 1.41194 0.336192
-0.153716 0.981049 0.524879
0.576513 1.36359 0.327031
-0.102416 0.980824 0.565981
0.75042 1.42568 0.00636717
0.456122 1.41526 0.00965036
0.724923 2.14392 0.00206749
0.433636 2.12164 0.001929
0.721903 2.81844 0.000209238
0.435819 2.81146 5.73759e-05
0.736216 2.90462 0.000172368
0.433808 2.90306 0.00011029
0.65171 3.02138 0.000147538
0.442396 3.02051 5.60079e-05
fused:
0.0108054 -0.467893 2.34586 0.999752
0.108447 -0.620464 2.32511 0.999538
0.166498 -0.62592 2.33377 0.99958
0.221012 -0.62477 2.31984 0.999568
-0.0753601 -0.661018 2.47738 0.999496
-0.140067 -0.685425 2.56868 0.999504
-0.200214 -0.702584 2.64144 0.999491
0.32049 -0.617701 2.37074 0.999684
-0.300193 -0.807309 3.07899 0.99963
0.115202 -0.351582 2.38867 0.99984
-0.113617 -0.364892 2.59309 0.999811
0.692373 0.0137072 2.55528 0.999426
-0.802444 -0.0294912 4.00733 0.999558
0.570102 0.471394 1.44514 0.616173
-1.92579 1.1654 4.30604 0.641688
0.389024 0.432635 0.863105 0.262539
-3.21422 1.49593 4.24621 0.452039
0.374555 0.439551 0.783637 0.257382
-3.32833 1.50178 3.86848 0.415482
0.346041 0.437601 0.796615 0.336192
-2.99618 1.40174 3.59373 0.524879
0.343565 0.442552 0.832974 0.327031
-3.11106 1.55314 3.96491 0.565981
0.487524 1.75349 2.80386 0.00636717
-0.739727 2.79588 4.37215 0.00965036
0.330051 4.79236 4.17249 0.00206749
-1.31442 6.59492 5.58595 0.001929
-0.0676609 19.1638 11.6884 0.000209238
-3.5094 21.1839 12.3857 5.73759e-05
-0.406603 36.0314 21.2539 0.000172368
-5.46673 31.1759 17.6463 0.00011029
-1.17601 31.2918 17.1881 0.000147538
-3.18999 22.8867 12.2425 5.60079e-05
