camera0:
0.678119 0.413273 0.999049
0.703596 0.333977 0.998577
0.721941 0.335309 0.998485
0.738636 0.335698 0.998318
0.645299 0.319226 0.998781
0.621753 0.310899 0.998806
0.595639 0.301303 0.998862
0.743009 0.328049 0.998564
0.529824 0.277565 0.999388
0.68742 0.480958 0.99953
0.628593 0.475134 0.999687
0.829817 0.599604 0.999051
0.369776 0.563246 0.999516
0.915002 0.976263 0.55233
0.103139 0.898687 0.684391
0.938757 1.33095 0.0916749
-0.140484 1.16734 0.290773
0.959687 1.4292 0.0916636
-0.223505 1.23256 0.248819
0.927698 1.40951 0.142036
-0.196084 1.23573 0.34234
0.902957 1.38539 0.152652
-0.152558 1.22895 0.383555
0.711822 1.44579 0.00238922
0.399168 1.4116 0.00262823
0.652012 2.19659 0.00180509
0.344373 2.16617 0.00124357
0.626948 2.87488 0.000205605
0.331437 2.84895 5.39379e-05
0.631572 2.97029 0.000148437
0.319169 2.9396 0.000104318
0.577295 3.08469 0.000144809
0.376784 3.08073 6.36116e-05
camera1:
0.605516 0.395695 0.998234
0.635139 0.288447 0.997694
0.656155 0.28221 0.998065
0.675259 0.276803 0.998058
0.559573 0.298009 0.996795
0.530737 0.297226 0.996838
0.507302 0.294846 0.99668
0.712547 0.259533 0.998831
0.483298 0.280711 0.997746
0.64083 0.453266 0.999373
0.560568 0.465737 0.998678
0.845939 0.549704 0.998935
0.425538 0.546298 0.999164
0.818276 0.98899 0.63363
0.205469 0.849507 0.605166
0.712494 1.26835 0.279237
-0.0528798 0.955469 0.508368
0.684228 1.36823 0.269943
-0.156656 0.986073 0.465303
0.65293 1.31664 0.350102
-0.14675 0.980617 0.567608
0.648491 1.28143 0.348465
-0.0910894 0.982553 0.611482
0.775116 1.40083 0.0104505
0.489333 1.3767 0.0136728
0.743517 2.12442 0.0028916
0.462019 2.10301 0.00203079
0.723578 2.79797 0.000277285
0.456594 2.79856 6.35053e-05
0.733959 2.87771 0.000255119
0.448635 2.8804 0.000121631
0.662639 3.00809 0.000153828
0.481734 3.02397 5.57181e-05
fused:
0.313696 -0.159356 1.83984 0.999049
0.370351 -0.28898 1.85844 0.998577
0.406154 -0.28939 1.85145 0.998485
0.438337 -0.290131 1.84534 0.998318
0.24581 -0.290831 1.81828 0.998781
0.198224 -0.297662 1.80928 0.998806
0.150801 -0.316658 1.85193 0.998862
0.509876 -0.353335 2.09019 0.998831
0.027264 -0.434605 2.251 0.999388
0.360553 -0.0811685 1.98133 0.99953
0.223576 -0.0757247 1.89208 0.999687
0.750758 0.0939965 2.23995 0.999051
-0.605525 0.0343046 3.90958 0.999516
0.549564 0.431661 1.306 0.63363
-2.26738 1.34164 5.12507 0.684391
0.42627 0.484703 1.00939 0.279237
-2.56506 1.26044 3.62738 0.508368
0.404092 0.49677 0.933323 0.269943
-2.36305 1.10231 2.96096 0.465303
0.38277 0.487506 0.952708 0.350102
-2.13445 1.05534 2.7744 0.567608
0.377576 0.496399 0.99683 0.348465
-2.23021 1.18569 3.0846 0.611482
0.569279 1.93568 3.19574 0.0104505
-0.707407 2.96659 4.8695 0.0136728
0.389377 8.88317 7.65009 0.0028916
-2.45608 11.8566 10.0233 0.00203079
1.773 -70.702 -42.1844 0.000277285
-25.7402 149.538 86.8607 6.35053e-05
1.04249 -27.9078 -16.2131 0.000255119
27.0864 -153.5 -85.7508 0.000121631
1.89721 -37.3085 -20.0272 0.000153828
14.4723 -107.79 -56.3094 6.36116e-05
