camera0:
0.589587 0.406913 0.999085
0.615041 0.310579 0.99848
0.63413 0.305392 0.998377
0.650929 0.300796 0.998207
0.542712 0.319028 0.998746
0.516451 0.319426 0.99877
0.495081 0.318057 0.998782
0.672945 0.29269 0.998656
0.46216 0.310207 0.999406
0.621672 0.465098 0.999625
0.541452 0.471857 0.999745
0.806175 0.580232 0.999386
0.357233 0.558109 0.999721
0.910298 0.936707 0.650005
0.115283 0.879753 0.781791
0.986568 1.37556 0.115629
-0.119681 1.09722 0.38491
1.02386 1.50053 0.0982408
-0.209701 1.14057 0.302455
0.975742 1.49994 0.150505
-0.184331 1.13476 0.390462
0.951061 1.46036 0.166589
-0.140036 1.12564 0.428384
0.71582 1.38298 0.00316418
0.413169 1.36114 0.00348057
0.675435 2.10937 0.00142306
0.392946 2.08844 0.000860746
0.654255 2.77351 0.000192258
0.381278 2.76255 4.24212e-05
0.661263 2.8639 0.000137572
0.372366 2.84843 9.08885e-05
0.600322 2.96906 0.000114947
0.41521 2.98115 5.44277e-05
camera1:
0.511766 0.378155 0.99849
0.543852 0.269885 0.998041
0.570478 0.261057 0.998267
0.594934 0.253994 0.998231
0.475336 0.289785 0.997603
0.452687 0.294164 0.997559
0.430425 0.297418 0.99739
0.636685 0.249405 0.998967
0.422836 0.294136 0.998411
0.565652 0.435301 0.999538
0.487882 0.45544 0.999207
0.807074 0.557645 0.999274
0.381567 0.560167 0.999523
0.857643 1.00294 0.620951
0.179672 0.85313 0.707145
0.859005 1.4559 0.262743
0.00932651 0.785283 0.64053
0.865309 1.58744 0.257136
-0.0875769 0.740152 0.58672
0.819431 1.55991 0.338177
-0.0437105 0.691738 0.664578
0.803831 1.51468 0.352296
-0.0155861 0.756796 0.710043
0.759589 1.42326 0.0206753
0.470322 1.42756 0.0255096
0.745104 2.13944 0.00295642
0.457482 2.14045 0.00160754
0.738136 2.79605 0.000256961
0.470084 2.80766 5.00506e-05
0.752037 2.87431 0.000257584
0.470592 2.88908 9.49314e-05
0.683124 3.00286 0.000107113
0.491201 3.01683 3.94712e-05
fused:
0.145635 -0.187199 1.86522 0.999085
0.203279 -0.340486 1.92345 0.99848
0.248075 -0.357097 1.96507 0.998377
0.290258 -0.373535 2.01173 0.998231
0.0572932 -0.342051 2.00077 0.998746
0.00140333 -0.349537 2.04482 0.99877
-0.0456738 -0.351372 2.05032 0.998782
0.364121 -0.414843 2.17494 0.998967
-0.131114 -0.413328 2.30371 0.999406
0.222488 -0.111711 1.97723 0.999625
0.055157 -0.103663 2.0646 0.999745
0.668071 0.0822574 2.16801 0.999386
-0.532499 0.0408505 3.14258 0.999721
0.61436 0.484187 1.47333 0.650005
-1.58979 0.938407 3.70253 0.781791
0.545776 0.676893 1.1469 0.262743
-3.40213 1.19243 5.02874 0.64053
0.535563 0.702167 1.07036 0.257136
-3.06144 0.786487 3.99285 0.58672
0.505538 0.732717 1.12359 0.338177
-3.54331 0.892529 4.80082 0.664578
0.496749 0.730799 1.15792 0.352296
-3.21612 1.04745 4.61633 0.710043
0.502273 1.58809 2.59733 0.0206753
-0.396672 2.10986 3.31963 0.0255096
0.379838 4.57247 4.07172 0.00295642
-0.689477 4.50425 3.89121 0.00160754
0.141509 19.5463 12.0186 0.000256961
-1.74605 12.7377 7.61569 5.00506e-05
-0.17724 35.7422 21.4544 0.000257584
-2.36907 17.3493 9.93104 9.49314e-05
-0.69124 37.6372 20.74 0.000114947
-2.0686 20.4219 10.928 5.44277e-05
