camera0:
0.586651 0.380484 0.999158
0.614402 0.277707 0.998603
0.633408 0.274317 0.998504
0.650005 0.272105 0.998354
0.539551 0.281292 0.99885
0.512363 0.280077 0.99887
0.491117 0.278485 0.998883
0.672265 0.269507 0.998769
0.458026 0.274286 0.999455
0.620336 0.443938 0.999657
0.537018 0.449432 0.999766
0.799121 0.575021 0.999427
0.351702 0.546457 0.999741
0.928574 0.927708 0.670466
0.0958181 0.85372 0.788221
1.02532 1.37494 0.117632
-0.120267 0.983324 0.39439
1.0617 1.49922 0.0985658
-0.206153 1.07117 0.310656
1.02139 1.49798 0.1506
-0.181133 1.05394 0.39812
0.993827 1.46039 0.167485
-0.0967097 0.982284 0.436307
0.704643 1.38297 0.0032961
0.386977 1.35794 0.0035757
0.655062 2.10881 0.00136546
0.351043 2.08583 0.000812309
0.630714 2.77358 0.000181686
0.331637 2.75435 4.00878e-05
0.637464 2.86389 0.000129084
0.319854 2.83545 8.4252e-05
0.579435 2.96973 0.000109187
0.373559 2.97785 5.16819e-05
camera1:
0.495264 0.344794 0.998539
0.53486 0.240005 0.998083
0.563572 0.232806 0.9983
0.588351 0.227689 0.998287
0.46266 0.254446 0.997644
0.439826 0.256983 0.997558
0.418108 0.259512 0.99739
0.634848 0.235361 0.998988
0.419305 0.264288 0.998357
0.550856 0.408731 0.999558
0.472622 0.425284 0.999233
0.807493 0.571148 0.999269
0.377724 0.536953 0.999511
0.897821 1.01805 0.625749
0.155425 0.806488 0.71034
0.865538 1.45581 0.255658
-0.126222 0.852194 0.641393
0.872562 1.58252 0.250505
-0.230041 0.846639 0.583411
0.820721 1.55472 0.3327
-0.237173 0.829239 0.664664
0.803971 1.50564 0.347847
-0.18176 0.859896 0.711309
0.753684 1.42315 0.0194684
0.458921 1.42565 0.0240159
0.739422 2.14225 0.00306133
0.458256 2.14364 0.0016847
0.737873 2.79986 0.000268197
0.474905 2.81822 4.94916e-05
0.751971 2.87857 0.000262075
0.478288 2.90243 9.71079e-05
0.682641 3.01088 0.000103562
0.486885 3.02619 3.8289e-05
fused:
0.134206 -0.21797 1.78284 0.999158
0.196264 -0.376834 1.88143 0.998603
0.241776 -0.394756 1.9364 0.998504
0.283292 -0.409235 1.98451 0.998354
0.0481787 -0.386414 1.94682 0.99885
-0.00817868 -0.398774 1.99378 0.99887
-0.0537539 -0.402031 2.00112 0.998883
0.362954 -0.449458 2.19286 0.998988
-0.144464 -0.47972 2.33582 0.999455
0.2096 -0.138899 1.88282 0.999657
0.044541 -0.138465 1.98197 0.999766
0.682973 0.092774 2.28025 0.999427
-0.552968 -0.00286164 3.16767 0.999741
0.673395 0.511254 1.54143 0.670466
-1.59137 0.798254 3.54016 0.788221
0.538076 0.608522 1.04409 0.255658
-1.49084 0.550878 2.1941 0.641393
0.530666 0.636208 0.98696 0.250505
-1.5019 0.493583 1.9492 0.583411
0.496965 0.64033 1.00354 0.3327
-1.3193 0.442463 1.77405 0.664664
0.489073 0.640354 1.03796 0.347847
-1.10376 0.428612 1.68629 0.711309
0.491121 1.65582 2.70031 0.0194684
-0.541973 2.36004 3.70059 0.0240159
0.342547 5.17322 4.58576 0.00306133
-1.16257 6.328 5.40708 0.0016847
-0.184818 31.7513 19.4812 0.000268197
-4.02795 25.5873 15.1497 4.94916e-05
-1.84625 116.168 69.387 0.000262075
-7.81727 49.4937 28.1424 9.71079e-05
-1.87863 69.4957 38.1375 0.000109187
-4.08825 34.293 18.2665 5.16819e-05
