camera0:
0.590661 0.42758 0.998959
0.615257 0.330815 0.998278
0.634532 0.324137 0.99816
0.65189 0.318901 0.997973
0.544368 0.338878 0.998579
0.518512 0.336725 0.998602
0.496805 0.332416 0.998621
0.672327 0.294023 0.998451
0.465959 0.311701 0.999321
0.623647 0.484858 0.999568
0.544284 0.484832 0.999708
0.811983 0.583745 0.999318
0.361303 0.555362 0.999681
0.908606 0.984207 0.645944
0.134813 0.884088 0.775447
0.979575 1.38629 0.114437
-0.0976223 1.11514 0.361568
1.0142 1.49203 0.0971059
-0.183476 1.15286 0.282026
0.985735 1.48892 0.148349
-0.16258 1.14389 0.368761
0.956437 1.45741 0.163095
-0.06124 1.0981 0.406338
0.718318 1.37693 0.00299286
0.406862 1.35378 0.00325229
0.672656 2.11425 0.00147958
0.368638 2.09098 0.000925821
0.654689 2.78749 0.00019654
0.36945 2.77163 4.53165e-05
0.663692 2.87556 0.000141386
0.364735 2.85422 9.7175e-05
0.594035 2.99621 0.000119709
0.407335 3.00292 5.76844e-05
camera1:
0.51861 0.395764 0.998313
0.550756 0.287534 0.997809
0.577489 0.275931 0.998081
0.60171 0.266622 0.998032
0.480746 0.312292 0.997281
0.458534 0.316891 0.997257
0.43598 0.319962 0.997058
0.643265 0.259115 0.998858
0.426717 0.309215 0.998204
0.571677 0.451759 0.999481
0.494736 0.474577 0.99909
0.822107 0.553716 0.999201
0.396888 0.555135 0.999457
0.801612 0.983501 0.609195
0.178529 0.86038 0.679792
0.74255 1.3457 0.257497
-0.0630529 0.963278 0.59471
0.732285 1.46596 0.247704
-0.174422 0.999423 0.539851
0.693828 1.42951 0.324583
-0.151053 0.995138 0.62546
0.686059 1.38744 0.33664
-0.0936123 0.994295 0.674854
0.757716 1.4154 0.0150002
0.464645 1.39763 0.0186291
0.7361 2.12297 0.00294933
0.445857 2.1002 0.00163303
0.733051 2.77568 0.000278736
0.454791 2.77517 5.42064e-05
0.746913 2.85293 0.000281311
0.450312 2.85672 0.000105434
0.673988 2.98674 0.00011961
0.48503 2.99711 4.36914e-05
fused:
0.150866 -0.163346 1.89464 0.998959
0.208756 -0.319995 1.96183 0.998278
0.255053 -0.339462 2.00353 0.99816
0.298489 -0.356298 2.04315 0.998032
0.0612344 -0.313631 2.02471 0.998579
0.00506398 -0.323017 2.07448 0.998602
-0.044071 -0.328067 2.08495 0.998621
0.375183 -0.423078 2.25961 0.998858
-0.125851 -0.401311 2.32154 0.999321
0.229531 -0.0859182 1.99664 0.999568
0.0614865 -0.0797538 2.09687 0.999708
0.706437 0.0840825 2.24355 0.999318
-0.558812 0.0327034 3.38847 0.999681
0.529932 0.429342 1.28064 0.645944
-1.32385 0.838893 3.23938 0.775447
0.446183 0.510819 0.970805 0.257497
-1.79419 0.934735 2.71745 0.59471
0.434362 0.524705 0.900825 0.247704
-1.71893 0.826749 2.28299 0.539851
0.410576 0.518125 0.907215 0.324583
-1.70959 0.855977 2.3402 0.62546
0.405088 0.52724 0.949854 0.33664
-1.28063 0.732226 2.06105 0.674854
0.497357 1.53699 2.53477 0.0150002
-0.438105 2.10505 3.41702 0.0186291
0.353479 4.57475 4.09523 0.00294933
-0.969096 5.35513 4.67007 0.00163303
0.000623023 24.1499 14.9154 0.000278736
-2.21792 14.7661 8.86469 5.42064e-05
-0.519743 47.525 28.6922 0.000281311
-2.61205 17.6409 10.1662 0.000105434
-2.77526 91.9714 50.6118 0.000119709
-3.4288 31.0244 16.5569 5.76844e-05
