camera0:
0.441379 0.250663 0.999752
0.470301 0.159402 0.999542
0.495594 0.150836 0.999593
0.519376 0.143318 0.999597
0.410526 0.179639 0.999478
0.394106 0.184832 0.999471
0.378834 0.190174 0.999453
0.570508 0.156508 0.999716
0.384541 0.204315 0.9996
0.5001 0.311984 0.999846
0.423525 0.334095 0.9998
0.759083 0.51729 0.999474
0.325736 0.54107 0.999507
0.884319 0.941028 0.579542
0.102031 0.894767 0.61424
1.01272 1.35162 0.0954395
-0.166232 1.13841 0.272154
1.07907 1.4714 0.103879
-0.26702 1.24087 0.250098
1.03936 1.48037 0.163748
-0.24521 1.24575 0.34357
1.0032 1.44205 0.175894
-0.200499 1.23124 0.388128
0.707047 1.44535 0.00203973
0.385698 1.44083 0.00229405
0.682212 2.19633 0.00112635
0.364724 2.18949 0.00114875
0.694887 2.8886 0.000121013
0.379788 2.89038 4.39222e-05
0.710725 2.99235 8.38502e-05
0.377697 2.98709 6.44304e-05
0.642416 3.07622 0.000106473
0.419201 3.10408 4.64127e-05
camera1:
0.392625 0.289744 0.997668
0.420575 0.19074 0.996814
0.443533 0.18099 0.997435
0.466181 0.171075 0.997359
0.368245 0.205252 0.995366
0.355281 0.206285 0.995618
0.343625 0.206895 0.99525
0.551144 0.162387 0.998438
0.388825 0.202919 0.996786
0.451237 0.337802 0.99915
0.404367 0.367292 0.997991
0.789051 0.52233 0.998566
0.384623 0.539209 0.998914
0.804825 0.986849 0.534164
0.181008 0.863733 0.498746
0.577029 1.30027 0.232558
-0.0646947 0.955547 0.373062
0.532172 1.40599 0.227785
-0.162351 0.999879 0.337962
0.494336 1.3522 0.299603
-0.158404 0.983329 0.455854
0.501693 1.31228 0.284494
-0.106983 0.982298 0.493626
0.745488 1.43872 0.00306368
0.447111 1.43178 0.00492208
0.723723 2.16478 0.00186252
0.435545 2.1465 0.00178848
0.736603 2.84365 0.000211643
0.452716 2.84395 4.7069e-05
0.760749 2.93389 0.000161702
0.461369 2.94212 0.000113952
0.647081 3.04191 0.000142551
0.436864 3.05193 5.92578e-05
fused:
-0.19525 -0.474608 2.31166 0.999752
-0.126545 -0.65145 2.34211 0.999542
-0.0640244 -0.65739 2.319 0.999593
-0.00604295 -0.665085 2.30453 0.999597
-0.27741 -0.644233 2.39797 0.999478
-0.320857 -0.648127 2.42404 0.999471
-0.362273 -0.652271 2.45111 0.999453
0.144103 -0.758278 2.64888 0.999716
-0.414326 -0.789614 2.98221 0.9996
-0.0473832 -0.35794 2.248 0.999846
-0.265451 -0.37911 2.60932 0.9998
0.701528 -0.00508565 2.7368 0.999474
-0.81909 -0.0170351 4.04739 0.999507
0.545195 0.454051 1.40133 0.579542
-1.82641 1.10355 4.11593 0.61424
0.360909 0.347672 0.726133 0.232558
-2.86677 1.41842 3.9045 0.373062
0.352975 0.335404 0.642241 0.227785
-3.06228 1.515 3.62142 0.337962
0.33433 0.336947 0.658704 0.299603
-2.72697 1.36718 3.31507 0.455854
0.330421 0.350253 0.694694 0.284494
-2.82154 1.50327 3.64297 0.493626
0.476068 1.72111 2.65269 0.00306368
-0.582876 2.42896 3.70235 0.00492208
0.326848 4.66959 4.02432 0.00186252
-1.18039 6.26654 5.22425 0.00178848
0.0072603 20.6831 12.5434 0.000211643
-3.23753 22.0923 12.6643 4.7069e-05
-0.172941 57.1981 33.3763 0.000161702
-5.33853 32.7467 18.4155 0.000113952
-0.596271 17.9603 9.9151 0.000142551
-2.2635 16.1764 8.67358 5.92578e-05
