camera0:
0.598807 0.427083 0.998817
0.622235 0.331207 0.998076
0.640718 0.326376 0.997944
0.656951 0.325585 0.997736
0.552334 0.337592 0.998421
0.526426 0.335323 0.998452
0.504653 0.331099 0.9985
0.676868 0.300299 0.998133
0.472866 0.312185 0.999234
0.631019 0.485677 0.999467
0.554037 0.483801 0.999654
0.819239 0.595223 0.99916
0.359232 0.56439 0.999599
0.917129 0.985617 0.603245
0.122027 0.903508 0.737756
1.01989 1.39466 0.0966416
-0.0977044 1.17735 0.292792
1.06505 1.50771 0.0873696
-0.172403 1.23287 0.233392
1.03332 1.50811 0.13408
-0.154621 1.22548 0.317428
1.00207 1.47541 0.145575
-0.114806 1.21992 0.356064
0.715532 1.41436 0.00261441
0.40275 1.39584 0.00282934
0.684746 2.15105 0.00150692
0.383746 2.13189 0.00100783
0.671556 2.82025 0.000185978
0.383967 2.81113 4.72181e-05
0.680131 2.90795 0.000136041
0.375846 2.89697 9.78181e-05
0.618748 3.03067 0.000129088
0.424912 3.03642 5.89136e-05
camera1:
0.523596 0.409319 0.997985
0.554877 0.300704 0.997352
0.581288 0.288688 0.997722
0.605437 0.278377 0.99765
0.486922 0.321177 0.99662
0.465413 0.323867 0.996629
0.442882 0.324903 0.996377
0.647225 0.265758 0.998636
0.43076 0.309721 0.997726
0.574938 0.460461 0.999361
0.49957 0.480304 0.99882
0.824374 0.556148 0.999068
0.393455 0.557211 0.999308
0.827963 0.973405 0.620118
0.178088 0.861098 0.63863
0.770757 1.3357 0.27245
-0.0393823 0.957164 0.536516
0.764281 1.4572 0.259337
-0.150233 1.03477 0.484645
0.724878 1.42502 0.337054
-0.127982 1.03254 0.579073
0.715159 1.38352 0.341732
-0.0757894 1.02816 0.62773
0.755114 1.41555 0.0113091
0.45652 1.39919 0.0140657
0.725906 2.12417 0.00299751
0.427819 2.10274 0.00179008
0.72052 2.77986 0.000288999
0.437072 2.77544 5.79098e-05
0.733315 2.8588 0.000274458
0.434492 2.85663 0.000114823
0.66215 2.99064 0.000135432
0.468349 2.99761 4.89414e-05
fused:
0.163351 -0.151299 1.87787 0.998817
0.218989 -0.3065 1.9484 0.998076
0.264069 -0.324772 1.99047 0.997944
0.306321 -0.33899 2.03045 0.997736
0.0758932 -0.305444 2.01727 0.998421
0.0206457 -0.317116 2.07181 0.998452
-0.0280476 -0.323569 2.08129 0.9985
0.383395 -0.408468 2.24496 0.998636
-0.107723 -0.393691 2.28956 0.999234
0.239704 -0.0761556 1.9635 0.999467
0.0802354 -0.0729611 2.05386 0.999654
0.698234 0.0928245 2.16077 0.99916
-0.556898 0.0466996 3.3392 0.999599
0.563233 0.439223 1.33228 0.620118
-1.47737 0.938759 3.49738 0.737756
0.464542 0.475868 0.929857 0.27245
-2.06734 1.07844 3.12386 0.536516
0.453598 0.485784 0.854871 0.259337
-1.83369 0.967447 2.46316 0.484645
0.431141 0.484726 0.866395 0.337054
-1.84975 1.01862 2.54992 0.579073
0.42602 0.493061 0.905957 0.341732
-1.90729 1.11361 2.79289 0.62773
0.494455 1.60645 2.63529 0.0113091
-0.477066 2.14003 3.45593 0.0140657
0.328745 4.29323 3.83428 0.00299751
-0.816168 4.57551 3.98267 0.00179008
-0.0412897 18.1755 11.2525 0.000288999
-1.90938 12.5992 7.54217 5.79098e-05
-0.335896 28.7029 17.3157 0.000274458
-2.49236 16.2715 9.35594 0.000114823
-1.16456 41.1309 22.6293 0.000135432
-2.54507 22.6935 12.1152 5.89136e-05
