camera0:
0.59151 0.427509 0.998921
0.616162 0.331029 0.998214
0.635355 0.32453 0.998085
0.652762 0.319749 0.997902
0.545593 0.338902 0.998528
0.519201 0.336737 0.998547
0.497294 0.332375 0.998578
0.673827 0.294164 0.998361
0.466351 0.310693 0.999287
0.625312 0.485063 0.999541
0.545321 0.48461 0.999692
0.811456 0.582942 0.999285
0.361368 0.552618 0.99966
0.926059 0.968914 0.6442
0.13634 0.881078 0.766021
1.02029 1.37406 0.108978
-0.107092 1.093 0.339262
1.06014 1.48982 0.092973
-0.197726 1.13533 0.265164
1.024 1.48909 0.142635
-0.175315 1.1303 0.351363
0.994365 1.45679 0.156028
-0.128204 1.1314 0.388678
0.718315 1.38897 0.00271182
0.405923 1.3668 0.00290816
0.682128 2.12751 0.00143129
0.380501 2.10653 0.000915426
0.66717 2.79757 0.000181215
0.379036 2.7862 4.45391e-05
0.675993 2.88708 0.00012919
0.372921 2.86975 9.35057e-05
0.609864 3.00513 0.000118083
0.415553 3.01595 5.67144e-05
camera1:
0.52419 0.397339 0.998217
0.555703 0.290932 0.99768
0.582147 0.278841 0.997971
0.606279 0.268869 0.997921
0.485045 0.315316 0.997101
0.464006 0.319219 0.997075
0.441558 0.321597 0.996867
0.645633 0.259449 0.998789
0.428062 0.310063 0.998071
0.574959 0.452562 0.999447
0.498031 0.474843 0.999021
0.822124 0.553904 0.999163
0.397435 0.555293 0.999417
0.790232 0.983379 0.611394
0.180783 0.860694 0.672037
0.73209 1.344 0.261939
-0.0545425 0.950828 0.584201
0.725058 1.46432 0.25223
-0.175133 0.996513 0.531057
0.687791 1.42785 0.329515
-0.155096 0.989543 0.61853
0.678294 1.38636 0.340447
-0.0961265 0.990535 0.667729
0.754939 1.41611 0.0137542
0.464066 1.39877 0.0169973
0.730844 2.12474 0.00294853
0.444209 2.10286 0.00167141
0.724766 2.77983 0.000276405
0.451548 2.78061 5.44336e-05
0.737163 2.85526 0.000271446
0.447118 2.86118 0.000106532
0.666442 2.99231 0.000121729
0.47815 3.00115 4.44202e-05
fused:
0.155236 -0.165731 1.92957 0.998921
0.213809 -0.323342 1.99593 0.998214
0.2607 -0.343084 2.03689 0.998085
0.304943 -0.359962 2.0752 0.997921
0.0642486 -0.315864 2.05246 0.998528
0.00642633 -0.328595 2.11825 0.998547
-0.0440929 -0.334774 2.13119 0.998578
0.380027 -0.424051 2.2673 0.998789
-0.125977 -0.403885 2.33475 0.999287
0.234382 -0.0856761 2.00855 0.999541
0.064362 -0.0806193 2.1167 0.999692
0.70771 0.0838227 2.25204 0.999285
-0.562056 0.0293887 3.4065 0.99966
0.510097 0.388271 1.17864 0.6442
-1.32572 0.839452 3.25698 0.766021
0.437737 0.447211 0.870165 0.261939
-1.98339 0.976263 2.96262 0.584201
0.430004 0.462418 0.813195 0.25223
-1.83436 0.849167 2.39014 0.531057
0.409369 0.466261 0.833303 0.329515
-1.78827 0.860095 2.40502 0.61853
0.403317 0.47159 0.866968 0.340447
-1.824 0.94774 2.63 0.667729
0.490827 1.53307 2.52561 0.0137542
-0.453344 2.13916 3.46476 0.0169973
0.341632 4.22601 3.79054 0.00294853
-0.871182 4.97549 4.34116 0.00167141
0.0210383 16.9843 10.5428 0.000276405
-1.99007 13.4373 8.05826 5.44336e-05
-0.266288 26.7215 16.1987 0.000271446
-2.42206 16.3657 9.42972 0.000106532
-0.975314 36.5227 20.1578 0.000121729
-2.79888 25.4412 13.5726 5.67144e-05
