camera0:
0.450741 0.250369 0.999759
0.483547 0.160581 0.999547
0.508001 0.151799 0.999595
0.531684 0.144189 0.999594
0.418782 0.180333 0.999497
0.402112 0.184978 0.999498
0.386387 0.190228 0.999483
0.5747 0.156054 0.999709
0.387836 0.203301 0.99962
0.506942 0.311226 0.999844
0.427427 0.333473 0.999808
0.761968 0.51735 0.999461
0.325317 0.540164 0.999537
0.890127 0.932023 0.596467
0.10307 0.895828 0.621977
1.00296 1.32637 0.0918213
-0.166967 1.12582 0.255426
1.0621 1.44297 0.0976257
-0.257898 1.25201 0.234084
1.0236 1.45354 0.154957
-0.23501 1.25526 0.325245
0.989946 1.41765 0.166802
-0.189225 1.24119 0.368931
0.70569 1.44033 0.00214236
0.385847 1.43719 0.00240308
0.684121 2.18339 0.00116657
0.370019 2.18002 0.00111431
0.699972 2.86956 0.000124491
0.391265 2.87118 4.45717e-05
0.715103 2.97207 8.86077e-05
0.389235 2.96699 6.66527e-05
0.651974 3.05915 0.000119001
0.432867 3.0829 4.89221e-05
camera1:
0.404429 0.284546 0.997867
0.432861 0.185378 0.997178
0.455869 0.175301 0.997689
0.479756 0.165486 0.9977
0.378961 0.206268 0.995917
0.364462 0.210104 0.996023
0.352055 0.213065 0.995844
0.564388 0.162193 0.998622
0.394785 0.209428 0.997145
0.460674 0.330371 0.999228
0.411716 0.36221 0.99824
0.788956 0.520425 0.998747
0.383555 0.543737 0.998999
0.815231 0.986274 0.601025
0.175627 0.860904 0.542196
0.630093 1.35621 0.262514
-0.0716883 0.960855 0.452025
0.595124 1.47266 0.257645
-0.167665 0.992837 0.413552
0.549061 1.4287 0.33567
-0.156835 0.978976 0.524369
0.553532 1.38506 0.324468
-0.105282 0.980646 0.563176
0.746184 1.44169 0.00500752
0.446278 1.43438 0.00824649
0.724199 2.16801 0.00185398
0.433542 2.14615 0.00183362
0.731008 2.84448 0.000200932
0.445091 2.83953 5.18488e-05
0.751897 2.93265 0.000165836
0.451044 2.93261 0.000107057
0.650865 3.04348 0.000144277
0.436845 3.04912 5.60855e-05
fused:
-0.172738 -0.482642 2.33072 0.999759
-0.0915814 -0.646589 2.31972 0.999547
-0.032039 -0.655503 2.30497 0.999595
0.0253412 -0.667203 2.30376 0.999594
-0.259796 -0.650017 2.42798 0.999497
-0.304109 -0.649461 2.44604 0.999498
-0.347671 -0.651845 2.47462 0.999483
0.164338 -0.799401 2.78407 0.999709
-0.416019 -0.802614 3.05421 0.99962
-0.0299632 -0.367225 2.26423 0.999844
-0.257613 -0.391104 2.65076 0.999808
0.695168 -0.00607633 2.679 0.999461
-0.820342 -0.0112096 4.03833 0.999537
0.558329 0.452186 1.41211 0.601025
-1.73063 1.03529 3.91045 0.621977
0.381282 0.393402 0.776075 0.262514
-2.70841 1.26072 3.68904 0.452025
0.371234 0.38263 0.689987 0.257645
-2.75882 1.2773 3.30111 0.413552
0.348592 0.382424 0.702937 0.33567
-2.56281 1.22683 3.15778 0.524369
0.34516 0.393837 0.740625 0.324468
-2.62173 1.34877 3.43793 0.563176
0.473226 1.70246 2.67565 0.00500752
-0.577225 2.37721 3.66018 0.00824649
0.335277 4.41678 3.80795 0.00185398
-1.05086 5.68576 4.77244 0.00183362
0.118396 14.5908 8.87432 0.000200932
-2.05562 14.2519 8.2836 5.18488e-05
0.0613118 25.0308 14.7 0.000165836
-2.89456 18.5953 10.531 0.000107057
-0.332886 15.0377 8.29838 0.000144277
-1.64321 12.861 6.91107 5.60855e-05
