camera0:
0.441923 0.249622 0.999759
0.473661 0.158594 0.999553
0.499603 0.149836 0.999601
0.523654 0.142382 0.999603
0.411245 0.179576 0.999497
0.394575 0.184813 0.999491
0.37912 0.190303 0.999477
0.571781 0.15604 0.999719
0.383792 0.204856 0.999618
0.500423 0.309753 0.999847
0.423276 0.333039 0.999807
0.761529 0.518031 0.999471
0.324947 0.542085 0.999527
0.89065 0.938672 0.586088
0.102007 0.896501 0.619296
1.00957 1.34191 0.0940799
-0.166718 1.13267 0.2657
1.06758 1.45883 0.101535
-0.264399 1.26798 0.243888
1.02653 1.4649 0.160598
-0.238428 1.26974 0.336899
0.994603 1.42994 0.173034
-0.192456 1.25521 0.381432
0.7067 1.44446 0.00204515
0.386022 1.44101 0.00230741
0.685263 2.19577 0.00112485
0.369687 2.18927 0.00111198
0.70151 2.88775 0.000117934
0.391859 2.88733 4.23252e-05
0.717154 2.99062 8.35061e-05
0.390749 2.98357 6.26944e-05
0.651795 3.07747 0.00010972
0.432156 3.10087 4.6149e-05
camera1:
0.390415 0.304412 0.997774
0.416037 0.200197 0.997016
0.437788 0.190499 0.997577
0.459348 0.180891 0.997543
0.367689 0.216484 0.995653
0.355245 0.218064 0.995834
0.344609 0.218911 0.99557
0.543816 0.17229 0.998543
0.391998 0.210165 0.997007
0.449123 0.34672 0.999198
0.404158 0.376775 0.998141
0.789011 0.520596 0.998673
0.38513 0.539826 0.99897
0.805587 0.986854 0.563635
0.176573 0.864433 0.513789
0.648292 1.35941 0.240713
-0.0673902 0.96639 0.40594
0.616259 1.47208 0.237537
-0.151505 1.02011 0.369853
0.567079 1.42723 0.312107
-0.145157 1.00639 0.48487
0.572567 1.38293 0.298994
-0.0945762 1.00382 0.523681
0.746292 1.43566 0.00398602
0.446667 1.42769 0.00637571
0.725274 2.15732 0.00179064
0.438396 2.13698 0.00171931
0.735124 2.83297 0.000202563
0.451566 2.83056 4.70865e-05
0.756547 2.91813 0.000162501
0.458122 2.92172 0.000106279
0.655932 3.03539 0.00014065
0.446499 3.04129 5.64716e-05
fused:
-0.196873 -0.46056 2.30417 0.999759
-0.118051 -0.623566 2.27597 0.999553
-0.055656 -0.624194 2.23618 0.999601
0.000601494 -0.62747 2.20985 0.999603
-0.279074 -0.634957 2.40245 0.999497
-0.324609 -0.640944 2.43827 0.999491
-0.368875 -0.648716 2.4801 0.999477
0.138517 -0.719941 2.55446 0.999719
-0.431241 -0.805582 3.07256 0.999618
-0.0487909 -0.350201 2.23796 0.999847
-0.270234 -0.373147 2.62646 0.999807
0.695971 -0.00538063 2.68641 0.999471
-0.83099 -0.0148823 4.08974 0.999527
0.54331 0.44288 1.37259 0.586088
-1.76182 1.06505 3.97018 0.619296
0.390488 0.402501 0.786736 0.240713
-2.80533 1.36732 3.81946 0.40594
0.379937 0.392484 0.701958 0.237537
-3.2647 1.63995 3.86786 0.369853
0.355729 0.392961 0.715244 0.312107
-2.85473 1.47409 3.4961 0.48487
0.353659 0.405346 0.753559 0.298994
-2.92273 1.60664 3.81009 0.523681
0.475967 1.71109 2.68191 0.00398602
-0.585889 2.40087 3.7024 0.00637571
0.338615 4.67606 4.03531 0.00179064
-1.16899 6.27439 5.25213 0.00171931
0.046166 19.1572 11.6614 0.000202563
-2.70617 18.7277 10.8206 4.70865e-05
-0.121058 44.9254 26.388 0.000162501
-4.1893 26.1931 14.8356 0.000106279
-0.545138 19.553 10.7825 0.00014065
-2.21453 16.6337 8.93139 5.64716e-05
