camera0:
0.441224 0.253251 0.999752
0.470147 0.161472 0.999548
0.495467 0.153869 0.999596
0.519277 0.147391 0.999605
0.410837 0.180253 0.999484
0.394496 0.185334 0.999471
0.379351 0.190483 0.999458
0.570863 0.159921 0.999722
0.387103 0.204208 0.999601
0.499357 0.316661 0.99985
0.423624 0.336987 0.999803
0.757307 0.517142 0.999478
0.326398 0.539996 0.999505
0.879806 0.941996 0.578474
0.102418 0.892947 0.616318
0.985696 1.35163 0.0945204
-0.161746 1.14158 0.278596
1.04347 1.47248 0.103897
-0.257863 1.21122 0.25611
1.0035 1.48008 0.163281
-0.235481 1.21426 0.349883
0.972257 1.44068 0.175089
-0.191282 1.20152 0.39436
0.706166 1.44525 0.00203347
0.385782 1.44055 0.00230987
0.68295 2.19869 0.00117179
0.370758 2.1894 0.00121879
0.701966 2.89725 0.000125257
0.390526 2.89508 4.6086e-05
0.720133 2.99945 8.62199e-05
0.388657 2.99183 6.73639e-05
0.646025 3.0837 0.000106098
0.428638 3.10683 4.71946e-05
camera1:
0.397153 0.266405 0.997525
0.422647 0.176179 0.996593
0.445946 0.165463 0.997266
0.468503 0.154275 0.997171
0.369169 0.194257 0.995028
0.355865 0.196921 0.995324
0.343929 0.199096 0.994905
0.554231 0.150574 0.998327
0.387627 0.20011 0.99656
0.456838 0.319473 0.9991
0.408265 0.347662 0.997861
0.790718 0.523375 0.998499
0.382742 0.539385 0.998871
0.804269 0.98662 0.505303
0.17589 0.863969 0.478392
0.514199 1.29772 0.211031
-0.0644618 0.950903 0.34176
0.472901 1.40534 0.207844
-0.163693 0.983545 0.307111
0.429106 1.35294 0.277403
-0.1588 0.974344 0.427796
0.442223 1.31053 0.260722
-0.109687 0.972739 0.465781
0.749787 1.44109 0.00239961
0.4472 1.43215 0.0037993
0.724367 2.16874 0.00182088
0.437221 2.14832 0.00162465
0.737054 2.84313 0.000219695
0.453764 2.84325 4.40365e-05
0.762043 2.9341 0.000165528
0.462043 2.94243 0.000114814
0.646498 3.04147 0.000141614
0.436684 3.05045 5.9857e-05
fused:
-0.190513 -0.496215 2.32379 0.999752
-0.122129 -0.66127 2.33694 0.999548
-0.0590532 -0.666702 2.31266 0.999596
-0.000457473 -0.672392 2.29155 0.999605
-0.272123 -0.650128 2.38513 0.999484
-0.315366 -0.652182 2.40934 0.999471
-0.356422 -0.65461 2.43463 0.999458
0.150137 -0.76643 2.64755 0.999722
-0.395951 -0.772542 2.91063 0.999601
-0.0447183 -0.376328 2.28187 0.99985
-0.261459 -0.398848 2.62488 0.999803
0.712608 -0.0049985 2.80108 0.999478
-0.800249 -0.017631 3.96648 0.999505
0.546564 0.462272 1.42243 0.578474
-1.74555 1.05899 3.9372 0.616318
0.332444 0.339723 0.709043 0.211031
-2.78746 1.42355 3.82013 0.34176
0.328285 0.33722 0.640051 0.207844
-2.83883 1.4092 3.40142 0.307111
0.306929 0.33695 0.652145 0.277403
-2.53939 1.27642 3.13145 0.427796
0.304202 0.348793 0.685424 0.260722
-2.57743 1.37267 3.376 0.465781
0.491097 1.79643 2.71539 0.00239961
-0.576338 2.44995 3.69172 0.0037993
0.335384 4.68451 4.01527 0.00182088
-1.08189 6.04951 5.00517 0.00162465
0.0308933 20.2025 12.2532 0.000219695
-2.82189 20.5833 11.7264 4.6086e-05
-0.0218878 48.6059 28.3767 0.000165528
-4.38459 27.6753 15.5658 0.000114814
-0.602515 18.2196 10.048 0.000141614
-2.04872 14.9834 8.04407 5.9857e-05
