camera0:
0.4664 0.251293 0.999736
0.496401 0.15979 0.999531
0.521868 0.151869 0.999571
0.545554 0.145136 0.999596
0.432275 0.178211 0.999461
0.413595 0.182937 0.999429
0.39327 0.186763 0.99943
0.587087 0.157136 0.999711
0.386705 0.198925 0.999567
0.515225 0.313226 0.999851
0.438503 0.332134 0.999801
0.759225 0.511588 0.999477
0.320091 0.532996 0.999445
0.879408 0.949324 0.584111
0.111522 0.894133 0.616979
0.965808 1.35044 0.100108
-0.16715 1.08292 0.285236
1.01632 1.47318 0.111535
-0.2468 1.16086 0.26415
0.974481 1.47328 0.173567
-0.232438 1.15289 0.356963
0.943053 1.43656 0.184905
-0.184516 1.14725 0.400271
0.70378 1.43852 0.00211617
0.380662 1.43922 0.00231879
0.684656 2.20099 0.0013425
0.374633 2.19923 0.0014329
0.700627 2.91373 0.00014525
0.391999 2.9158 5.40366e-05
0.714614 3.0132 9.89629e-05
0.389767 3.01283 7.89128e-05
0.655468 3.11096 0.000113447
0.42598 3.12908 5.34191e-05
camera1:
0.392443 0.28483 0.996952
0.419256 0.183457 0.9958
0.437833 0.177304 0.996625
0.462949 0.168989 0.996507
0.371669 0.193647 0.993832
0.35977 0.192842 0.994243
0.348881 0.191401 0.993753
0.54176 0.15986 0.997915
0.388736 0.188578 0.995846
0.449094 0.333299 0.998902
0.404598 0.356325 0.997404
0.790016 0.520695 0.998235
0.369677 0.528175 0.998824
0.839099 0.981148 0.406944
0.176733 0.864033 0.441434
0.692861 1.40007 0.1159
-0.0789682 0.999693 0.291443
0.664692 1.52254 0.125701
-0.162944 1.05925 0.260733
0.61294 1.48892 0.184944
-0.157511 1.05397 0.383289
0.614431 1.43562 0.17133
-0.113621 1.04467 0.420561
0.737581 1.45091 0.00128316
0.418316 1.43296 0.00217643
0.697047 2.19389 0.00138934
0.413358 2.16541 0.00110274
0.708729 2.8874 0.000207798
0.426217 2.87144 3.25336e-05
0.727813 2.98442 0.000145278
0.432256 2.97083 9.81762e-05
0.629652 3.08751 0.000128539
0.415688 3.0776 5.47616e-05
fused:
-0.120211 -0.420358 2.06616 0.999736
-0.0551689 -0.571821 2.06836 0.999531
-0.00117738 -0.563385 2.01488 0.999571
0.049016 -0.574334 2.02261 0.999596
-0.20268 -0.594619 2.19671 0.999461
-0.249886 -0.609234 2.25004 0.999429
-0.30702 -0.634083 2.33344 0.99943
0.164742 -0.654993 2.31267 0.999711
-0.396675 -0.795369 2.92301 0.999567
-0.0102878 -0.328638 2.07594 0.999851
-0.205886 -0.35801 2.4106 0.999801
0.707659 -0.0127321 2.76261 0.999477
-0.78062 -0.043313 3.74963 0.999445
0.607336 0.522336 1.58266 0.584111
-1.61137 1.01256 3.7154 0.616979
0.412189 0.514411 0.905469 0.1159
-2.56446 1.35626 3.49657 0.291443
0.398195 0.507928 0.806118 0.125701
-2.58932 1.40772 3.15822 0.26415
0.368549 0.512447 0.81935 0.184944
-2.44272 1.31801 3.03591 0.383289
0.366407 0.532459 0.866988 0.184905
-2.34226 1.33374 3.10835 0.420561
0.469964 1.74962 2.5122 0.00211617
-0.493039 2.13967 3.1257 0.00231879
0.31955 3.84913 3.19757 0.00138934
-0.7788 5.01382 3.98625 0.0014329
0.0752191 12.4748 7.42528 0.000207798
-1.77114 15.5082 8.51884 5.40366e-05
0.0825961 18.1729 10.3874 0.000145278
-2.5113 16.8147 9.27312 9.81762e-05
-0.32368 13.6578 7.38437 0.000128539
-1.71446 13.2733 6.98165 5.47616e-05
