camera0:
0.441521 0.250031 0.999751
0.470345 0.15895 0.999539
0.495669 0.150171 0.999589
0.519415 0.142506 0.999592
0.410512 0.179634 0.999476
0.394104 0.18486 0.99947
0.378835 0.190295 0.999453
0.569892 0.15601 0.999711
0.38382 0.204799 0.9996
0.500206 0.310057 0.999843
0.423492 0.333169 0.999798
0.760601 0.516861 0.999466
0.324841 0.542615 0.999508
0.887328 0.936322 0.581145
0.102027 0.896441 0.612874
1.01105 1.34709 0.0971383
-0.166496 1.13573 0.269804
1.07573 1.46161 0.105099
-0.267056 1.25066 0.248208
1.03634 1.47108 0.16571
-0.24524 1.25155 0.342043
1.00075 1.43685 0.178325
-0.200193 1.23841 0.386744
0.707188 1.44507 0.00202825
0.385794 1.44097 0.00227901
0.683966 2.19585 0.00110286
0.367549 2.18942 0.00110563
0.699576 2.88722 0.000118855
0.386242 2.88743 4.23232e-05
0.715261 2.99027 8.33816e-05
0.384684 2.98347 6.2558e-05
0.650248 3.07456 0.000108038
0.426151 3.10057 4.6083e-05
camera1:
0.391477 0.288774 0.997801
0.419365 0.190355 0.997005
0.442093 0.180626 0.997584
0.464583 0.170735 0.997524
0.367809 0.205194 0.995645
0.355069 0.206423 0.995862
0.343563 0.207187 0.995538
0.548931 0.162954 0.99853
0.38959 0.203178 0.996967
0.450667 0.336406 0.999191
0.40419 0.366874 0.998101
0.789037 0.520062 0.998626
0.384662 0.539886 0.998946
0.80537 0.986848 0.549896
0.177642 0.866236 0.505024
0.653625 1.35265 0.236055
-0.0697615 0.966406 0.391208
0.622639 1.46736 0.231988
-0.163029 1.00847 0.356171
0.576182 1.42774 0.305543
-0.15942 0.996944 0.47283
0.578283 1.38205 0.291533
-0.107969 0.995016 0.511181
0.745918 1.43636 0.0033749
0.446734 1.42943 0.00545617
0.724072 2.1621 0.00180767
0.435799 2.14256 0.00175003
0.735691 2.84027 0.000202892
0.451516 2.84144 4.66066e-05
0.758995 2.92881 0.000156834
0.458414 2.93802 0.000108341
0.654467 3.04059 0.000140822
0.441263 3.0493 5.72468e-05
fused:
-0.19375 -0.472978 2.298 0.999751
-0.125835 -0.648285 2.32898 0.999539
-0.0636201 -0.653707 2.30391 0.999589
-0.00616352 -0.661209 2.28875 0.999592
-0.276894 -0.642896 2.39311 0.999476
-0.320601 -0.647322 2.42177 0.99947
-0.362243 -0.651733 2.4506 0.999453
0.140885 -0.752426 2.62955 0.999711
-0.419993 -0.796004 3.00785 0.9996
-0.0471943 -0.359901 2.24291 0.999843
-0.265608 -0.380385 2.60872 0.999798
0.698308 -0.00739794 2.70614 0.999466
-0.828447 -0.0138314 4.07541 0.999508
0.544611 0.447193 1.3881 0.581145
-1.77657 1.07732 4.00347 0.612874
0.393381 0.403625 0.791449 0.236055
-2.75841 1.36366 3.75589 0.391208
0.383572 0.389569 0.698601 0.231988
-3.05065 1.50983 3.60569 0.356171
0.360886 0.392746 0.712448 0.305543
-2.70949 1.36989 3.29254 0.47283
0.3572 0.406601 0.752403 0.291533
-2.79689 1.50402 3.61108 0.511181
0.476339 1.71478 2.66426 0.0033749
-0.584549 2.41402 3.70128 0.00545617
0.330595 4.63456 3.99851 0.00180767
-1.1567 6.16514 5.15532 0.00175003
0.0527769 18.9462 11.5057 0.000202892
-2.76809 19.0791 10.9836 4.66066e-05
-0.0456339 45.453 26.5772 0.000156834
-4.14055 25.8331 14.5718 0.000108341
-0.514571 18.2041 10.0465 0.000140822
-2.14486 15.82 8.48724 5.72468e-05
