camera0:
0.590488 0.427915 0.999015
0.617745 0.332079 0.998362
0.637661 0.326394 0.998254
0.655622 0.321787 0.998067
0.54472 0.339013 0.998651
0.518518 0.336647 0.998678
0.496733 0.33205 0.99869
0.679974 0.303001 0.998548
0.465876 0.311631 0.999362
0.623864 0.485891 0.999597
0.543109 0.48561 0.999727
0.817359 0.587899 0.999345
0.360295 0.558355 0.999705
0.91021 0.98669 0.645841
0.135088 0.882804 0.780452
0.990307 1.40827 0.118131
-0.102733 1.1067 0.389051
1.0299 1.51691 0.0999225
-0.196855 1.14433 0.306042
0.998428 1.51656 0.152422
-0.175242 1.134 0.39355
0.966196 1.48493 0.16931
-0.120453 1.11725 0.43122
0.715547 1.37358 0.00320956
0.402692 1.34581 0.0035139
0.669778 2.1127 0.00148105
0.367138 2.0886 0.000906475
0.655589 2.78585 0.00020103
0.369596 2.76829 4.43162e-05
0.664386 2.87491 0.000143274
0.365112 2.85082 9.43982e-05
0.596709 2.99434 0.000118837
0.407497 2.99939 5.72225e-05
camera1:
0.511733 0.396736 0.998325
0.544928 0.288837 0.997826
0.57101 0.277092 0.998077
0.596326 0.267339 0.998037
0.475964 0.313921 0.997339
0.452995 0.318799 0.997291
0.430757 0.321781 0.997104
0.64099 0.259273 0.998854
0.424663 0.309909 0.998237
0.565398 0.453211 0.999487
0.490077 0.47556 0.999119
0.81819 0.554093 0.999205
0.397122 0.55513 0.999478
0.781003 0.976451 0.607174
0.176983 0.85809 0.687425
0.772881 1.32108 0.257478
-0.0683612 0.932605 0.607945
0.776463 1.43442 0.248844
-0.173818 0.958599 0.552652
0.740377 1.40294 0.326431
-0.154774 0.953351 0.636575
0.726363 1.3637 0.340021
-0.0985951 0.958762 0.686177
0.757808 1.40639 0.0152504
0.470048 1.38955 0.0189734
0.735952 2.11434 0.00295753
0.450448 2.096 0.00162533
0.731432 2.7711 0.00027413
0.458144 2.77496 5.31328e-05
0.744903 2.84827 0.000278166
0.454393 2.85584 0.000102808
0.673435 2.97953 0.00011591
0.485346 2.99635 4.20955e-05
fused:
0.146616 -0.157714 1.84888 0.999015
0.206648 -0.306276 1.89845 0.998362
0.251247 -0.321834 1.92529 0.998254
0.294526 -0.33768 1.96297 0.998067
0.0603094 -0.305409 1.98537 0.998651
0.00438605 -0.313943 2.0306 0.998678
-0.0439688 -0.319776 2.04426 0.99869
0.373275 -0.389333 2.13523 0.998854
-0.125227 -0.397004 2.30167 0.999362
0.223924 -0.0811726 1.94573 0.999597
0.057951 -0.0769688 2.06731 0.999727
0.683502 0.0846856 2.1309 0.999345
-0.565667 0.0366335 3.41121 0.999705
0.504311 0.404206 1.21406 0.645841
-1.30778 0.824389 3.20256 0.780452
0.470907 0.522379 1.00795 0.257478
-1.79754 0.88783 2.70293 0.607945
0.466377 0.540796 0.945665 0.248844
-1.83902 0.815749 2.39991 0.552652
0.443392 0.543623 0.962591 0.326431
-1.79186 0.827588 2.41101 0.636575
0.434953 0.554081 1.00684 0.340021
-1.72167 0.864784 2.51494 0.686177
0.50033 1.55855 2.59122 0.0152504
-0.483938 2.24058 3.66206 0.0189734
0.351577 4.73571 4.25208 0.00295753
-1.03199 5.65609 4.93994 0.00162533
0.0299 23.4914 14.5053 0.00027413
-2.26208 15.1344 9.09064 5.31328e-05
-0.49164 45.3549 27.4067 0.000278166
-2.70253 18.3407 10.5774 0.000102808
-2.55785 89.8001 49.4448 0.000118837
-3.30012 30.3229 16.1737 5.72225e-05
