camera0:
0.419495 0.596779 0.999598
0.456833 0.51159 0.999274
0.480266 0.508914 0.999261
0.500068 0.506873 0.999159
0.38792 0.511385 0.999404
0.368979 0.509352 0.999444
0.35161 0.506515 0.999435
0.532558 0.505805 0.999342
0.339714 0.500425 0.999698
0.466514 0.661299 0.999752
0.380625 0.661948 0.999827
0.675221 0.814429 0.998908
0.226269 0.754572 0.999552
0.768743 1.22655 0.334819
0.0744765 1.05172 0.49279
0.732798 1.55827 0.0585874
0.030575 1.37445 0.198968
0.752213 1.67547 0.054364
0.000290563 1.45831 0.173959
0.706109 1.66763 0.0842576
0.0408066 1.44512 0.23234
0.688473 1.62155 0.0933018
0.0612659 1.41729 0.245355
0.55905 1.57439 0.00166371
0.257942 1.54555 0.00178733
0.525939 2.21624 0.000614318
0.230472 2.1817 0.000355707
0.50327 2.80899 7.50012e-05
0.217792 2.78219 1.69345e-05
0.510021 2.89974 5.72009e-05
0.208654 2.87623 3.4454e-05
0.43869 2.99873 6.07485e-05
0.25571 2.97328 3.14299e-05
camera1:
0.479551 0.567849 0.999188
0.505485 0.466901 0.998849
0.52793 0.460739 0.998933
0.551609 0.45592 0.998902
0.457026 0.478938 0.998603
0.442097 0.48016 0.998549
0.428023 0.480696 0.998448
0.627262 0.453132 0.999312
0.46059 0.471736 0.999011
0.537077 0.630323 0.999705
0.473993 0.64234 0.999523
0.841169 0.796531 0.998491
0.422238 0.710912 0.999246
0.949023 1.24776 0.394576
0.223739 0.955694 0.619974
0.893524 1.59609 0.140639
0.00974632 1.01365 0.563988
0.900402 1.7118 0.145581
-0.0767951 1.07303 0.496854
0.859285 1.68672 0.2097
-0.0569325 1.05351 0.591406
0.843121 1.6441 0.224729
0.00299459 0.996474 0.631762
0.753221 1.57867 0.00750133
0.446843 1.54463 0.00945491
0.696058 2.26509 0.00135939
0.401337 2.22482 0.000691455
0.676084 2.89615 0.000120522
0.385175 2.87433 1.88957e-05
0.692481 2.97848 0.000107301
0.384938 2.96037 3.77399e-05
0.594352 3.09235 4.57239e-05
0.393062 3.07885 1.93395e-05
fused:
-0.404994 0.125936 3.98491 0.999598
-0.218898 -0.14319 3.64386 0.999274
-0.125312 -0.150105 3.58943 0.999261
-0.0500004 -0.161196 3.67046 0.999159
-0.589834 -0.167448 4.40251 0.999404
-0.70689 -0.179517 4.58222 0.999444
-0.819208 -0.193405 4.73822 0.999435
0.117514 -0.253953 5.48496 0.999342
-1.59063 -0.422807 8.60299 0.999698
-0.221585 0.347938 4.24848 0.999752
-0.793266 0.4644 5.50705 0.999827
2.48094 3.06399 14.7677 0.998908
11.0379 -5.15432 -35.7555 0.999552
2.49357 5.04703 9.59376 0.394576
-4.65269 3.37659 9.78094 0.619974
1.4734 5.41858 7.19574 0.140639
-1.23316 0.857701 2.31459 0.563988
1.31418 5.05976 6.11764 0.145581
-1.07757 0.781764 1.88373 0.496854
1.26212 6.20382 7.56991 0.2097
-0.939723 0.725123 1.77981 0.591406
1.18287 6.13167 7.74292 0.224729
-1.01559 0.745172 2.02561 0.631762
1.8577 70.4989 92.8538 0.00750133
-20.9948 54.0716 71.6699 0.00945491
-0.980139 25.5876 20.4508 0.00135939
-4.91919 18.4027 14.5732 0.000691455
38.6228 -611.35 -357.886 0.000120522
-5.6128 26.7849 15.3706 1.88957e-05
2.96354 -45.5371 -25.7738 0.000107301
-9.81956 46.9359 25.8762 3.77399e-05
-61.0488 766.345 402.931 6.07485e-05
-3.79644 22.7938 11.9243 3.14299e-05
