camera0:
0.471039 0.805157 0.992802
0.507199 0.723256 0.991614
0.529093 0.722975 0.992635
0.548993 0.723446 0.991757
0.432801 0.721613 0.991546
0.406303 0.72096 0.991638
0.384661 0.720763 0.990784
0.586414 0.728716 0.992932
0.359937 0.722777 0.993086
0.510873 0.873241 0.982948
0.426041 0.875311 0.978644
0.718937 1.00777 0.859349
0.249725 0.984739 0.824751
0.796581 1.42276 0.167932
0.169404 1.41622 0.16009
0.741628 1.70331 0.0841301
0.216422 1.69273 0.0619212
0.755344 1.81517 0.111305
0.206366 1.80841 0.0792674
0.718787 1.8032 0.137901
0.245782 1.79066 0.10447
0.705916 1.75525 0.126987
0.256033 1.7413 0.0988815
0.61891 1.81618 0.00206092
0.290464 1.79142 0.00230458
0.597941 2.49372 0.00737023
0.308555 2.45484 0.00726477
0.589926 3.0915 0.000821182
0.31144 3.06282 0.000425597
0.595831 3.19198 0.000835935
0.304281 3.16704 0.000394798
0.523098 3.29063 0.00195625
0.365083 3.24826 0.00107322
camera1:
0.390731 0.755199 0.963665
0.417846 0.654719 0.961486
0.44248 0.64487 0.959601
0.468789 0.635941 0.961498
0.354779 0.665115 0.963049
0.333719 0.664092 0.961734
0.313299 0.665259 0.966285
0.528016 0.629655 0.964562
0.310705 0.66863 0.969864
0.446999 0.809058 0.975943
0.374243 0.820307 0.977668
0.743328 0.927959 0.968003
0.232917 0.995265 0.982311
0.850054 1.34335 0.198056
0.170482 1.43395 0.409483
0.805182 1.74375 0.0526194
0.185236 1.81332 0.278416
0.824893 1.88471 0.0575782
0.159889 1.96053 0.243454
0.781011 1.88843 0.0882642
0.202411 1.94511 0.31423
0.764409 1.83861 0.0908626
0.224125 1.89044 0.332296
0.694224 1.80324 0.00153559
0.361428 1.82694 0.00193627
0.713062 2.52435 0.00164446
0.387475 2.52924 0.000804312
0.746984 3.17223 0.000163786
0.434289 3.1724 4.28015e-05
0.767337 3.26888 9.15498e-05
0.439684 3.27172 8.3267e-05
0.682284 3.39108 0.000129415
0.49431 3.39791 0.000183247
fused:
-0.0884046 0.339464 1.81448 0.992802
-0.0147035 0.209088 1.74654 0.991614
0.0267575 0.203514 1.74806 0.992635
0.0654495 0.200898 1.77145 0.991757
-0.163306 0.22478 1.85372 0.991546
-0.220862 0.228012 1.89923 0.991638
-0.266725 0.229199 1.91385 0.990784
0.145499 0.213189 1.88171 0.992932
-0.346426 0.252808 2.09015 0.993086
-0.0133366 0.438578 1.89351 0.982948
-0.198449 0.479576 2.03226 0.978644
0.516272 0.778407 2.44251 0.968003
-0.681864 0.807951 2.37161 0.982311
0.75392 1.69334 2.77972 0.198056
-0.965899 1.65184 2.52225 0.409483
0.638025 2.62486 2.92425 0.0841301
-0.693603 1.89365 2.09128 0.278416
0.693542 2.95445 2.96455 0.111305
-0.666103 1.95573 1.94852 0.243454
0.554073 2.81297 2.86688 0.137901
-0.590355 1.94645 1.96787 0.31423
0.505833 2.64496 2.81244 0.126987
-0.589589 1.95273 2.04959 0.332296
0.313255 3.85589 3.98914 0.00206092
-0.985883 3.73915 3.83267 0.00230458
0.830938 17.7583 11.3635 0.00737023
-1.05426 7.22484 4.67808 0.00726477
-0.615136 -20.4668 -10.0277 0.000821182
-3.49989 31.844 15.6886 0.000425597
-0.474517 -13.1112 -6.15295 0.000835935
-9.27345 81.7517 38.8514 0.000394798
-0.0226012 -17.1504 -7.75086 0.00195625
-6.504 82.3644 37.9153 0.00107322
