camera0:
0.45409 0.670141 0.999389
0.487846 0.582299 0.998922
0.508271 0.58164 0.998844
0.52614 0.581716 0.998739
0.419877 0.582307 0.999132
0.397922 0.58168 0.999152
0.378095 0.581338 0.999177
0.542862 0.584712 0.998987
0.351976 0.585289 0.99956
0.488617 0.730742 0.99968
0.408902 0.732596 0.999784
0.684766 0.881673 0.998981
0.220088 0.855189 0.999579
0.769427 1.24641 0.528301
0.11252 1.11144 0.664918
0.736725 1.61328 0.0950772
0.128331 1.52842 0.307813
0.755766 1.73267 0.0823572
0.108448 1.62258 0.250934
0.719331 1.73548 0.125396
0.139303 1.60643 0.325173
0.700071 1.6906 0.139956
0.157761 1.57183 0.349172
0.580553 1.63516 0.00239966
0.269108 1.61738 0.00259708
0.548387 2.30399 0.000914182
0.257462 2.28016 0.000525618
0.527821 2.92656 0.000118839
0.235464 2.90192 2.62189e-05
0.532073 3.01858 8.75287e-05
0.219636 2.99736 5.40231e-05
0.469005 3.12521 8.31109e-05
0.284342 3.0973 4.28147e-05
camera1:
0.499956 0.512541 0.998882
0.531854 0.417245 0.998497
0.558849 0.412085 0.998622
0.58626 0.408575 0.998618
0.469865 0.429106 0.998179
0.448688 0.431421 0.998081
0.427048 0.434125 0.997986
0.642676 0.424221 0.999137
0.419231 0.445985 0.998732
0.543976 0.574641 0.99963
0.474134 0.585322 0.999433
0.805776 0.740392 0.998641
0.345857 0.720969 0.99926
0.903313 1.17599 0.530777
0.123708 0.945705 0.698672
0.86381 1.54145 0.204179
-0.0243977 0.947773 0.629619
0.875139 1.67048 0.204782
-0.0911298 0.953589 0.559146
0.831845 1.65283 0.282775
-0.0672495 0.926928 0.646755
0.814071 1.60976 0.299297
-0.00305226 0.926278 0.693558
0.728717 1.56625 0.013169
0.409198 1.5592 0.0163471
0.684535 2.26084 0.0021621
0.383655 2.2557 0.00113655
0.683352 2.88025 0.000186145
0.393325 2.87783 3.16389e-05
0.692565 2.96682 0.000174331
0.384588 2.95784 6.18828e-05
0.627918 3.07704 7.09115e-05
0.426325 3.0884 2.75142e-05
fused:
-0.191682 0.128978 3.28718 0.999389
-0.0608824 -0.0961282 3.19008 0.998922
0.0104214 -0.105432 3.29926 0.998844
0.0790192 -0.115532 3.49554 0.998739
-0.315714 -0.0952927 3.41288 0.999132
-0.400534 -0.0964536 3.44911 0.999152
-0.469853 -0.094224 3.41696 0.999177
0.198496 -0.134557 5.01395 0.999137
-0.656046 -0.0902503 3.95354 0.99956
-0.0815022 0.302485 3.48243 0.99968
-0.422253 0.348846 3.87315 0.999784
0.986413 1.14699 5.47264 0.998981
-2.38389 1.428 7.57382 0.999579
1.36579 2.70288 5.3388 0.530777
-1.18547 1.00305 2.71229 0.698672
1.1923 4.54741 6.24471 0.204179
-0.672538 0.572692 1.5484 0.629619
1.16441 4.74025 5.86037 0.204782
-0.633165 0.511464 1.3807 0.559146
0.956362 4.82434 5.98866 0.282775
-0.580098 0.503479 1.36417 0.646755
0.873922 4.68952 6.01891 0.299297
-0.617018 0.559446 1.52673 0.693558
0.334667 9.31538 12.5109 0.013169
-3.11517 8.0627 10.6187 0.0163471
-1.28453 27.7378 22.071 0.0021621
-3.2154 12.2888 9.56306 0.00113655
1.42471 -19.2591 -11.0566 0.000186145
47.0769 -219.541 -122.879 3.16389e-05
1.23303 -15.302 -8.52793 0.000174331
10.9245 -50.242 -26.9998 6.18828e-05
1.21686 -14.6772 -7.50712 8.31109e-05
11.9275 -75.8007 -38.2251 4.28147e-05
