camera0:
0.463605 0.823266 0.988699
0.49968 0.734275 0.987382
0.520653 0.7335 0.988777
0.540412 0.733443 0.987625
0.430147 0.733639 0.987213
0.406424 0.732232 0.98717
0.384298 0.731554 0.9859
0.572383 0.74413 0.989118
0.346641 0.743868 0.989242
0.498567 0.894511 0.972042
0.422423 0.897471 0.964629
0.712482 1.02197 0.766891
0.225108 0.997876 0.706066
0.80651 1.34294 0.219549
0.143743 1.32897 0.18302
0.734129 1.48096 0.132961
0.194801 1.41968 0.090344
0.732311 1.54394 0.176219
0.200183 1.46573 0.114771
0.70909 1.48611 0.214311
0.193692 1.42002 0.145739
0.699462 1.4551 0.196816
0.20342 1.39819 0.137443
0.5898 1.86336 0.00297415
0.287476 1.85209 0.00344199
0.540217 2.3927 0.0105979
0.255132 2.37358 0.0113116
0.564956 3.07188 0.00128938
0.349647 3.04729 0.000677363
0.569968 3.1749 0.00133002
0.353964 3.13526 0.000580151
0.535807 3.26754 0.00317888
0.376965 3.25693 0.00162104
camera1:
0.585782 0.428163 0.939021
0.619415 0.321396 0.935553
0.647645 0.316079 0.932212
0.67664 0.312263 0.935506
0.551001 0.335089 0.93846
0.527075 0.338418 0.936194
0.503833 0.341546 0.944124
0.735153 0.322338 0.94045
0.485489 0.344453 0.949856
0.634395 0.501314 0.959619
0.554001 0.518464 0.963059
0.903242 0.709155 0.948524
0.406917 0.636529 0.981288
0.934258 1.15783 0.191951
0.0995109 0.915696 0.478881
0.953808 1.63606 0.0583929
-0.0831712 1.0324 0.381934
0.971148 1.77825 0.0660356
-0.154091 1.07539 0.333544
0.918586 1.76491 0.0988479
-0.0987764 1.06673 0.42055
0.903246 1.70655 0.103862
-0.0783746 1.06887 0.444635
0.785758 1.59562 0.00187989
0.445862 1.55609 0.00246498
0.751047 2.33976 0.00191853
0.422269 2.31642 0.000915562
0.743327 3.01235 0.000149963
0.428388 2.99826 4.70705e-05
0.758547 3.10907 8.99051e-05
0.424013 3.09132 7.62814e-05
0.662587 3.23489 0.000123303
0.454517 3.23553 0.000116862
fused:
-0.227475 0.412426 5.74597 0.988699
0.0350558 -0.0111223 4.93712 0.987382
0.15694 -0.017601 5.23446 0.988777
0.295632 -0.0306673 5.70258 0.987625
-0.367311 0.00363877 5.32176 0.987213
-0.51215 0.00715988 5.39257 0.98717
-0.636666 0.000948087 5.36539 0.9859
0.71307 0.0179767 8.31575 0.989118
-1.10099 0.03446 6.92422 0.989242
-0.0434843 0.872294 7.20588 0.972042
-0.641853 0.916455 7.24603 0.964629
5.84069 6.04088 27.4408 0.948524
-10.7116 5.64363 35.6895 0.981288
1.57168 2.99246 5.48924 0.219549
-0.857295 0.646697 2.12215 0.478881
3.04848 10.2125 13.2601 0.132961
-0.413308 0.409982 1.15257 0.381934
3.02785 10.8693 13.1294 0.176219
-0.367194 0.406023 1.02094 0.333544
1.42365 5.39343 6.80461 0.214311
-0.411426 0.444048 1.13026 0.42055
1.41847 5.48293 7.13628 0.196816
-0.405106 0.445959 1.14979 0.444635
-0.27335 -7.36919 -7.55918 0.00297415
6.78922 -22.8885 -24.0043 0.00344199
-0.149382 -13.1618 -8.84338 0.0105979
-48.465 254.805 172.11 0.0113116
-0.179501 -8.39021 -4.12521 0.00128938
99.8776 -1108.51 -549.306 0.000677363
-0.174527 -7.04888 -3.32511 0.00133002
19.2186 -219.753 -105.501 0.000580151
-0.0861929 -10.8294 -4.93322 0.00317888
3.06973 -43.7773 -20.0341 0.00162104
