camera0:
0.590667 0.32392 0.999281
0.629663 0.221984 0.998791
0.653153 0.220929 0.998666
0.674071 0.220499 0.99857
0.548838 0.221246 0.999019
0.520786 0.220522 0.999022
0.49962 0.220469 0.999064
0.717082 0.227955 0.998882
0.476038 0.226266 0.999528
0.630208 0.403546 0.999702
0.53971 0.408587 0.999805
0.833245 0.560647 0.999316
0.384614 0.500435 0.999743
0.99362 0.941207 0.663038
0.158729 0.862594 0.775446
1.05899 1.43334 0.123223
0.0312639 1.25419 0.385554
1.10804 1.55921 0.104058
-0.0182992 1.35401 0.308201
1.05284 1.56416 0.157419
0.0322818 1.34378 0.394831
1.01894 1.52516 0.176398
0.0628817 1.32116 0.428082
0.711994 1.37675 0.00307854
0.390495 1.33307 0.00334833
0.66776 2.10849 0.00114931
0.361585 2.07313 0.000664625
0.628871 2.75125 0.000148329
0.333255 2.72388 3.29766e-05
0.633364 2.84238 0.00010508
0.320924 2.81219 6.7606e-05
0.564716 2.96498 9.27339e-05
0.371038 2.95826 4.62272e-05
camera1:
0.513118 0.311191 0.998784
0.543413 0.211212 0.998395
0.570924 0.202327 0.998562
0.596215 0.194146 0.99858
0.476502 0.22969 0.998025
0.458298 0.233943 0.997906
0.43976 0.238577 0.997784
0.647542 0.202486 0.999149
0.45042 0.245049 0.998579
0.575184 0.373735 0.999636
0.492071 0.399946 0.999367
0.836062 0.55416 0.999247
0.412368 0.508835 0.999513
0.93142 0.975475 0.631522
0.149534 0.795713 0.722512
0.948639 1.44052 0.242027
-0.0346275 0.859439 0.6638
0.978113 1.56521 0.237514
-0.0998816 0.862172 0.595333
0.925603 1.55004 0.320848
-0.0727407 0.850238 0.676312
0.902337 1.50547 0.340552
-0.0295722 0.868627 0.722618
0.746535 1.40111 0.0175558
0.447192 1.37042 0.0218477
0.711724 2.1166 0.00255468
0.416978 2.09081 0.00141665
0.698357 2.77205 0.000223537
0.41756 2.75927 3.99873e-05
0.712123 2.85287 0.000217549
0.416523 2.84294 7.76557e-05
0.630478 2.97029 8.49113e-05
0.432639 2.97778 3.1255e-05
fused:
0.147845 -0.301008 1.91391 0.999281
0.219284 -0.434625 1.88037 0.998791
0.268022 -0.440526 1.88628 0.998666
0.312393 -0.446378 1.89447 0.99858
0.0623316 -0.473135 2.04545 0.999019
0.00179531 -0.499399 2.14629 0.999022
-0.0474671 -0.507354 2.18207 0.999064
0.402558 -0.43562 1.91774 0.999149
-0.11722 -0.59546 2.56552 0.999528
0.243321 -0.205743 2.00546 0.999702
0.0520862 -0.206574 2.153 0.999805
0.723833 0.0667851 2.15668 0.999316
-0.458834 -0.0943906 3.26609 0.999743
0.669352 0.422708 1.32457 0.663038
-0.933116 0.545859 2.44132 0.775446
0.626077 0.681199 1.15957 0.242027
-0.993166 0.575551 1.90042 0.6638
0.632315 0.716869 1.10541 0.237514
-1.02727 0.543972 1.78161 0.595333
0.604705 0.766818 1.17357 0.320848
-0.884415 0.529156 1.68842 0.676312
0.594952 0.776447 1.22327 0.340552
-0.872289 0.571268 1.77264 0.722618
0.473432 1.50185 2.51606 0.0175558
-0.498909 2.04903 3.43044 0.0218477
0.281252 3.94374 3.57024 0.00255468
-0.833481 4.35285 3.86073 0.00141665
-0.146025 13.8894 8.68034 0.000223537
-1.86809 11.1523 6.78362 3.99873e-05
-0.468204 21.6346 13.1464 0.000217549
-2.51013 14.7875 8.61935 7.76557e-05
-1.1355 28.675 15.8654 9.27339e-05
-1.96751 15.9478 8.58778 4.62272e-05
