camera0:
0.43775 0.623599 0.999494
0.476329 0.527707 0.999093
0.498475 0.526338 0.999057
0.515629 0.526408 0.998946
0.404171 0.527891 0.999264
0.3829 0.527363 0.9993
0.364819 0.521091 0.999305
0.542055 0.522558 0.999162
0.343563 0.512105 0.999626
0.482124 0.684958 0.999704
0.394021 0.684972 0.999797
0.674333 0.841161 0.998871
0.219554 0.784468 0.999527
0.766938 1.24281 0.414391
0.0785457 1.10673 0.563145
0.739503 1.58373 0.0747754
0.0706125 1.40604 0.249067
0.765662 1.69483 0.067452
0.0491145 1.4914 0.211355
0.722972 1.68608 0.103531
0.0909253 1.45975 0.277629
0.698967 1.64532 0.115124
0.107354 1.4342 0.294675
0.557228 1.5894 0.00199147
0.258959 1.57603 0.00213643
0.529988 2.23617 0.00075621
0.239001 2.20853 0.000434781
0.507954 2.83849 9.46483e-05
0.225441 2.81723 2.0936e-05
0.511774 2.9274 7.14315e-05
0.216121 2.91316 4.30231e-05
0.447 3.03695 7.18124e-05
0.261395 3.00374 3.66988e-05
camera1:
0.471352 0.574815 0.99899
0.497963 0.475785 0.998575
0.519882 0.470094 0.998683
0.544193 0.465071 0.998654
0.44996 0.486085 0.998271
0.435134 0.487574 0.998199
0.419774 0.488682 0.998077
0.61323 0.464746 0.99914
0.433187 0.48071 0.998766
0.522911 0.637003 0.999634
0.46218 0.645865 0.999423
0.811935 0.794859 0.99842
0.394043 0.74027 0.999129
0.93585 1.24034 0.43952
0.162404 0.98505 0.63995
0.907387 1.60033 0.161859
-0.0386867 1.05848 0.544814
0.92633 1.72574 0.163949
-0.108413 1.05694 0.479653
0.880288 1.71624 0.230799
-0.0849168 1.04496 0.56937
0.863125 1.66704 0.244669
-0.0509987 1.06206 0.612216
0.739263 1.61098 0.00978593
0.431107 1.58833 0.0121601
0.69248 2.29777 0.0016703
0.392374 2.27692 0.000860806
0.693406 2.9186 0.000145198
0.396088 2.8987 2.3997e-05
0.711902 3.00727 0.000133186
0.396255 2.9848 4.77082e-05
0.61479 3.11573 5.5781e-05
0.413367 3.10626 2.26263e-05
fused:
-0.261697 0.147612 3.21023 0.999494
-0.117315 -0.0826246 2.98821 0.999093
-0.0456143 -0.0874591 2.95924 0.999057
0.00994684 -0.0956357 3.06904 0.998946
-0.417557 -0.0974212 3.5862 0.999264
-0.525331 -0.104884 3.77613 0.9993
-0.615896 -0.118429 3.87988 0.999305
0.13268 -0.142402 4.21704 0.999162
-0.981021 -0.213604 5.41937 0.999626
-0.115703 0.311585 3.29658 0.999704
-0.541506 0.399955 4.18964 0.999797
1.22409 1.5842 7.31531 0.998871
-14.5907 7.74806 46.119 0.999527
2.07125 4.28451 8.07569 0.43952
-2.029 1.63666 4.28955 0.63995
1.82078 6.67243 8.75865 0.161859
-0.855469 0.72158 1.72669 0.544814
1.65931 6.1357 7.30276 0.163949
-0.792338 0.638506 1.51609 0.479653
1.39426 6.32914 7.53841 0.230799
-0.693146 0.608523 1.45409 0.56937
1.47631 7.35458 9.06365 0.244669
-0.69732 0.646147 1.52079 0.612216
0.431347 17.4657 22.4342 0.00978593
-5.41393 14.5419 18.5625 0.0121601
-0.634295 18.3686 14.4769 0.0016703
-2.93438 11.5672 8.97237 0.000860806
3.08722 -51.2944 -29.6109 0.000145198
-7.52676 36.6461 20.7749 2.3997e-05
1.57464 -25.1683 -14.0401 0.000133186
-19.7725 96.3876 52.4678 4.77082e-05
4.25917 -55.251 -28.6742 7.18124e-05
-5.77334 35.7002 18.4422 3.66988e-05
