camera0:
0.403381 0.866572 0.987217
0.44584 0.784996 0.98558
0.47205 0.788016 0.987234
0.49266 0.791475 0.985779
0.372859 0.780093 0.985467
0.351867 0.77904 0.985578
0.331484 0.778944 0.984054
0.518659 0.820343 0.987426
0.316672 0.805067 0.988054
0.450273 0.941575 0.967558
0.357835 0.936876 0.958775
0.690846 1.07374 0.734036
0.204622 1.02907 0.661758
0.834415 1.29087 0.220179
0.0843219 1.24006 0.205683
0.726097 1.07829 0.134479
0.230998 1.00438 0.100813
0.723731 1.01629 0.178632
0.268879 0.927003 0.122737
0.695608 0.985981 0.215604
0.274049 0.914658 0.154364
0.687904 1.00783 0.198784
0.265721 0.940697 0.146124
0.580485 2.09932 0.0033216
0.278381 2.06875 0.00390909
0.580755 1.81441 0.00876856
0.063904 1.86882 0.00932299
0.591014 2.30822 0.00107211
0.279734 2.11094 0.000560813
0.587967 2.44102 0.00122293
0.312961 2.17205 0.000502177
0.594039 2.29185 0.00280313
0.313624 2.08256 0.00136366
camera1:
0.637135 0.375592 0.924802
0.682231 0.27983 0.920567
0.707649 0.279497 0.916435
0.732621 0.281019 0.92051
0.605833 0.280732 0.924185
0.581424 0.27923 0.9214
0.560998 0.277117 0.931216
0.795668 0.310673 0.926564
0.553634 0.291428 0.938214
0.68226 0.456109 0.950184
0.599301 0.463311 0.954448
0.951869 0.698734 0.936693
0.479239 0.61836 0.977114
1.09118 1.20303 0.187355
0.143652 0.9004 0.465402
1.03278 1.58827 0.0633051
-0.166898 0.985998 0.406964
1.03166 1.72881 0.0716154
-0.263397 1.01687 0.363002
0.988858 1.71158 0.104646
-0.234351 1.01371 0.452402
0.973552 1.65338 0.110742
-0.19087 1.0111 0.474919
0.826122 1.59732 0.0020319
0.487218 1.53978 0.00272836
0.768853 2.28974 0.00220192
0.450199 2.24633 0.00107821
0.757175 3.03226 0.000156949
0.444608 2.99402 5.57269e-05
0.776452 3.14679 9.68263e-05
0.436866 3.10559 8.8318e-05
0.664644 3.22812 0.000143651
0.458828 3.21435 0.000139579
fused:
1.42 -1.02611 -14.0797 0.987217
0.885252 -0.0844866 -18.8759 0.98558
0.384223 -0.148234 -20.2763 0.987234
-0.0631244 -0.144512 -17.5851 0.985779
2.60595 -0.0215962 -20.7532 0.985467
3.68991 -0.012844 -24.8873 0.985578
4.45201 0.0845397 -26.2842 0.984054
-0.194706 -0.201743 -6.6466 0.987426
3.27334 -0.21488 -17.566 0.988054
0.701656 -1.57237 -12.6876 0.967558
1.49122 -1.17665 -9.64572 0.958775
-1.31359 -1.56992 -6.91466 0.936693
1.83073 -0.847559 -5.74291 0.977114
-3.75599 -6.38583 -11.5952 0.220179
-1.65716 1.06858 3.55806 0.465402
-2.33241 -5.19149 -10.0838 0.134479
-0.286179 0.287453 0.929982 0.406964
-2.59077 -5.38723 -11.3535 0.178632
-0.20845 0.252964 0.7831 0.363002
-3.82127 -9.07927 -18.8918 0.215604
-0.209485 0.258159 0.804165 0.452402
-5.96194 -15.3298 -30.2685 0.198784
-0.23124 0.27587 0.857019 0.474919
-0.000566287 -2.62763 -2.33726 0.0033216
1.14103 -3.87959 -3.5992 0.00390909
0.259828 3.75596 3.57803 0.00876856
2.56355 -5.74228 -5.30535 0.00932299
0.166551 2.93148 2.04081 0.00107211
-0.514118 2.61155 2.04326 0.000560813
0.16979 3.47702 2.26147 0.00122293
-0.350981 2.24597 1.67677 0.000502177
0.109041 1.90562 1.34395 0.00280313
-0.339528 1.99474 1.58535 0.00136366
