camera0:
0.435205 0.845044 0.988207
0.477667 0.758623 0.986728
0.500872 0.759654 0.988307
0.520871 0.761564 0.986966
0.40379 0.756082 0.986551
0.380514 0.754137 0.986629
0.358103 0.753099 0.985154
0.557163 0.779566 0.98852
0.331452 0.767301 0.98894
0.478486 0.917916 0.970003
0.391558 0.915623 0.961857
0.705124 1.03368 0.747298
0.219222 0.999797 0.679388
0.83208 1.30202 0.227701
0.105838 1.24064 0.193991
0.735571 1.2245 0.14241
0.208936 1.12471 0.096697
0.735165 1.20754 0.187649
0.231854 1.10865 0.121035
0.709633 1.16157 0.226907
0.230981 1.07524 0.152773
0.699581 1.16618 0.208645
0.232499 1.08151 0.144307
0.578839 1.95117 0.00314273
0.283368 1.95953 0.0036838
0.528752 1.93809 0.0103947
0.171183 2.08854 0.0114677
0.551943 2.56937 0.00134736
0.357976 2.53599 0.000682414
0.564567 2.69374 0.00141246
0.395066 2.57975 0.000564457
0.528932 2.67098 0.00336867
0.383385 2.68109 0.00160695
camera1:
0.603163 0.392607 0.932286
0.645795 0.295584 0.928455
0.672646 0.293455 0.924739
0.702984 0.292226 0.928404
0.577515 0.299803 0.931701
0.555018 0.299392 0.929191
0.534744 0.298603 0.938021
0.766349 0.311712 0.933872
0.526892 0.307552 0.944345
0.644538 0.469956 0.955147
0.569908 0.478573 0.958977
0.922774 0.707067 0.942867
0.449613 0.630796 0.979296
1.02025 1.291 0.187974
0.136432 0.914225 0.482491
0.956266 1.65221 0.0605175
-0.0981265 0.920602 0.410391
0.959314 1.7897 0.0685755
-0.171526 0.904183 0.359995
0.9086 1.75984 0.101421
-0.149265 0.887068 0.451725
0.897301 1.70409 0.107309
-0.110158 0.911737 0.475801
0.798081 1.6046 0.00191586
0.45274 1.5519 0.00256622
0.747456 2.34575 0.00206641
0.415993 2.31685 0.00100094
0.733464 3.04715 0.000150597
0.416037 3.0174 5.10709e-05
0.748873 3.15023 9.18047e-05
0.411699 3.11326 8.11719e-05
0.652025 3.2623 0.000132447
0.438236 3.25164 0.000127385
fused:
-0.864984 0.876637 12.8051 0.988207
-0.142943 -0.0152135 9.94762 0.986728
0.109804 -0.00908762 10.2995 0.988307
0.427935 -0.0124527 12.9892 0.986966
-1.16214 -0.0352797 12.3632 0.986551
-1.52942 -0.0463888 12.8304 0.986629
-1.93777 -0.0931923 13.5756 0.985154
4.30481 0.791289 60.8162 0.98852
-5.61208 0.0433781 32.6439 0.98894
-0.342034 1.58786 13.3955 0.970003
-3.01569 2.99808 25.3206 0.961857
-6.54038 -7.02192 -31.8631 0.942867
3.90607 -1.92451 -12.8052 0.979296
3.02258 5.40679 9.31819 0.227701
-1.32387 0.900137 2.98867 0.482491
1.79219 4.53055 7.45671 0.14241
-0.353002 0.290751 1.07116 0.410391
1.44064 3.59015 5.97197 0.187649
-0.280802 0.24634 0.921412 0.359995
1.02719 2.7679 4.71279 0.226907
-0.289869 0.242872 0.951502 0.451725
1.03954 2.97213 4.97624 0.208645
-0.307113 0.27122 1.00934 0.475801
-0.0715412 -4.27199 -4.1267 0.00314273
2.42115 -8.23628 -8.10837 0.0036838
0.0761783 6.16163 5.40005 0.0103947
-9.79068 33.2187 26.4701 0.0114677
0.124482 5.67248 3.46098 0.00134736
-0.364524 3.43866 2.13306 0.000682414
0.192243 6.83378 3.93283 0.00141246
-0.237284 2.99146 1.81527 0.000564457
0.0254744 3.96723 2.30707 0.00336867
-0.28176 3.38897 1.96106 0.00160695
