camera0:
0.459906 0.805801 0.989591
0.498688 0.719442 0.988222
0.520636 0.719153 0.98958
0.541048 0.719576 0.988458
0.427676 0.716664 0.988084
0.403755 0.715093 0.988093
0.3815 0.714122 0.986898
0.579518 0.728348 0.989947
0.350161 0.721961 0.990081
0.498373 0.87884 0.974602
0.41843 0.881748 0.967973
0.736194 1.00097 0.789227
0.24231 0.981821 0.734899
0.826227 1.40834 0.208152
0.15933 1.39009 0.17542
0.765507 1.67178 0.120966
0.189051 1.67939 0.0834909
0.774019 1.77873 0.160399
0.177263 1.79024 0.106128
0.739295 1.74389 0.195767
0.194902 1.77089 0.135869
0.72841 1.69535 0.179801
0.207797 1.72476 0.128214
0.624103 1.84878 0.00272222
0.291036 1.82569 0.00314138
0.609212 2.58477 0.00974384
0.312196 2.53077 0.0102865
0.602268 3.26386 0.00117057
0.338045 3.2336 0.00061233
0.607282 3.37221 0.00120716
0.329601 3.34205 0.000529656
0.538608 3.48044 0.00287145
0.37429 3.44896 0.00147375
camera1:
0.552425 0.42855 0.945058
0.591784 0.321589 0.941912
0.620012 0.316466 0.938919
0.648875 0.312758 0.941871
0.526557 0.334598 0.944497
0.503972 0.337927 0.942461
0.481629 0.34108 0.949565
0.713438 0.326501 0.94636
0.479085 0.344503 0.954791
0.604971 0.504956 0.963632
0.527254 0.521332 0.966711
0.891707 0.718965 0.953593
0.403544 0.638708 0.983079
0.922381 1.15002 0.208399
0.117959 0.909794 0.498695
0.920683 1.61641 0.060362
-0.106456 0.91578 0.392872
0.960651 1.75491 0.0678613
-0.182553 0.903635 0.33652
0.908046 1.73838 0.103001
-0.156677 0.892234 0.425702
0.891896 1.68081 0.107902
-0.120653 0.911335 0.452653
0.757575 1.59627 0.00206615
0.428861 1.55759 0.00267461
0.697843 2.34159 0.00188049
0.382701 2.30528 0.000872327
0.672585 3.01384 0.00015218
0.372552 2.98372 4.38045e-05
0.685541 3.10969 9.18963e-05
0.366596 3.07429 7.22267e-05
0.593813 3.22589 0.000115737
0.391611 3.21333 0.000106815
fused:
-0.183734 0.270321 4.21787 0.989591
0.0223707 -0.0337435 3.86949 0.988222
0.119057 -0.0385439 4.00544 0.98958
0.221147 -0.047636 4.23143 0.988458
-0.307924 -0.0300161 4.28419 0.988084
-0.430634 -0.0287166 4.39344 0.988093
-0.53896 -0.0336089 4.42143 0.986898
0.504507 -0.0157166 5.43842 0.989947
-0.949042 -0.0273891 6.10275 0.990081
-0.0316831 0.573685 4.94193 0.974602
-0.498397 0.650512 5.35943 0.967973
1.85813 1.72916 7.82396 0.953593
-4.06941 2.31008 14.3895 0.983079
1.25855 2.30803 4.22579 0.208399
-0.833558 0.644938 2.15283 0.498695
2.036 7.26789 8.29042 0.120966
-0.386886 0.308199 1.09659 0.392872
4.15523 15.739 16.1553 0.160399
-0.371128 0.30087 0.996605 0.33652
2.13127 9.17281 9.76981 0.195767
-0.353553 0.296837 1.00643 0.425702
1.88376 8.20274 9.1857 0.179801
-0.352315 0.308415 1.04424 0.452653
3.90061 57.7927 61.9572 0.00272222
-18.9176 61.2443 66.9723 0.00314138
-0.763017 -15.3868 -9.43447 0.00974384
-8.12456 58.6988 36.5884 0.0102865
-0.21639 -6.13494 -2.81149 0.00117057
1.3202 -14.6411 -6.76013 0.00061233
-0.205671 -5.20856 -2.28881 0.00120716
1.10345 -11.6692 -5.19921 0.000529656
-0.0498472 -5.90959 -2.4989 0.00287145
0.748176 -11.1156 -4.75534 0.00147375
