camera0:
0.468253 0.808596 0.992046
0.504267 0.725389 0.990798
0.525849 0.725101 0.991894
0.54609 0.725422 0.99096
0.430739 0.722721 0.990717
0.405071 0.721799 0.990786
0.383312 0.721484 0.989864
0.585272 0.729267 0.992231
0.359947 0.723001 0.99238
0.509126 0.875778 0.981116
0.424739 0.878258 0.976332
0.726125 1.00901 0.844032
0.249752 0.978496 0.805464
0.793672 1.42481 0.179091
0.172168 1.37944 0.158476
0.734639 1.67919 0.0921715
0.206987 1.61749 0.0666396
0.742423 1.77825 0.122195
0.197803 1.73092 0.085421
0.712466 1.74812 0.150829
0.228592 1.71033 0.111752
0.700851 1.7046 0.138737
0.240981 1.67491 0.105796
0.617518 1.8145 0.00222959
0.283079 1.78427 0.00250547
0.58713 2.51953 0.00812549
0.298647 2.45687 0.00803582
0.571839 3.12905 0.000906884
0.288543 3.08549 0.00047179
0.576157 3.22809 0.000922127
0.283174 3.18789 0.000434106
0.504436 3.33586 0.00216597
0.33822 3.28434 0.00118437
camera1:
0.373326 0.782151 0.959659
0.40502 0.6795 0.957288
0.428506 0.671125 0.955184
0.453 0.663746 0.957299
0.338248 0.698323 0.959024
0.317433 0.701548 0.957557
0.298349 0.704448 0.962617
0.518551 0.662465 0.960698
0.305114 0.70186 0.966586
0.427676 0.840564 0.973299
0.35892 0.8537 0.975229
0.743512 0.93868 0.964775
0.250601 0.958778 0.980449
0.904219 1.32839 0.212546
0.20261 1.37944 0.425698
0.873006 1.74027 0.0576854
0.212451 1.70661 0.304083
0.893515 1.88048 0.0628959
0.195763 1.83824 0.264419
0.850911 1.8798 0.0962084
0.225038 1.81829 0.33985
0.829671 1.83093 0.0989993
0.243778 1.77005 0.360068
0.705367 1.81647 0.0016762
0.363441 1.81702 0.00211061
0.709279 2.53599 0.00181371
0.380071 2.52031 0.000881401
0.733368 3.21236 0.00017723
0.425006 3.1717 4.64563e-05
0.755716 3.3354 9.84023e-05
0.433832 3.26857 8.89908e-05
0.662974 3.40041 0.000139703
0.47515 3.40901 0.000195637
fused:
-0.0905155 0.343847 1.72967 0.992046
-0.0212183 0.220851 1.69662 0.990798
0.0182685 0.215894 1.69422 0.991894
0.0556679 0.213068 1.70439 0.99096
-0.162057 0.238467 1.77055 0.990717
-0.215238 0.244257 1.80892 0.990786
-0.260563 0.248028 1.83186 0.989864
0.136965 0.231809 1.83583 0.992231
-0.342751 0.27519 2.053 0.99238
-0.0168586 0.435632 1.77992 0.981116
-0.191776 0.481761 1.92618 0.976332
0.511952 0.754579 2.33848 0.964775
-0.745772 0.834451 2.59398 0.980449
1.16594 2.65288 4.35279 0.212546
-1.12661 1.83467 2.96446 0.425698
1.06653 4.39926 4.93274 0.0921715
-0.846036 2.07836 2.47352 0.304083
1.1558 4.99206 5.08309 0.122195
-0.833997 2.20529 2.36404 0.264419
0.855932 4.1777 4.35563 0.150829
-0.753598 2.15548 2.35419 0.33985
0.755536 3.78838 4.10675 0.138737
-0.752536 2.15715 2.44472 0.360068
0.338068 4.15652 4.28392 0.00222959
-1.08995 3.99774 4.11826 0.00250547
1.00371 25.9288 16.3788 0.00812549
-1.15427 7.56433 4.89275 0.00803582
-0.391914 -18.9934 -9.1677 0.000906884
-8.14201 67.4028 32.9122 0.00047179
-0.378111 -14.4045 -6.66802 0.000922127
25.7364 -209.488 -98.7472 0.000434106
0.102662 -13.5988 -6.04704 0.00216597
106.756 -1176.26 -534.296 0.00118437
