camera0:
0.448881 0.641009 0.99945
0.482782 0.548086 0.999017
0.504358 0.548833 0.998973
0.520663 0.551104 0.998856
0.411969 0.549406 0.999203
0.390018 0.551493 0.99924
0.372149 0.544931 0.999247
0.543818 0.542094 0.999089
0.346352 0.532045 0.999595
0.490095 0.700066 0.999687
0.406694 0.695155 0.999785
0.674231 0.855079 0.998892
0.218473 0.803554 0.999529
0.758155 1.25127 0.45054
0.0869285 1.11143 0.59786
0.721908 1.59859 0.0805385
0.105971 1.48053 0.267196
0.738654 1.71804 0.0714229
0.0797126 1.57865 0.223349
0.696881 1.715 0.109404
0.129086 1.56654 0.291941
0.680338 1.66689 0.121507
0.137408 1.53003 0.310151
0.55765 1.61259 0.00213514
0.25781 1.60579 0.00228806
0.530316 2.26043 0.000819057
0.242686 2.22817 0.000468308
0.506194 2.86278 0.000103792
0.226045 2.8398 2.29105e-05
0.510076 2.95441 7.8075e-05
0.215599 2.93651 4.7227e-05
0.444678 3.05875 7.74184e-05
0.260532 3.02774 3.93624e-05
camera1:
0.475894 0.575491 0.998928
0.504137 0.474936 0.998496
0.527577 0.46897 0.998611
0.552556 0.464477 0.998588
0.451801 0.487848 0.99818
0.435904 0.490465 0.998099
0.419681 0.492519 0.99798
0.617543 0.469059 0.999093
0.424048 0.485422 0.998709
0.526741 0.636138 0.99962
0.462169 0.646941 0.999414
0.809696 0.799937 0.99846
0.356531 0.75256 0.999144
0.914059 1.24689 0.464342
0.124699 0.985137 0.64894
0.866206 1.61762 0.171804
-0.0462741 1.18594 0.542201
0.88174 1.74615 0.173152
-0.114352 1.22593 0.480107
0.832914 1.73755 0.241409
-0.081176 1.21599 0.565656
0.817851 1.68759 0.255563
-0.0533162 1.21094 0.609971
0.734716 1.62031 0.0108017
0.419876 1.59624 0.0134062
0.691354 2.30304 0.00182435
0.386872 2.28362 0.00094272
0.693123 2.91604 0.000158963
0.392736 2.89605 2.63921e-05
0.70945 3.00359 0.000146468
0.391207 2.97941 5.2358e-05
0.614616 3.11857 6.08422e-05
0.413998 3.10843 2.43625e-05
fused:
-0.20975 0.162121 3.03991 0.99945
-0.091315 -0.058561 2.93449 0.999017
-0.0225743 -0.0625662 2.93721 0.998973
0.0312919 -0.0674519 3.07028 0.998856
-0.361984 -0.0594433 3.37978 0.999203
-0.46136 -0.0590606 3.53618 0.99924
-0.540184 -0.0687879 3.60245 0.999247
0.145079 -0.1043 4.23513 0.999093
-0.831627 -0.135992 4.68863 0.999595
-0.0827054 0.317363 3.17155 0.999687
-0.43232 0.375362 3.74251 0.999785
1.17202 1.56748 7.01074 0.998892
-3.11351 1.77031 9.80097 0.999529
1.64431 3.57325 6.66147 0.464342
-1.43979 1.19363 3.10134 0.64894
1.17504 4.81534 6.24201 0.171804
-0.729989 0.795789 1.56491 0.542201
1.20905 5.2524 6.14749 0.173152
-0.717888 0.767902 1.42736 0.480107
0.937287 5.19868 6.08233 0.241409
-0.622722 0.743508 1.38371 0.565656
0.880164 5.13907 6.24204 0.255563
-0.630232 0.761316 1.43929 0.609971
0.331197 16.2152 20.65 0.0108017
-4.45239 11.8086 14.9672 0.0134062
-0.872549 22.3099 17.4738 0.00182435
-2.74882 10.8364 8.37226 0.00094272
1.94237 -29.7231 -17.064 0.000158963
-10.1532 48.762 27.523 2.63921e-05
1.29563 -18.8124 -10.4432 0.000146468
-68.1192 326.296 176.85 5.2358e-05
2.82977 -35.2843 -18.1944 7.74184e-05
-9.27885 56.9823 29.2118 3.93624e-05
