camera0:
0.469056 0.80602 0.993508
0.506105 0.72345 0.99242
0.528494 0.723408 0.993348
0.548476 0.724143 0.992544
0.4317 0.721723 0.992357
0.405792 0.721049 0.99245
0.384673 0.720816 0.991673
0.585511 0.731386 0.993614
0.359779 0.722948 0.99376
0.508654 0.875584 0.984635
0.424704 0.876462 0.980762
0.710332 1.01625 0.87319
0.237661 0.996208 0.842122
0.796611 1.42431 0.157128
0.144845 1.42969 0.159605
0.739157 1.70278 0.0772753
0.195188 1.69612 0.0576106
0.751466 1.81304 0.101927
0.184484 1.81085 0.0737747
0.715983 1.79624 0.126902
0.2265 1.7863 0.0979209
0.702356 1.75025 0.116986
0.237842 1.73737 0.0927078
0.613446 1.8106 0.00189323
0.279751 1.79313 0.00210479
0.595894 2.47978 0.0066709
0.302796 2.45305 0.00656179
0.589894 3.08196 0.000742361
0.310388 3.05379 0.00038362
0.59609 3.18186 0.000755639
0.302578 3.15587 0.000357623
0.523492 3.28216 0.00176554
0.365757 3.24502 0.000971556
camera1:
0.379017 0.73979 0.967285
0.401797 0.638389 0.965302
0.426982 0.629914 0.96361
0.454647 0.622327 0.965311
0.342628 0.655071 0.966706
0.323276 0.658687 0.965526
0.304 0.662557 0.96962
0.520251 0.619367 0.968077
0.304122 0.665882 0.972851
0.438773 0.799329 0.978335
0.365606 0.817539 0.97988
0.747396 0.933955 0.970988
0.218388 0.992743 0.984013
0.857024 1.34816 0.184636
0.143151 1.43437 0.384557
0.797676 1.73995 0.0483893
0.179079 1.80026 0.254066
0.815786 1.87585 0.0532159
0.158187 1.94426 0.223748
0.769887 1.88269 0.0818023
0.206388 1.92038 0.29013
0.754052 1.83682 0.0842088
0.22405 1.86581 0.306007
0.679002 1.79906 0.00140864
0.319936 1.82546 0.00177692
0.680691 2.51956 0.00148623
0.354284 2.52694 0.000728165
0.703472 3.15062 0.000148555
0.379122 3.15865 3.87088e-05
0.720445 3.24622 8.31936e-05
0.383126 3.26074 7.54466e-05
0.631903 3.37395 0.000118293
0.430049 3.37604 0.000167316
fused:
-0.0883539 0.318076 1.75387 0.993508
-0.0147272 0.188614 1.65989 0.99242
0.0255048 0.184316 1.66104 0.993348
0.0625746 0.183275 1.68859 0.992544
-0.158305 0.209276 1.7815 0.992357
-0.213595 0.216182 1.8316 0.99245
-0.257601 0.219727 1.84996 0.991673
0.140886 0.201869 1.83075 0.993614
-0.337594 0.24423 2.03618 0.99376
-0.017032 0.423509 1.85313 0.984635
-0.195632 0.464747 1.9757 0.980762
0.532739 0.857124 2.63844 0.970988
-0.705313 0.805939 2.34631 0.984013
0.784895 1.77126 2.89109 0.184636
-1.02375 1.64287 2.49495 0.384557
0.615798 2.56413 2.8614 0.0772753
-0.795582 2.01856 2.23629 0.254066
0.668642 2.8978 2.91775 0.101927
-0.77438 2.11505 2.11266 0.223748
0.521386 2.67169 2.73943 0.126902
-0.697152 2.12579 2.1664 0.29013
0.477318 2.53554 2.70658 0.116986
-0.687278 2.09952 2.22547 0.306007
0.27035 3.56418 3.70439 0.00189323
-0.852638 3.07317 3.15905 0.00210479
0.479395 10.5136 6.77784 0.0066709
-0.897398 5.97787 3.8747 0.00656179
-1.26666 -43.0516 -21.1888 0.000742361
-1.64599 14.8219 7.32991 0.00038362
-0.709873 -19.6162 -9.24323 0.000755639
-2.35297 20.3747 9.73114 0.000357623
-0.0441401 -31.6366 -14.3432 0.00176554
-1.792 22.5098 10.3833 0.000971556
