camera0:
0.462628 0.805673 0.990337
0.501455 0.721012 0.988975
0.523596 0.720948 0.990232
0.543635 0.72146 0.989177
0.42858 0.71736 0.988878
0.403675 0.715469 0.988892
0.381279 0.714291 0.987826
0.581311 0.727444 0.990632
0.35384 0.717159 0.990784
0.503662 0.874658 0.976867
0.419129 0.877163 0.97095
0.733408 1.00366 0.808608
0.244558 0.971678 0.76049
0.814907 1.39704 0.198682
0.167905 1.37681 0.168362
0.764995 1.64071 0.110017
0.188599 1.62416 0.0767777
0.773743 1.7347 0.145945
0.180039 1.71962 0.0977771
0.745305 1.69913 0.178552
0.192959 1.69435 0.125799
0.732699 1.65522 0.163933
0.206422 1.65345 0.118611
0.616577 1.84829 0.00258211
0.290259 1.82 0.00294058
0.597982 2.55867 0.00972122
0.294446 2.50375 0.00975136
0.58398 3.21493 0.00109873
0.304353 3.18899 0.00057813
0.585327 3.31879 0.00111759
0.30207 3.29372 0.000522768
0.528409 3.42317 0.00265013
0.346395 3.39727 0.00143644
camera1:
0.538518 0.50091 0.950521
0.5689 0.401107 0.947666
0.595682 0.396068 0.944975
0.62324 0.39223 0.94763
0.509097 0.412957 0.949985
0.488511 0.415649 0.948152
0.467156 0.418777 0.954538
0.682279 0.402001 0.951683
0.462925 0.429647 0.959259
0.588573 0.568627 0.967254
0.515289 0.57849 0.970017
0.865178 0.760158 0.958157
0.366823 0.743681 0.984698
0.939988 1.2414 0.214206
0.108159 0.964831 0.500515
0.929491 1.63568 0.0565814
-0.089297 1.19979 0.363391
0.962615 1.77769 0.0634378
-0.159311 1.25532 0.310578
0.911965 1.77456 0.0968754
-0.125594 1.24978 0.394964
0.896018 1.71831 0.101226
-0.0965206 1.24069 0.421285
0.767049 1.65421 0.00194782
0.434198 1.64672 0.00251276
0.734091 2.3952 0.00174156
0.411244 2.38599 0.000801257
0.746885 3.06386 0.000146924
0.440242 3.05696 4.08168e-05
0.763055 3.16273 8.79898e-05
0.438178 3.15026 6.87336e-05
0.682233 3.27356 0.000108274
0.483751 3.27903 9.93784e-05
fused:
-0.17648 0.349616 3.85878 0.990337
0.00566762 0.0721571 3.40907 0.988975
0.089332 0.0701667 3.47163 0.990232
0.172498 0.0677589 3.61405 0.989177
-0.304645 0.0871196 3.93419 0.988878
-0.430651 0.0912045 4.12388 0.988892
-0.538159 0.0893829 4.18865 0.987826
0.370661 0.104778 4.22864 0.990632
-0.847993 0.13647 5.34961 0.990784
-0.020631 0.580484 4.17507 0.976867
-0.467343 0.692666 4.87696 0.97095
1.30283 1.36091 5.61892 0.958157
-2.04807 1.52372 7.12042 0.984698
1.51002 2.98429 5.20497 0.214206
-0.778266 0.674962 2.03275 0.500515
1.9334 6.6888 7.77589 0.110017
-0.464889 0.563647 1.19638 0.363391
2.62132 9.51039 10.0359 0.145945
-0.447529 0.571796 1.09196 0.310578
1.484 5.89915 6.43218 0.178552
-0.444827 0.587756 1.1293 0.394964
1.41458 5.73926 6.54156 0.163933
-0.432646 0.584246 1.15283 0.421285
9.26223 144.391 151.754 0.00258211
-7.37915 25.1925 26.7984 0.00294058
-0.646776 -14.222 -8.80285 0.00972122
-8.39195 55.3116 34.9255 0.00975136
-0.165584 -5.9412 -2.77003 0.00109873
1.38639 -12.8311 -6.02099 0.00057813
-0.156563 -5.19322 -2.32502 0.00111759
1.19178 -11.0671 -5.00931 0.000522768
-0.0235096 -5.83005 -2.51367 0.00265013
0.789624 -9.76458 -4.25039 0.00143644
