camera0:
0.463759 0.606875 0.999563
0.492659 0.516649 0.999143
0.509262 0.514584 0.999258
0.525539 0.512899 0.999022
0.424889 0.517202 0.999268
0.397933 0.515811 0.999403
0.376045 0.514243 0.999307
0.546441 0.512136 0.99929
0.345779 0.505905 0.999663
0.493202 0.668958 0.999673
0.413988 0.675056 0.999788
0.684288 0.819505 0.998829
0.22503 0.774709 0.99943
0.768584 1.23097 0.226551
0.0718289 1.10047 0.392576
0.726749 1.55542 0.0304662
0.0722172 1.45631 0.104368
0.745202 1.68126 0.0296111
0.0553406 1.54365 0.0940357
0.701486 1.67585 0.0472537
0.09424 1.52088 0.131314
0.684582 1.62991 0.0518184
0.109619 1.48949 0.137655
0.570004 1.58058 0.00121012
0.27133 1.56443 0.00124874
0.547477 2.21717 0.000478366
0.25499 2.19218 0.000237522
0.530282 2.79668 5.25986e-05
0.250964 2.77537 1.15732e-05
0.535661 2.88896 4.29711e-05
0.241389 2.86938 2.46681e-05
0.471284 2.99221 5.05399e-05
0.299313 2.971 2.64774e-05
camera1:
0.549469 0.567639 0.999466
0.584406 0.467295 0.999213
0.609748 0.461436 0.999244
0.63376 0.457086 0.999184
0.52028 0.477961 0.999071
0.503403 0.478951 0.999051
0.486153 0.479501 0.99898
0.680436 0.462155 0.999521
0.490254 0.472762 0.999344
0.602679 0.628114 0.99977
0.523566 0.639343 0.999648
0.860226 0.802011 0.997425
0.429484 0.706597 0.998962
0.942584 1.25724 0.320457
0.189584 0.958435 0.558151
0.888291 1.59423 0.10125
-0.0468459 1.07016 0.494303
0.899679 1.72428 0.104643
-0.134025 1.09575 0.431506
0.849728 1.70299 0.157884
-0.107116 1.09056 0.538153
0.833946 1.65497 0.16658
-0.068709 1.10303 0.570918
0.761338 1.57356 0.00342819
0.446677 1.53177 0.00437296
0.700888 2.24311 0.00191234
0.394549 2.20113 0.00080742
0.674384 2.83539 9.87331e-05
0.378021 2.81042 3.28705e-05
0.68913 2.91815 6.77033e-05
0.373954 2.89467 4.71423e-05
0.595627 3.03575 5.64452e-05
0.39855 3.01636 7.44616e-05
fused:
-0.269568 0.179049 4.9968 0.999563
-0.115166 -0.20444 5.39495 0.999213
-0.0198102 -0.242746 5.95205 0.999258
0.0932924 -0.281027 6.54714 0.999184
-0.545384 -0.209009 5.79823 0.999268
-0.819101 -0.250558 6.67114 0.999403
-1.04565 -0.27829 7.15532 0.999307
0.37981 -0.437486 10.4801 0.999521
-2.74059 -0.729324 15.395 0.999663
-0.150727 0.542339 6.48504 0.99977
-0.723751 0.594321 6.70719 0.999788
3.79065 4.51734 21.3455 0.998829
6.88434 -3.34896 -22.2369 0.99943
2.16665 4.40054 8.35795 0.320457
-2.8942 2.11742 6.03192 0.558151
1.46512 5.53937 7.40276 0.10125
-0.822643 0.64627 1.66751 0.494303
1.37832 5.53033 6.63625 0.104643
-0.722088 0.567168 1.39691 0.431506
1.11845 5.72383 6.93896 0.157884
-0.647606 0.551624 1.36433 0.538153
1.05626 5.69835 7.17444 0.16658
-0.660465 0.594766 1.44253 0.570918
2.16474 54.2104 71.3325 0.00342819
-9.27813 24.4395 32.7144 0.00437296
-0.595826 18.9087 15.459 0.00191234
-3.17891 11.9424 9.68975 0.00080742
-10.475 169.96 102.209 9.87331e-05
-4.06531 18.2916 10.9562 3.28705e-05
3.41456 -58.1318 -33.4523 6.77033e-05
-5.67693 25.8936 14.8128 4.71423e-05
-9.42424 110.433 59.917 5.64452e-05
-3.24352 16.8338 9.3511 7.44616e-05
