camera0:
0.425126 0.58833 0.999628
0.460208 0.501118 0.999286
0.482682 0.497978 0.999336
0.501311 0.495758 0.999187
0.391389 0.502464 0.999393
0.371254 0.501435 0.999476
0.35376 0.499317 0.999423
0.533056 0.494044 0.999402
0.339538 0.496304 0.999704
0.470533 0.653303 0.999744
0.383896 0.656805 0.999823
0.683273 0.808349 0.998954
0.220091 0.765943 0.999513
0.776639 1.23052 0.277118
0.0552578 1.06269 0.43274
0.752449 1.57298 0.0429208
0.021959 1.47162 0.145892
0.77603 1.69571 0.0407228
-0.00692877 1.57296 0.129636
0.725404 1.69798 0.0643215
0.0382944 1.57602 0.177193
0.707673 1.64753 0.0706563
0.0574765 1.53768 0.186524
0.562467 1.59481 0.00132928
0.272616 1.58552 0.0014154
0.546044 2.23412 0.000525713
0.253696 2.2154 0.000283213
0.532228 2.82132 6.04038e-05
0.245802 2.81329 1.38566e-05
0.538754 2.9174 4.81195e-05
0.237558 2.91642 2.88425e-05
0.466165 3.01954 5.31421e-05
0.288972 3.00284 2.76984e-05
camera1:
0.505692 0.577308 0.999316
0.532644 0.470179 0.999035
0.5567 0.461782 0.999083
0.582877 0.454314 0.999027
0.478014 0.487993 0.998841
0.461025 0.491397 0.998803
0.44465 0.493841 0.998719
0.6455 0.451701 0.999431
0.462212 0.484308 0.999161
0.564248 0.635774 0.999724
0.495944 0.649946 0.999561
0.853154 0.80628 0.997234
0.417079 0.739497 0.99878
0.955385 1.21708 0.358359
0.198716 0.958168 0.546048
0.890552 1.54568 0.117211
0.0379957 1.00252 0.523527
0.890245 1.66555 0.122491
-0.0146777 1.05777 0.465646
0.852347 1.62822 0.179106
-0.0030428 0.978913 0.563821
0.841759 1.58085 0.188704
0.0487741 0.977947 0.593634
0.77966 1.60594 0.00526504
0.481421 1.56121 0.00668956
0.718629 2.23 0.00253394
0.444362 2.15741 0.00112417
0.716967 2.87336 0.000129994
0.434031 2.81323 4.92945e-05
0.735385 2.97585 9.00858e-05
0.442705 2.91191 6.65856e-05
0.640916 3.04398 7.76799e-05
0.408947 3.00958 0.000108737
fused:
-0.472071 0.154174 4.89293 0.999628
-0.259062 -0.195434 4.53093 0.999286
-0.149892 -0.213691 4.55763 0.999336
-0.0614608 -0.245143 4.87106 0.999187
-0.706165 -0.208248 5.37778 0.999393
-0.855562 -0.216028 5.59336 0.999476
-0.97552 -0.222259 5.67772 0.999423
0.153463 -0.374367 7.15015 0.999431
-1.70754 -0.421853 9.17112 0.999704
-0.263572 0.438644 5.4487 0.999744
-1.01096 0.609023 7.16822 0.999823
2.94153 3.49141 16.6868 0.998954
10.5669 -5.35284 -33.4389 0.999513
2.66039 5.10452 10.0106 0.358359
-4.21409 2.96683 8.48867 0.546048
1.31833 4.42069 6.15233 0.117211
-1.50209 0.986777 2.76504 0.523527
1.09215 3.8408 4.84312 0.122491
-1.46185 1.00657 2.50608 0.465646
1.15232 5.29361 6.77212 0.179106
-1.14198 0.761422 2.16284 0.563821
1.16707 5.56683 7.4023 0.188704
-1.26642 0.875671 2.50093 0.593634
-0.684548 -21.7762 -27.8071 0.00526504
7.58024 -20.7794 -26.9308 0.00668956
-5.94321 155.849 127.396 0.00253394
12.2224 -43.8341 -35.8361 0.00112417
1.82463 -32.2458 -19.0514 0.000129994
11.4873 -51.3834 -30.2713 4.92945e-05
1.09879 -21.0234 -11.8604 9.00858e-05
5.37262 -24.6953 -13.8222 6.65856e-05
2.26729 -24.3555 -13.1468 7.76799e-05
-7.26658 35.6255 19.6912 0.000108737
