camera0:
0.572349 0.34568 0.999235
0.607081 0.240812 0.998731
0.628626 0.236313 0.998638
0.645019 0.233347 0.998504
0.527093 0.25022 0.998956
0.500589 0.251641 0.998973
0.479835 0.252206 0.998986
0.670444 0.237296 0.998882
0.448009 0.253837 0.999505
0.615119 0.418829 0.999688
0.522538 0.426027 0.999787
0.793981 0.557884 0.999437
0.356456 0.510164 0.999753
0.932698 0.921226 0.661734
0.133963 0.783615 0.782093
1.02624 1.3524 0.121339
-0.0664257 1.061 0.40574
1.06928 1.46611 0.104266
-0.147118 1.13601 0.325581
1.02875 1.46106 0.158332
-0.109316 1.12319 0.414526
0.99717 1.42971 0.176459
-0.0365453 1.0676 0.451291
0.700751 1.34683 0.0033225
0.388533 1.32027 0.00361202
0.655461 2.07428 0.00130177
0.358114 2.04955 0.000766789
0.63224 2.72979 0.000168575
0.340879 2.71421 3.76107e-05
0.638224 2.81716 0.000120069
0.334325 2.79946 7.78266e-05
0.582222 2.93202 0.000102849
0.37803 2.92945 4.97559e-05
camera1:
0.48832 0.320045 0.998573
0.524504 0.222146 0.998121
0.552882 0.212956 0.998324
0.580062 0.204624 0.998338
0.455868 0.238077 0.997681
0.434694 0.240754 0.997548
0.414905 0.243439 0.997393
0.631533 0.211913 0.999004
0.417774 0.249854 0.998328
0.543832 0.382965 0.999573
0.469548 0.402145 0.999251
0.802755 0.570426 0.999225
0.378304 0.505937 0.999474
0.890272 1.00022 0.625028
0.147976 0.764944 0.711886
0.861159 1.44074 0.254032
-0.1064 0.820568 0.645555
0.867705 1.56607 0.250224
-0.220101 0.842278 0.583078
0.816309 1.53417 0.33392
-0.219054 0.82926 0.665964
0.79966 1.48787 0.351599
-0.166078 0.851872 0.71385
0.738192 1.39121 0.018684
0.442442 1.37787 0.0229541
0.700769 2.11885 0.00289375
0.422355 2.09896 0.00162727
0.683198 2.77824 0.000253696
0.417188 2.78639 4.64887e-05
0.698716 2.85252 0.000247884
0.419107 2.87176 9.13171e-05
0.612703 2.99339 9.63004e-05
0.413994 2.99627 3.58287e-05
fused:
0.1101 -0.271698 1.85828 0.999235
0.179078 -0.421168 1.90068 0.998731
0.227118 -0.437079 1.93475 0.998638
0.271006 -0.460431 2.00171 0.998504
0.0204971 -0.441465 2.02381 0.998956
-0.0366973 -0.453968 2.07627 0.998973
-0.0829378 -0.457458 2.09139 0.998986
0.359618 -0.501488 2.21542 0.999004
-0.178619 -0.540468 2.45304 0.999505
0.199176 -0.175349 1.88318 0.999688
0.0152207 -0.186226 2.09248 0.999787
0.680723 0.0793082 2.32398 0.999437
-0.528089 -0.0838577 3.11307 0.999753
0.655327 0.479632 1.48566 0.661734
-1.11771 0.493246 2.73642 0.782093
0.533232 0.588919 1.02747 0.254032
-1.22832 0.497071 1.97639 0.645555
0.523204 0.600159 0.950193 0.250224
-1.21472 0.456087 1.71474 0.583078
0.491529 0.602325 0.967195 0.33392
-1.04691 0.418279 1.56665 0.665964
0.484671 0.61192 1.01214 0.351599
-0.898583 0.409411 1.52036 0.71385
0.455953 1.49559 2.5322 0.018684
-0.480356 1.99081 3.30853 0.0229541
0.256047 3.65121 3.31896 0.00289375
-0.811371 4.33992 3.84377 0.00162727
-0.0517507 9.48242 5.96967 0.000253696
-1.44194 9.04921 5.50152 4.64887e-05
-0.203599 12.8615 7.88798 0.000247884
-1.73069 10.9008 6.36208 9.13171e-05
-0.316494 11.1809 6.26941 0.000102849
-1.16693 9.64872 5.26412 4.97559e-05
