camera0:
0.578705 0.719212 0.979631
0.622997 0.623487 0.976938
0.648239 0.621679 0.978759
0.67228 0.620738 0.975995
0.563543 0.622966 0.978774
0.548147 0.619403 0.980216
0.534393 0.616034 0.980076
0.727341 0.625789 0.979506
0.540159 0.616482 0.987819
0.630887 0.793062 0.984412
0.55647 0.789123 0.984907
0.914149 0.928488 0.977141
0.420999 0.921008 0.989885
1.00672 1.37279 0.207113
0.285597 1.32107 0.356675
0.944072 1.70697 0.0368711
0.266409 1.69328 0.140547
0.950571 1.82566 0.041609
0.231039 1.8158 0.13034
0.922317 1.80177 0.0604808
0.265175 1.80625 0.169074
0.906096 1.75442 0.0638266
0.293448 1.76348 0.172495
0.803492 1.82857 0.00595181
0.457079 1.78891 0.0073678
0.763951 2.63434 0.00273634
0.43741 2.57932 0.00201905
0.7499 3.38049 0.000684885
0.443896 3.33487 0.000541511
0.75706 3.49186 0.000630145
0.444721 3.44157 0.000473195
0.683919 3.59046 0.00146377
0.470781 3.5624 0.0010801
camera1:
0.464389 1.11844 0.864063
0.521875 1.11271 0.859407
0.523954 1.12982 0.852518
0.525713 1.14743 0.861295
0.51645 1.05349 0.864739
0.514296 1.02788 0.859256
0.512109 1.00226 0.87679
0.507232 1.12988 0.870183
0.485635 0.940547 0.887175
0.416327 1.14649 0.909716
0.408524 1.06912 0.916882
0.301809 1.36428 0.924529
0.224094 0.789957 0.960126
0.00491968 1.53332 0.23649
-0.0692353 0.746226 0.417431
0.0269588 1.31332 0.0832325
-0.103133 0.82812 0.369144
0.0134999 1.27471 0.0905054
-0.138959 0.797047 0.330697
0.0591339 1.24202 0.131545
-0.0990146 0.835875 0.410251
0.0587663 1.24006 0.138271
-0.0886698 0.855926 0.435242
-0.413421 1.4173 0.0032241
-0.447618 0.983894 0.00428673
-0.974194 1.45446 0.00201511
-1.01967 1.04199 0.000852917
-1.49993 1.49698 0.00015439
-1.5262 1.12755 4.6076e-05
-1.57073 1.50976 0.000110932
-1.58851 1.13719 9.69654e-05
-1.66208 1.48105 0.000108197
-1.68934 1.19017 0.00011816
fused:
0.0997592 0.442309 1.53849 0.979631
0.174547 0.400298 1.60768 0.976938
0.20085 0.375857 1.47843 0.978759
0.222099 0.360806 1.36795 0.975995
0.0889569 0.457318 2.03389 0.978774
0.0583723 0.463871 2.18466 0.980216
0.0272734 0.474479 2.32956 0.980076
0.249319 0.297889 1.12802 0.979506
0.0355795 0.373017 2.03743 0.987819
0.143144 0.384292 1.16157 0.984412
0.0585928 0.424618 1.41283 0.984907
0.264265 0.267443 0.607612 0.977141
-0.134655 0.315811 1.31309 0.989885
0.236942 0.266106 0.481315 0.23649
-0.25531 0.314607 1.00371 0.417431
0.204803 0.25531 0.531896 0.0832325
-0.257456 0.259707 0.965783 0.369144
0.201812 0.250085 0.530214 0.0905054
-0.291315 0.254675 0.963756 0.330697
0.198737 0.258296 0.557374 0.131545
-0.272897 0.289872 0.9869 0.410251
0.194303 0.260051 0.563001 0.138271
-0.236725 0.283516 0.959196 0.435242
0.109047 0.38945 0.500786 0.00595181
-0.0849567 0.454171 0.634378 0.0073678
-0.00629757 0.43281 0.461209 0.00273634
-0.164946 0.769217 0.610296 0.00201905
0.0380176 1.96471 0.941564 0.000684885
-0.167832 3.46613 1.55963 0.000541511
0.147134 3.06696 1.36282 0.000630145
-0.26915 2.60117 1.19364 0.000473195
0.487868 8.03558 3.30386 0.00146377
-0.221832 5.14348 2.15676 0.0010801
