camera0:
0.424297 0.589808 0.999625
0.459734 0.501985 0.999299
0.482467 0.498636 0.999327
0.501218 0.496274 0.999203
0.390268 0.503626 0.999405
0.370256 0.502435 0.99947
0.352711 0.499996 0.999431
0.533122 0.494176 0.999399
0.339626 0.496747 0.999701
0.470139 0.654212 0.999752
0.383411 0.65844 0.999824
0.683851 0.806835 0.998944
0.225852 0.757928 0.999505
0.783788 1.23028 0.289221
0.0702761 1.06658 0.437574
0.761365 1.56959 0.046356
0.030194 1.44215 0.157607
0.784535 1.68898 0.0437688
0.000681239 1.53138 0.139615
0.735344 1.68768 0.0688495
0.0408591 1.52334 0.189754
0.717372 1.64011 0.0758071
0.0609462 1.49128 0.199923
0.574599 1.57124 0.00136229
0.272733 1.55713 0.00144962
0.550527 2.22422 0.000525911
0.254283 2.20303 0.000291149
0.533954 2.81237 6.13431e-05
0.246278 2.79646 1.37546e-05
0.541175 2.90363 4.7269e-05
0.238053 2.88949 2.81965e-05
0.467213 3.0114 5.14967e-05
0.290054 2.99766 2.69463e-05
camera1:
0.508152 0.576671 0.999316
0.535791 0.469576 0.999028
0.560459 0.460764 0.999086
0.58692 0.45309 0.999039
0.479153 0.488202 0.998826
0.461648 0.491633 0.998788
0.444761 0.494063 0.998698
0.645552 0.450826 0.999423
0.459917 0.484898 0.999157
0.565875 0.634288 0.999736
0.49639 0.648856 0.999577
0.849332 0.80407 0.997803
0.415312 0.736769 0.999023
0.956843 1.22147 0.367819
0.205926 0.956558 0.572356
0.890827 1.54391 0.123396
0.0290263 1.00077 0.535533
0.88908 1.66251 0.127507
-0.0223526 1.06324 0.472447
0.852748 1.62186 0.186043
-0.0140908 0.996323 0.570659
0.842417 1.57525 0.197369
0.0378886 0.977369 0.604268
0.779828 1.60062 0.00574924
0.478795 1.56045 0.00729155
0.73373 2.22889 0.00215717
0.451998 2.16005 0.000947964
0.731572 2.87216 0.00012066
0.445203 2.81719 3.61673e-05
0.747854 2.97561 9.10821e-05
0.450436 2.91794 5.44883e-05
0.662621 3.05108 6.43103e-05
0.442049 3.01707 7.86358e-05
fused:
-0.49201 0.160379 5.05981 0.999625
-0.26987 -0.202698 4.68954 0.999299
-0.156059 -0.223659 4.7348 0.999327
-0.063791 -0.25837 5.08445 0.999203
-0.730271 -0.211307 5.51447 0.999405
-0.877173 -0.217838 5.69727 0.99947
-0.99478 -0.223653 5.75364 0.999431
0.15423 -0.375665 7.13625 0.999423
-1.62933 -0.398089 8.75379 0.999701
-0.271376 0.447106 5.57466 0.999752
-1.02625 0.617725 7.25561 0.999824
2.51138 2.94983 14.1946 0.998944
21.5288 -10.8261 -69.4679 0.999505
2.32459 4.34822 8.49731 0.367819
-3.67433 2.65466 7.64623 0.572356
1.20774 3.86235 5.39901 0.123396
-1.35363 0.903543 2.53671 0.535533
1.01223 3.39656 4.30847 0.127507
-1.34079 0.94778 2.3358 0.472447
1.04527 4.46218 5.75959 0.186043
-1.08061 0.748834 2.0551 0.570659
1.06056 4.70288 6.30347 0.197369
-1.17056 0.816538 2.33431 0.604268
49.4877 945.996 1222.32 0.00574924
12.8959 -35.8137 -46.6148 0.00729155
6.38506 -208.339 -170.108 0.00215717
10.22 -37.4759 -30.5384 0.000947964
1.28443 -25.0485 -14.7719 0.00012066
9.94021 -46.079 -27.0597 3.61673e-05
0.947735 -19.8449 -11.2189 9.10821e-05
6.0854 -29.1484 -16.3061 5.44883e-05
1.57776 -18.8248 -10.0841 6.43103e-05
-51.0002 262.534 143.753 7.86358e-05
