camera0:
0.41615 0.896597 0.984467
0.456655 0.818052 0.982335
0.478027 0.820115 0.983888
0.496657 0.822593 0.98203
0.377753 0.808601 0.983158
0.354141 0.804681 0.983745
0.332022 0.802043 0.982946
0.514636 0.84499 0.984394
0.31942 0.823095 0.987794
0.45532 0.966794 0.972025
0.360925 0.962041 0.967755
0.65515 1.07993 0.791746
0.208896 1.03733 0.747015
0.808094 1.26815 0.192377
0.0889682 1.25714 0.250979
0.753359 1.01576 0.0780598
0.327938 0.988701 0.109918
0.761431 0.965231 0.105163
0.389481 0.911102 0.119212
0.690364 0.970899 0.133695
0.383771 0.896576 0.153157
0.683582 0.975057 0.129208
0.370766 0.928122 0.150125
0.560261 2.10807 0.00413499
0.273856 2.10357 0.00501377
0.539845 1.90898 0.00481819
0.112829 1.96677 0.00416706
0.543652 2.43515 0.000698475
0.382114 2.29174 0.000468298
0.550486 2.5603 0.000764878
0.422674 2.35606 0.000436097
0.52514 2.46783 0.00186551
0.416251 2.26676 0.00111593
camera1:
0.830853 0.531699 0.897673
0.868562 0.422415 0.892472
0.899358 0.414998 0.887207
0.920957 0.408433 0.893287
0.805867 0.437838 0.896911
0.789158 0.440531 0.89301
0.773005 0.443239 0.906387
0.97109 0.403097 0.90128
0.774006 0.443466 0.915715
0.910293 0.606005 0.932863
0.823074 0.618159 0.938119
1.23845 0.757348 0.934567
0.742765 0.691347 0.97016
1.3727 1.2509 0.202937
0.503401 0.912601 0.422639
1.23586 1.56565 0.0728636
0.322601 1.12137 0.38194
1.22606 1.68092 0.0805951
0.257432 1.19237 0.339308
1.18434 1.62979 0.116821
0.240235 1.06344 0.420853
1.17181 1.5851 0.123589
0.28808 1.03877 0.444791
1.13697 1.62198 0.00245983
0.775854 1.56905 0.00329578
1.05338 2.39482 0.00163529
0.709062 2.32909 0.000748383
1.01528 3.06475 0.000135829
0.689063 3.00972 3.80196e-05
1.02358 3.14855 9.53365e-05
0.687741 3.08667 8.02552e-05
0.93483 3.29612 9.77971e-05
0.712014 3.27067 0.00010216
fused:
0.17501 -0.26607 -1.76301 0.984467
0.0896123 -0.141902 -1.84526 0.982335
0.0447476 -0.135496 -1.76283 0.983888
0.00794747 -0.129317 -1.74417 0.98203
0.229754 -0.13178 -1.71236 0.983158
0.26605 -0.127996 -1.66445 0.983745
0.298672 -0.120214 -1.62996 0.982946
-0.022971 -0.123364 -1.50997 0.984394
0.303826 -0.127784 -1.54459 0.987794
0.0883264 -0.290921 -1.44121 0.972025
0.231191 -0.288839 -1.42332 0.967755
-0.128748 -0.250453 -0.889338 0.934567
0.374323 -0.249901 -1.15349 0.97016
-0.314535 -0.596656 -1.03566 0.202937
0.88599 -0.68403 -1.8997 0.422639
-0.605675 -1.22646 -2.10339 0.0780598
-0.484965 0.992684 2.41518 0.38194
-0.76079 -1.43041 -2.56833 0.105163
-0.186958 0.651829 1.47668 0.339308
-0.442036 -1.13611 -1.98014 0.133695
-0.209602 0.533699 1.48424 0.420853
-0.43287 -1.15548 -1.99472 0.129208
-0.281855 0.626962 1.79794 0.444791
0.000482893 -0.917178 -0.776732 0.00413499
0.310774 -1.16159 -1.00798 0.00501377
-0.108862 -3.13745 -2.7389 0.00481819
0.670559 -1.82464 -1.56446 0.00416706
-0.548044 -23.3652 -15.1288 0.000698475
-0.660004 6.51857 4.59208 0.000468298
-0.422806 -18.4081 -11.2532 0.000764878
-0.299824 4.74325 3.2018 0.000436097
0.0456085 8.99775 5.77293 0.00186551
-0.263887 3.50305 2.49781 0.00111593
