camera0:
0.43053 0.590367 0.999536
0.468936 0.505419 0.999168
0.491298 0.504187 0.999138
0.509444 0.503754 0.999034
0.398793 0.501539 0.999324
0.378871 0.49885 0.999359
0.361569 0.494727 0.99936
0.53898 0.505606 0.999234
0.343587 0.491818 0.999656
0.473803 0.652648 0.999725
0.387241 0.653352 0.999811
0.674202 0.81364 0.998902
0.22139 0.758694 0.999539
0.764974 1.22845 0.38825
0.0790659 1.0566 0.541161
0.730996 1.56449 0.0691699
0.0266719 1.39237 0.23182
0.749872 1.68341 0.0630492
-0.00450679 1.48222 0.198934
0.703392 1.67541 0.097161
0.0394571 1.46064 0.262975
0.685131 1.63043 0.107759
0.0602246 1.43384 0.278465
0.553757 1.57607 0.00189039
0.250351 1.54951 0.00202779
0.525847 2.22143 0.000699446
0.232082 2.18828 0.000401546
0.496075 2.81633 8.68853e-05
0.212367 2.79221 1.93308e-05
0.50059 2.90514 6.57781e-05
0.202126 2.88733 3.97216e-05
0.429823 3.01091 6.71968e-05
0.246493 2.98165 3.4506e-05
camera1:
0.471589 0.567957 0.999069
0.498387 0.467868 0.998683
0.520889 0.463087 0.998782
0.546498 0.458595 0.998751
0.449866 0.476842 0.9984
0.434735 0.478136 0.998335
0.419549 0.479108 0.99822
0.617751 0.458726 0.999207
0.436055 0.473247 0.998857
0.523742 0.632606 0.99966
0.461744 0.642962 0.999459
0.820017 0.787121 0.998468
0.398168 0.722032 0.999164
0.934528 1.23059 0.42038
0.17731 0.977175 0.629933
0.90439 1.60124 0.151946
-0.0382322 1.03601 0.547308
0.923142 1.72981 0.155096
-0.105314 1.05871 0.482397
0.875374 1.7213 0.220497
-0.0849131 1.04558 0.575208
0.856786 1.67196 0.234303
-0.0448879 1.06034 0.617072
0.739935 1.59609 0.00888448
0.434836 1.56554 0.0110547
0.691259 2.28097 0.0015422
0.3935 2.2549 0.000790313
0.68365 2.91072 0.000133915
0.393315 2.88838 2.19303e-05
0.703421 2.99905 0.000121842
0.393969 2.97397 4.36925e-05
0.600041 3.10075 5.14733e-05
0.398402 3.09409 2.10715e-05
fused:
-0.311184 0.103896 3.44589 0.999536
-0.152553 -0.127315 3.18697 0.999168
-0.0755507 -0.131174 3.16594 0.999138
-0.0139753 -0.142075 3.30387 0.999034
-0.4673 -0.157811 3.79849 0.999324
-0.572028 -0.170435 3.96177 0.999359
-0.659631 -0.181925 4.04547 0.99936
0.127438 -0.199094 4.61302 0.999234
-1.03691 -0.289059 5.70915 0.999656
-0.16131 0.288232 3.59212 0.999725
-0.622525 0.37085 4.53116 0.999811
1.45269 1.76889 8.69195 0.998902
-20.5832 9.84775 65.5076 0.999539
2.08364 4.25909 8.16979 0.42038
-2.2739 1.73814 4.82855 0.629933
1.83936 6.8821 9.04749 0.151946
-1.06055 0.782826 1.96423 0.547308
1.87074 7.33996 8.69079 0.155096
-1.01421 0.734919 1.75286 0.482397
1.59784 7.98966 9.45527 0.220497
-0.876387 0.687157 1.6508 0.575208
1.502 7.99606 9.82604 0.234303
-0.890647 0.73938 1.75304 0.617072
0.47234 22.2252 28.8918 0.00888448
-9.94411 25.5871 33.2809 0.0110547
-0.730698 19.7058 15.6552 0.0015422
-3.39741 13.0458 10.2209 0.000790313
5.00548 -78.6379 -45.6404 0.000133915
-7.97212 37.9297 21.6213 2.19303e-05
1.92699 -29.6364 -16.6122 0.000121842
-23.6163 112.434 61.5416 4.36925e-05
7.24404 -86.4463 -45.1975 6.71968e-05
-4.79618 28.3465 14.747 3.4506e-05
