camera0:
0.551871 0.483662 0.999328
0.586176 0.397462 0.998867
0.607608 0.393371 0.998747
0.626345 0.391047 0.998657
0.515724 0.405234 0.999081
0.492916 0.405953 0.999084
0.47218 0.407538 0.999124
0.64551 0.403796 0.998945
0.437927 0.420288 0.999558
0.591412 0.551875 0.999713
0.508757 0.554827 0.999814
0.759815 0.713732 0.999271
0.326374 0.669567 0.999722
0.875622 0.992817 0.626355
0.129981 0.960908 0.749208
0.941418 1.45608 0.114841
0.0642477 1.24244 0.367915
0.978228 1.57243 0.0981196
0.0362123 1.3153 0.295065
0.939484 1.56986 0.148827
0.0699744 1.27977 0.379091
0.913561 1.53298 0.166644
0.0896168 1.27083 0.41
0.66477 1.51438 0.00287285
0.358847 1.49706 0.00312242
0.641574 2.20079 0.0010703
0.343338 2.18299 0.000614217
0.625297 2.83387 0.000137787
0.335761 2.81961 3.05388e-05
0.628391 2.92147 9.88953e-05
0.326615 2.90962 6.22357e-05
0.575357 3.03319 8.81868e-05
0.377219 3.01699 4.39347e-05
camera1:
0.559325 0.340948 0.998839
0.596829 0.235537 0.998461
0.623595 0.22832 0.998615
0.645448 0.22355 0.998617
0.517321 0.254247 0.998126
0.498721 0.258238 0.998027
0.483568 0.261088 0.997915
0.700408 0.233957 0.999175
0.486016 0.26801 0.998681
0.6182 0.412021 0.999643
0.528104 0.432242 0.999404
0.88937 0.597057 0.999057
0.430201 0.565847 0.999459
0.965166 0.984524 0.590362
0.136185 0.873132 0.722533
0.989398 1.46378 0.224621
-0.0635036 0.879197 0.655381
1.01228 1.59041 0.221746
-0.124005 0.887406 0.582964
0.963998 1.57292 0.301659
-0.0879839 0.868903 0.666551
0.942357 1.52757 0.320336
-0.0321562 0.886496 0.713002
0.799238 1.46239 0.0160101
0.476138 1.4404 0.0199093
0.762962 2.1576 0.00240503
0.446495 2.12769 0.00130654
0.767026 2.79511 0.000206149
0.466973 2.76649 3.65686e-05
0.784074 2.88548 0.00019969
0.465015 2.8526 7.08865e-05
0.699504 2.99468 7.90604e-05
0.510276 2.98302 2.92234e-05
fused:
0.125662 -0.237274 2.55635 0.999328
0.227499 -0.418033 2.54252 0.998867
0.291254 -0.433733 2.58308 0.998747
0.345318 -0.440741 2.59618 0.998657
0.0331391 -0.39492 2.50912 0.999081
-0.0291706 -0.405948 2.58576 0.999084
-0.0893532 -0.419524 2.6784 0.999124
0.4887 -0.514942 3.17132 0.999175
-0.230926 -0.512652 3.35575 0.999558
0.249522 -0.108764 2.78201 0.999713
0.000472162 -0.0922029 2.79498 0.999814
1.44882 0.51706 5.48314 0.999271
-1.16234 0.327428 5.88087 0.999722
1.08655 0.988467 2.87011 0.626355
-1.08394 0.759465 2.61505 0.749208
0.900419 1.36021 2.14111 0.224621
-0.77099 0.483217 1.58085 0.655381
0.886843 1.40262 1.98848 0.221746
-0.750294 0.446671 1.44654 0.582964
0.820295 1.41934 2.02043 0.301659
-0.705257 0.448523 1.46282 0.666551
0.806237 1.42986 2.10414 0.320336
-0.750551 0.515871 1.62321 0.713002
0.890519 4.72582 7.15434 0.0160101
-1.37479 4.69793 7.10047 0.0199093
0.466145 13.174 11.2794 0.00240503
-1.95516 9.18913 7.76574 0.00130654
0.459199 -26.2417 -15.7894 0.000206149
-88.0976 515.335 303.437 3.65686e-05
0.449291 -17.0857 -9.97821 0.00019969
13.3866 -78.1887 -44.1324 7.08865e-05
0.812443 -23.6427 -12.6895 8.81868e-05
5.34066 -45.4825 -23.8703 4.39347e-05
