camera0:
0.438639 0.588183 0.999624
0.471904 0.501187 0.999272
0.492591 0.498416 0.99933
0.51004 0.496361 0.999171
0.398837 0.502233 0.999377
0.375919 0.501165 0.999465
0.358739 0.499064 0.999404
0.538161 0.495253 0.999388
0.339557 0.496139 0.999692
0.479385 0.653238 0.999739
0.392923 0.657316 0.999819
0.684087 0.808487 0.998963
0.220362 0.769097 0.99949
0.785484 1.22507 0.277651
0.0629753 1.08951 0.428016
0.762502 1.57484 0.04025
0.0247046 1.49404 0.134952
0.786804 1.69775 0.038144
-0.00178468 1.59458 0.119864
0.737634 1.70321 0.060438
0.0386276 1.59279 0.164449
0.719286 1.65492 0.066313
0.057646 1.55671 0.173061
0.565615 1.58535 0.0012928
0.269317 1.56639 0.00136342
0.543428 2.23404 0.000508569
0.24902 2.21331 0.000269894
0.515493 2.82113 5.78542e-05
0.231711 2.80715 1.32921e-05
0.520441 2.91508 4.61332e-05
0.222428 2.90329 2.798e-05
0.448709 3.0199 5.13668e-05
0.270396 3.00294 2.6992e-05
camera1:
0.523046 0.56404 0.999348
0.560909 0.460172 0.999081
0.588307 0.453187 0.999115
0.614919 0.447708 0.999059
0.496668 0.472592 0.998905
0.479404 0.473569 0.998868
0.46223 0.474452 0.998797
0.668476 0.448741 0.999449
0.473008 0.470422 0.999207
0.582571 0.626375 0.999734
0.50464 0.63558 0.999584
0.856673 0.807518 0.997028
0.424441 0.716552 0.998785
0.968301 1.2257 0.352785
0.198591 0.957616 0.551791
0.889313 1.54571 0.11543
-0.0127686 1.06409 0.527501
0.886068 1.66618 0.119256
-0.0882136 1.09437 0.465641
0.845991 1.63019 0.174704
-0.0641459 1.07172 0.565639
0.834934 1.58267 0.183874
-0.0207856 1.07925 0.595469
0.780006 1.59049 0.00486539
0.468879 1.55231 0.0062117
0.722794 2.27001 0.00251123
0.43179 2.21434 0.00108936
0.700179 2.90362 0.00012351
0.400484 2.86571 4.61637e-05
0.711014 2.99939 8.45755e-05
0.397723 2.96382 6.35537e-05
0.621727 3.10607 7.30862e-05
0.405527 3.07546 0.000103225
fused:
-0.410125 0.133554 5.04197 0.999624
-0.234243 -0.252965 5.33951 0.999272
-0.123104 -0.290775 5.72944 0.99933
-0.0164991 -0.342498 6.4021 0.999171
-0.743444 -0.274321 6.08215 0.999377
-0.963724 -0.303414 6.57106 0.999465
-1.08508 -0.310501 6.57233 0.999404
0.271006 -0.53209 9.89676 0.999449
-2.10566 -0.591323 11.3751 0.999692
-0.233999 0.466802 6.08314 0.999739
-0.922682 0.562335 7.05663 0.999819
3.29893 3.90716 18.6252 0.998963
7.08038 -3.42179 -22.4796 0.99949
2.81252 5.22506 10.184 0.352785
-3.73417 2.71561 7.63649 0.551791
1.18213 3.77899 5.28561 0.11543
-1.19985 0.869912 2.1977 0.527501
0.978867 3.28359 4.16249 0.119256
-1.07915 0.780223 1.85667 0.465641
0.959931 4.13112 5.31107 0.174704
-0.95625 0.728821 1.78011 0.565639
0.959245 4.29046 5.73048 0.183874
-0.998629 0.800727 1.93526 0.595469
-0.85252 -23.9848 -31.0642 0.00486539
20.6037 -55.5323 -72.7859 0.0062117
-1.93536 61.3825 49.244 0.00251123
-17.3946 65.4381 52.1899 0.00108936
3.64694 -60.1538 -35.2455 0.00012351
-9.84344 44.4499 25.9021 4.61637e-05
1.97851 -34.0439 -19.1085 8.45755e-05
-17.9497 82.5945 45.9537 6.35537e-05
6.43863 -69.3384 -36.9685 7.30862e-05
-5.18068 26.179 14.1815 0.000103225
