camera0:
0.581864 0.32232 0.999245
0.620762 0.219289 0.998739
0.643227 0.218263 0.998618
0.662362 0.217958 0.998506
0.53912 0.21885 0.998976
0.511116 0.218428 0.998984
0.489739 0.218831 0.999018
0.69565 0.226744 0.998844
0.463275 0.226754 0.999511
0.621642 0.401317 0.99969
0.528715 0.406993 0.999795
0.812829 0.558596 0.999324
0.3755 0.499214 0.999747
0.962512 0.913463 0.657274
0.134545 0.847742 0.777735
1.06278 1.35309 0.117484
-0.0193658 1.24585 0.389886
1.11287 1.46593 0.100448
-0.0797181 1.34697 0.312409
1.06223 1.46325 0.152316
-0.0313494 1.33972 0.399009
1.02888 1.43118 0.170316
0.00379989 1.31573 0.433719
0.700935 1.37619 0.00320784
0.383332 1.33262 0.00349981
0.647465 2.1047 0.00122823
0.330925 2.07305 0.000715142
0.617152 2.74774 0.000160764
0.304792 2.72437 3.57391e-05
0.623403 2.8401 0.000113782
0.294279 2.81248 7.3289e-05
0.556777 2.95343 9.96529e-05
0.345734 2.95884 4.90751e-05
camera1:
0.490489 0.320952 0.998688
0.524694 0.220896 0.998271
0.553039 0.211847 0.998455
0.579609 0.203763 0.998469
0.459761 0.237436 0.997868
0.441155 0.240397 0.997745
0.423857 0.243262 0.997605
0.632475 0.208877 0.999081
0.436669 0.245383 0.998465
0.55074 0.383561 0.999606
0.473373 0.403562 0.999311
0.818009 0.569953 0.999219
0.409019 0.508292 0.999493
0.922061 0.998606 0.616921
0.151794 0.772137 0.713287
0.877046 1.44082 0.243845
-0.0989826 0.855411 0.649456
0.884022 1.56547 0.241139
-0.196257 0.863191 0.584429
0.826735 1.54188 0.324439
-0.176622 0.860067 0.669014
0.812556 1.49309 0.342829
-0.12862 0.874068 0.716751
0.744557 1.40655 0.0177323
0.447725 1.37902 0.0220231
0.71032 2.12141 0.00270605
0.423876 2.10076 0.00150465
0.700228 2.77791 0.000239353
0.423449 2.77744 4.28457e-05
0.715257 2.85455 0.000233713
0.426451 2.86471 8.40739e-05
0.626249 2.98428 9.06965e-05
0.426725 2.98708 3.3395e-05
fused:
0.122236 -0.281811 1.83426 0.999245
0.193708 -0.418523 1.83325 0.998739
0.241016 -0.427919 1.85239 0.998618
0.284612 -0.439629 1.88324 0.998506
0.0381779 -0.459957 2.00543 0.998976
-0.0217501 -0.483967 2.09475 0.998984
-0.0703681 -0.494875 2.13783 0.999018
0.372869 -0.453845 1.99497 0.999081
-0.150858 -0.593451 2.55315 0.999511
0.211187 -0.188498 1.90288 0.99969
0.0252476 -0.19954 2.09548 0.999795
0.701043 0.0790024 2.2405 0.999324
-0.510531 -0.102613 3.40018 0.999747
0.685146 0.463127 1.44863 0.657274
-1.12851 0.580405 2.76862 0.777735
0.536012 0.546612 0.963788 0.243845
-1.02955 0.541368 1.78614 0.649456
0.524586 0.549083 0.883165 0.241139
-1.01171 0.485711 1.57531 0.584429
0.49339 0.56375 0.910621 0.324439
-0.881087 0.476745 1.48766 0.669014
0.4898 0.576045 0.958502 0.342829
-0.862823 0.507057 1.55404 0.716751
0.47047 1.59751 2.65213 0.0177323
-0.546272 2.1731 3.59487 0.0220231
0.253155 4.48256 4.02482 0.00270605
-1.22125 5.78942 5.05721 0.00150465
-0.222532 15.9267 9.91066 0.000239353
-2.72536 15.4078 9.26818 4.28457e-05
-0.692504 28.0572 16.9897 0.000233713
-4.0146 22.6647 13.0683 8.40739e-05
-0.923176 22.9631 12.7076 9.96529e-05
-2.52543 18.7755 10.0737 4.90751e-05
