camera0:
0.419897 0.591561 0.99959
0.45714 0.505189 0.99925
0.48049 0.50164 0.99926
0.500148 0.498952 0.99914
0.388194 0.506459 0.999374
0.369038 0.504821 0.99943
0.351628 0.501975 0.999404
0.532463 0.49635 0.999342
0.339703 0.497641 0.999686
0.466717 0.656229 0.999737
0.381091 0.65975 0.999816
0.676772 0.808206 0.998883
0.227209 0.750714 0.999509
0.768979 1.22055 0.314991
0.0600675 1.05261 0.468301
0.735599 1.5578 0.0538295
0.0183543 1.37973 0.182926
0.755725 1.67453 0.0503277
-0.0105639 1.4649 0.160719
0.708511 1.6682 0.0783595
0.0289431 1.44836 0.215786
0.691327 1.62227 0.0865987
0.0481897 1.4185 0.22776
0.559446 1.55321 0.0015414
0.259004 1.52817 0.00164937
0.527804 2.2052 0.00058375
0.234085 2.17401 0.000332081
0.50761 2.79966 7.01042e-05
0.226723 2.77132 1.5754e-05
0.515448 2.89037 5.35656e-05
0.218825 2.86281 3.1967e-05
0.439901 2.99015 5.7527e-05
0.263961 2.96473 2.94706e-05
camera1:
0.501623 0.561992 0.999247
0.529856 0.457274 0.998927
0.553616 0.450729 0.999006
0.579161 0.445348 0.99897
0.47538 0.471629 0.998696
0.45832 0.474264 0.998651
0.441801 0.476517 0.99855
0.639187 0.446824 0.999361
0.460101 0.471153 0.999075
0.556005 0.625563 0.999723
0.487862 0.63874 0.999551
0.841475 0.792404 0.998449
0.414618 0.729407 0.999202
0.952891 1.22133 0.38017
0.203325 0.958715 0.604332
0.90297 1.58139 0.134351
0.0155283 1.00563 0.551928
0.912927 1.7099 0.139264
-0.0665839 1.0731 0.485978
0.866961 1.68695 0.202291
-0.0285511 1.00003 0.583402
0.85063 1.63958 0.215983
0.00256712 0.980305 0.62157
0.762965 1.58243 0.0067948
0.447134 1.55381 0.00856557
0.723402 2.26888 0.00131205
0.416007 2.22942 0.000656422
0.715368 2.89778 0.000113193
0.406645 2.87558 1.80615e-05
0.73021 2.98682 9.91558e-05
0.406178 2.96743 3.5919e-05
0.641521 3.09401 4.36399e-05
0.424672 3.07893 2.0463e-05
fused:
-0.494018 0.129861 4.89116 0.99959
-0.264819 -0.208841 4.47315 0.99925
-0.152074 -0.221862 4.4554 0.99926
-0.0606824 -0.245765 4.68284 0.99914
-0.706359 -0.231326 5.29874 0.999374
-0.837601 -0.239514 5.44163 0.99943
-0.952042 -0.247409 5.51154 0.999404
0.138165 -0.343864 6.4792 0.999361
-1.58488 -0.432474 8.56571 0.999686
-0.266532 0.399039 5.14144 0.999737
-0.940119 0.535806 6.55481 0.999816
2.40704 2.8881 14.1863 0.998883
30.0129 -14.6005 -97.3307 0.999509
2.91013 5.75275 11.2301 0.38017
-4.1676 2.9301 8.48722 0.604332
1.74092 6.30043 8.45648 0.134351
-1.35802 0.902836 2.49135 0.551928
1.50855 5.70418 6.8993 0.139264
-1.17967 0.835254 2.02113 0.485978
1.3958 6.7645 8.2512 0.202291
-1.08236 0.744893 2.01646 0.583402
1.32225 6.73658 8.53355 0.215983
-1.0811 0.743284 2.10532 0.62157
11.8164 352.25 462.488 0.0067948
-11.5814 30.5881 40.2707 0.00856557
-3.33175 107.116 85.2675 0.00131205
-6.01798 23.0712 18.2378 0.000656422
1.82529 -33.2489 -19.396 0.000113193
-6.81162 33.6198 19.3327 1.80615e-05
1.25312 -22.7175 -12.7949 9.91558e-05
-10.9799 54.629 30.1777 3.5919e-05
2.41066 -32.3151 -16.9612 5.7527e-05
-5.67044 34.6671 18.2216 2.94706e-05
