camera0:
0.465642 0.605044 0.999579
0.493121 0.51463 0.999167
0.509424 0.512105 0.999277
0.525664 0.510024 0.999053
0.428869 0.51645 0.999289
0.402085 0.515292 0.999419
0.378977 0.513814 0.999326
0.546301 0.50935 0.99932
0.346444 0.505814 0.999673
0.493457 0.66554 0.99969
0.417323 0.672729 0.999796
0.684847 0.819446 0.998903
0.224201 0.776565 0.999463
0.765128 1.22729 0.23808
0.0710574 1.0929 0.402139
0.705298 1.55049 0.0326314
0.0707403 1.48272 0.110114
0.725014 1.68533 0.031538
0.0511401 1.5858 0.0988713
0.679323 1.68021 0.0502529
0.0928989 1.57309 0.137454
0.66355 1.63316 0.0550715
0.109792 1.534 0.144301
0.56899 1.58142 0.0012244
0.275943 1.56539 0.00126811
0.544448 2.21329 0.000489189
0.25166 2.18981 0.000247064
0.524175 2.79559 5.4357e-05
0.243911 2.77433 1.19977e-05
0.529084 2.88864 4.45558e-05
0.234712 2.86886 2.56625e-05
0.464849 2.99162 5.13958e-05
0.286344 2.96812 2.66852e-05
camera1:
0.542547 0.558558 0.999431
0.579164 0.460116 0.999173
0.605376 0.4542 0.999205
0.629871 0.449612 0.999142
0.515571 0.468572 0.999019
0.498971 0.468358 0.999
0.482394 0.467804 0.998927
0.67957 0.451506 0.9995
0.490105 0.462679 0.999309
0.598325 0.621788 0.999758
0.519361 0.630643 0.999629
0.861109 0.802821 0.997258
0.433336 0.702195 0.998912
0.948803 1.26828 0.333223
0.19137 0.958503 0.565277
0.89445 1.58398 0.104763
-0.0508904 1.07947 0.507673
0.905421 1.70055 0.107926
-0.137164 1.11908 0.444308
0.859136 1.68131 0.161451
-0.111677 1.11621 0.55004
0.842312 1.63625 0.170131
-0.0707009 1.1193 0.58114
0.763096 1.57314 0.00371275
0.448437 1.53049 0.00474292
0.696095 2.25134 0.00208324
0.390427 2.20138 0.00088344
0.673826 2.86408 0.000104871
0.376935 2.82844 3.60152e-05
0.688035 2.95272 7.1759e-05
0.373141 2.91485 5.13e-05
0.5943 3.05811 6.05931e-05
0.398303 3.03652 8.12961e-05
fused:
-0.233972 0.144848 4.54003 0.999579
-0.103047 -0.207236 5.02995 0.999173
-0.0155707 -0.24787 5.58913 0.999277
0.0908225 -0.287624 6.15245 0.999142
-0.462559 -0.2046 5.18192 0.999289
-0.690731 -0.242866 5.86832 0.999419
-0.910083 -0.276672 6.39729 0.999326
0.372661 -0.475894 10.1366 0.9995
-2.57195 -0.747083 14.5645 0.999673
-0.138497 0.485796 6.07666 0.999758
-0.625972 0.508452 6.01652 0.999796
3.8545 4.58531 21.6348 0.998903
5.63979 -2.71883 -18.1754 0.999463
2.55334 5.29116 9.94087 0.333223
-2.98228 2.1727 6.20769 0.565277
2.6697 11.3163 15.1079 0.104763
-0.825851 0.657742 1.66218 0.507673
2.4686 11.1049 13.4075 0.107926
-0.741639 0.599189 1.41106 0.444308
2.34102 14.1332 17.1931 0.161451
-0.657544 0.580792 1.36702 0.55004
2.04048 13.0489 16.4791 0.170131
-0.667084 0.616367 1.44601 0.58114
4.09912 107.448 141.494 0.00371275
-7.90313 21.0742 28.2942 0.00474292
-0.512865 16.1735 13.1921 0.00208324
-3.10676 11.5629 9.38695 0.00088344
-4.60157 76.4491 45.6533 0.000104871
-3.94643 17.8013 10.6008 3.60152e-05
7.51443 -131.448 -75.0885 7.1759e-05
-5.32804 24.3506 13.8589 5.13e-05
-6.06417 69.6781 37.7263 6.05931e-05
-3.36839 17.3873 9.59441 8.12961e-05
