camera0:
0.414317 0.886926 0.98571
0.45464 0.807086 0.983802
0.478065 0.810443 0.985286
0.497096 0.813868 0.983599
0.377742 0.799164 0.98442
0.355032 0.796499 0.984886
0.333773 0.794964 0.984008
0.516379 0.842025 0.985717
0.317911 0.820225 0.988462
0.455483 0.961924 0.972183
0.362207 0.955825 0.967294
0.677364 1.12142 0.772903
0.209862 1.03991 0.714755
0.817336 1.24081 0.202834
0.10584 1.28606 0.236242
0.738742 1.04488 0.0993469
0.349232 0.999411 0.109404
0.745462 0.998166 0.132952
0.411622 0.920995 0.125112
0.709492 0.972171 0.164549
0.412616 0.90426 0.158489
0.684435 0.997034 0.155637
0.399268 0.936164 0.152362
0.57381 2.10834 0.00384908
0.281197 2.10016 0.00461092
0.585126 1.79194 0.00633331
0.0843678 1.83156 0.00585432
0.575092 2.26611 0.000822698
0.307535 2.08334 0.000490453
0.568083 2.39717 0.000932544
0.343212 2.14214 0.000450185
0.584145 2.24754 0.00222655
0.33948 2.05781 0.00119755
camera1:
0.851014 0.518648 0.907324
0.879321 0.405873 0.902246
0.90771 0.39839 0.897105
0.930268 0.391067 0.902214
0.811666 0.425915 0.906712
0.791247 0.43312 0.903228
0.772942 0.440188 0.915368
0.972219 0.397497 0.909592
0.772749 0.448625 0.923895
0.914576 0.595938 0.938717
0.827222 0.616495 0.943939
1.18632 0.754686 0.927978
0.716643 0.770786 0.972474
1.27208 1.07719 0.189726
0.428654 0.976148 0.443748
1.18822 1.21685 0.071018
0.28733 1.13221 0.395359
1.18346 1.28488 0.0790485
0.232477 1.32402 0.351613
1.17388 1.23991 0.113435
0.264405 1.3149 0.432607
1.16345 1.22312 0.119821
0.303496 1.29295 0.455415
1.09529 1.68707 0.0023331
0.747334 1.66989 0.00314094
1.04731 2.39988 0.00171601
0.713592 2.35886 0.000768169
1.03275 3.05024 0.000138923
0.718476 3.01294 4.30914e-05
1.03798 3.14274 9.16971e-05
0.718454 3.09829 8.14501e-05
0.985993 3.27304 0.000118738
0.762443 3.25497 0.000130246
fused:
0.16023 -0.224785 -1.59883 0.98571
0.0858294 -0.112311 -1.74533 0.983802
0.0405111 -0.110589 -1.70657 0.985286
0.00406453 -0.105264 -1.68533 0.983599
0.222809 -0.111623 -1.67463 0.98442
0.26236 -0.113943 -1.65992 0.984886
0.297423 -0.11151 -1.64445 0.984008
-0.0271789 -0.116551 -1.51912 0.985717
0.30583 -0.126003 -1.54174 0.988462
0.0857937 -0.276934 -1.42051 0.972183
0.226294 -0.279453 -1.40786 0.967294
-0.190474 -0.328313 -1.13726 0.927978
0.410511 -0.314954 -1.25516 0.972474
-0.453588 -0.733624 -1.48208 0.202834
1.46425 -1.25748 -3.24626 0.443748
-0.398867 -0.758492 -1.67522 0.0993469
-0.340234 0.793097 1.90834 0.395359
-0.451053 -0.790945 -1.82932 0.132952
-0.111745 0.648698 1.2551 0.351613
-0.322582 -0.6476 -1.54882 0.164549
-0.117574 0.687691 1.34412 0.432607
-0.26166 -0.625672 -1.43987 0.155637
-0.165819 0.795038 1.56549 0.455415
-0.0131829 -1.09702 -0.927517 0.00384908
0.35346 -1.38659 -1.19352 0.00461092
-0.40859 -5.08198 -4.85363 0.00633331
0.67911 -1.55859 -1.4757 0.00585432
1.44773 29.3602 20.8163 0.000822698
-2.52362 14.2546 11.3533 0.000490453
3.26779 88.1203 58.5413 0.000932544
-0.857731 6.46609 4.90042 0.000450185
0.243661 4.74215 3.42807 0.00222655
-0.904786 6.05371 4.8786 0.00119755
