camera0:
0.444937 0.589731 0.999617
0.477809 0.501419 0.99925
0.49695 0.498811 0.999326
0.513479 0.496751 0.999144
0.404934 0.502105 0.999356
0.380677 0.500998 0.99946
0.362979 0.498909 0.999384
0.539526 0.495455 0.99938
0.340764 0.494917 0.99969
0.482157 0.653722 0.999728
0.395913 0.659219 0.999814
0.684028 0.805979 0.998965
0.221618 0.764401 0.999481
0.785074 1.20135 0.268894
0.0677584 1.07571 0.422848
0.760919 1.54265 0.037435
0.0254752 1.44903 0.125398
0.783232 1.66091 0.0355561
0.00187354 1.54063 0.111507
0.737335 1.66253 0.0564586
0.0396566 1.53085 0.153583
0.719035 1.61631 0.0619096
0.0577425 1.49771 0.161635
0.568189 1.55632 0.00125781
0.268936 1.53958 0.00131227
0.546094 2.20306 0.00049667
0.249614 2.17998 0.000260236
0.527974 2.79042 5.5512e-05
0.244211 2.77021 1.28403e-05
0.534167 2.88174 4.43955e-05
0.235778 2.86196 2.69911e-05
0.467723 2.98572 5.04768e-05
0.292454 2.96684 2.62675e-05
camera1:
0.537865 0.565082 0.999388
0.576081 0.462274 0.999133
0.603041 0.455643 0.999162
0.628002 0.450419 0.999105
0.508489 0.472927 0.99897
0.491051 0.4737 0.998939
0.473962 0.474147 0.998871
0.67502 0.451419 0.999478
0.479754 0.468384 0.999256
0.594698 0.626863 0.999746
0.514308 0.635748 0.999607
0.857427 0.808705 0.997035
0.423516 0.717247 0.998806
0.961488 1.23607 0.346064
0.198839 0.957556 0.555537
0.887504 1.55484 0.111342
-0.0337913 0.992076 0.527956
0.886002 1.67642 0.115034
-0.112957 1.03709 0.465169
0.845833 1.64628 0.169583
-0.0968462 1.02664 0.567546
0.833861 1.59771 0.177978
-0.0331525 0.999642 0.596926
0.776216 1.58943 0.00443274
0.46166 1.55265 0.00566475
0.72681 2.27485 0.00242715
0.429251 2.22762 0.00103482
0.710663 2.90433 0.000118277
0.406805 2.87161 4.32013e-05
0.722516 2.99896 7.97682e-05
0.403622 2.96535 6.00801e-05
0.638859 3.10332 6.94479e-05
0.423067 3.07874 9.67609e-05
fused:
-0.413772 0.15192 5.54742 0.999617
-0.225545 -0.279714 5.98947 0.99925
-0.111664 -0.329894 6.59896 0.999326
0.00731605 -0.391346 7.43334 0.999144
-0.762384 -0.296959 6.58701 0.999356
-1.03351 -0.338362 7.30033 0.99946
-1.18269 -0.350929 7.36792 0.999384
0.322869 -0.594958 11.2557 0.999478
-2.42665 -0.706629 13.2095 0.99969
-0.246615 0.534608 6.9486 0.999746
-1.00112 0.631387 7.85234 0.999814
3.44033 4.06851 19.4367 0.998965
7.80913 -3.74876 -24.8922 0.999481
2.26875 4.16316 8.14936 0.346064
-3.44653 2.49446 7.12862 0.555537
1.09389 3.41618 4.77076 0.111342
-1.05737 0.665722 1.9719 0.527956
0.934465 3.06138 3.87236 0.115034
-0.946761 0.619156 1.66479 0.465169
0.878974 3.59422 4.60126 0.169583
-0.833741 0.582164 1.57918 0.567546
0.872129 3.71368 4.94042 0.177978
-0.91055 0.630944 1.80295 0.596926
-8.34269 -180.196 -234.717 0.00443274
-27.3472 74.5301 98.0149 0.00566475
-0.577672 28.296 22.7625 0.00242715
-6.19822 24.2921 19.3582 0.00103482
284.616 -5902.32 -3484.77 0.000118277
-4.71711 22.6771 13.2996 4.32013e-05
3.5648 -78.826 -44.6187 7.97682e-05
-6.00175 29.2926 16.4481 6.00801e-05
122.433 -1560.18 -839.421 6.94479e-05
-3.30271 18.2411 9.95738 9.67609e-05
