camera0:
0.40386 0.885845 0.986216
0.447917 0.806195 0.984459
0.474664 0.809847 0.986139
0.494283 0.813361 0.984554
0.374366 0.797682 0.984531
0.35345 0.794693 0.984754
0.332656 0.792867 0.983362
0.51802 0.840654 0.986435
0.318269 0.814287 0.98767
0.450339 0.959392 0.967619
0.35763 0.952764 0.95918
0.684429 1.12917 0.748092
0.208353 1.03001 0.683187
0.817415 1.27643 0.212176
0.104958 1.26754 0.220427
0.700104 1.05077 0.117818
0.283331 1.00269 0.105181
0.692972 1.00488 0.156576
0.329247 0.924549 0.124075
0.663737 0.974755 0.190537
0.330946 0.908392 0.156213
0.657343 1.00062 0.177748
0.298278 0.939531 0.149034
0.571408 2.10067 0.00360322
0.275734 2.06491 0.0042719
0.565305 1.79221 0.00843091
0.0570941 1.82684 0.00865245
0.577031 2.29479 0.00106586
0.300437 2.09187 0.000571664
0.574058 2.42958 0.00120472
0.339922 2.15309 0.000513293
0.580233 2.28667 0.00272903
0.329271 2.07327 0.00136611
camera1:
0.699931 0.455125 0.916528
0.746376 0.352993 0.911878
0.773273 0.349269 0.907257
0.797868 0.347678 0.911811
0.668731 0.36423 0.915919
0.648427 0.365545 0.9128
0.633623 0.3664 0.923724
0.8599 0.367935 0.918483
0.636823 0.37631 0.931431
0.756037 0.532051 0.94471
0.66832 0.541613 0.949447
1.01898 0.732233 0.929964
0.571923 0.6694 0.97469
1.07963 1.17762 0.179638
0.270294 0.907734 0.441509
0.985567 1.54941 0.0666429
0.0389971 0.966021 0.406126
0.988915 1.69002 0.0754956
-0.0427867 1.04046 0.367213
0.937815 1.66123 0.109249
-0.0129924 1.02539 0.452526
0.924488 1.6021 0.11524
0.0581296 0.949775 0.472484
0.91963 1.6458 0.00214305
0.595443 1.57838 0.0028975
0.819177 2.27876 0.0022753
0.484354 2.1737 0.00112772
0.8115 2.98241 0.000165298
0.508521 2.91336 5.9942e-05
0.838021 3.10103 0.000101292
0.52231 3.01651 9.48798e-05
0.703768 3.17198 0.00015177
0.484781 3.16042 0.000152456
fused:
0.443994 -0.468698 -4.15487 0.986216
0.22971 -0.187103 -4.44131 0.984459
0.102479 -0.19669 -4.47339 0.986139
0.00550974 -0.187322 -4.28499 0.984554
0.60365 -0.187936 -4.58795 0.984531
0.703755 -0.185486 -4.56008 0.984754
0.759352 -0.161142 -4.30968 0.983362
-0.0682428 -0.186095 -2.99462 0.986435
0.69882 -0.180276 -3.63475 0.98767
0.221785 -0.590023 -3.61298 0.967619
0.559439 -0.56276 -3.47935 0.95918
-0.503796 -0.754333 -2.8329 0.929964
0.797198 -0.454457 -2.48586 0.97469
-2.77387 -4.86958 -9.05665 0.212176
-8.30634 6.04287 18.5915 0.441509
-3.51566 -8.73326 -17.0449 0.117818
-0.303005 0.360905 1.20362 0.406126
-3.11817 -7.64825 -15.6794 0.156576
-0.192462 0.325969 0.956285 0.367213
-12.2536 -35.1955 -71.2669 0.190537
-0.199157 0.331073 0.99865 0.452526
-186.969 -577.766 -1118.08 0.177748
-0.284932 0.349219 1.21203 0.472484
-0.00233322 -1.78609 -1.55019 0.00360322
0.611467 -2.17391 -1.96909 0.0042719
0.380118 6.79557 6.55609 0.00843091
1.65954 -3.5525 -3.38489 0.00865245
0.187242 3.96667 2.78017 0.00106586
-0.587372 3.23287 2.55952 0.000571664
0.198523 5.0154 3.28074 0.00120472
-0.379509 2.78589 2.10319 0.000513293
0.104134 2.213 1.56511 0.00272903
-0.329498 2.09455 1.67307 0.00136611
