camera0:
0.462742 0.806246 0.994145
0.501247 0.723765 0.993151
0.52359 0.723836 0.993994
0.543836 0.724822 0.993256
0.43031 0.722439 0.993093
0.405579 0.722065 0.993185
0.384779 0.722021 0.992478
0.581151 0.733338 0.994231
0.360369 0.72359 0.99437
0.503738 0.876236 0.986156
0.421297 0.877507 0.98267
0.705021 1.01626 0.885594
0.246176 0.990881 0.857779
0.796834 1.41401 0.151717
0.143805 1.42387 0.168249
0.733492 1.67069 0.0732012
0.194954 1.65139 0.0582946
0.743153 1.78125 0.0955341
0.184933 1.76403 0.074153
0.706756 1.75349 0.119849
0.22631 1.72299 0.0998769
0.693559 1.7101 0.111209
0.236331 1.67852 0.0951913
0.612404 1.81733 0.00176561
0.274349 1.79408 0.00195558
0.593016 2.48375 0.00603133
0.294021 2.45202 0.00592527
0.577613 3.07844 0.000671346
0.286555 3.04795 0.00034596
0.582967 3.17459 0.000683303
0.277014 3.14751 0.000324625
0.507524 3.28176 0.00159323
0.341831 3.24388 0.000881404
camera1:
0.377276 0.738126 0.970534
0.401025 0.639372 0.968712
0.424838 0.631165 0.9672
0.451326 0.623987 0.96872
0.34389 0.657632 0.969978
0.324979 0.661883 0.968924
0.306055 0.665711 0.972602
0.515836 0.620796 0.971221
0.305603 0.664942 0.975524
0.436797 0.796455 0.98048
0.365515 0.815449 0.98186
0.744653 0.930499 0.97366
0.226945 0.988274 0.985558
0.847425 1.34713 0.172942
0.159979 1.42471 0.36447
0.798275 1.71269 0.0445313
0.181208 1.77805 0.231962
0.815152 1.83924 0.0492307
0.16968 1.91493 0.205548
0.774876 1.84567 0.0759633
0.218325 1.89943 0.267822
0.759051 1.79779 0.0781704
0.235969 1.84639 0.281975
0.679966 1.77905 0.00128481
0.320849 1.80148 0.00162386
0.696909 2.47804 0.00134401
0.389045 2.49361 0.0006593
0.739777 3.11388 0.000135799
0.436777 3.12909 3.5099e-05
0.760408 3.21078 7.69203e-05
0.441671 3.23017 6.90171e-05
0.675895 3.3289 0.000108682
0.486467 3.33305 0.000153277
fused:
-0.101755 0.322117 1.78384 0.994145
-0.0236799 0.191684 1.68413 0.993151
0.0169664 0.186808 1.67856 0.993994
0.05449 0.185424 1.69889 0.993256
-0.162616 0.21321 1.7986 0.993093
-0.215678 0.220399 1.8445 0.993185
-0.259383 0.224183 1.86315 0.992478
0.132589 0.204016 1.83354 0.994231
-0.337254 0.244573 2.04266 0.99437
-0.0269431 0.426927 1.87588 0.986156
-0.205469 0.470109 2.0024 0.98267
0.528566 0.872891 2.69298 0.97366
-0.684476 0.799206 2.34853 0.985558
0.73689 1.6464 2.69761 0.172942
-1.12001 1.78732 2.7251 0.36447
0.620739 2.56559 2.92876 0.0732012
-0.776015 1.96129 2.2146 0.231962
0.678363 2.96329 3.05372 0.0955341
-0.779393 2.12124 2.16326 0.205548
0.536842 2.7627 2.91423 0.119849
-0.678429 2.10098 2.18078 0.267822
0.493397 2.63987 2.89757 0.111209
-0.679717 2.09943 2.2625 0.281975
0.276246 3.80693 3.95619 0.00176561
-0.937729 3.27089 3.37993 0.00195558
0.806231 18.6929 12.0333 0.00603133
-1.41042 9.02707 5.85414 0.00592527
-0.346496 -14.8026 -7.29305 0.000671346
-15.9004 128.616 63.7355 0.00034596
-0.322482 -10.8158 -5.10993 0.000683303
15.2277 -119.205 -57.0545 0.000324625
0.077925 -12.4293 -5.63571 0.00159323
6.48594 -71.4284 -32.945 0.000881404
