camera0:
0.468197 0.578926 0.999382
0.496742 0.502779 0.998952
0.519908 0.501864 0.998844
0.542017 0.501748 0.998759
0.43474 0.503683 0.999143
0.412566 0.503284 0.999148
0.391437 0.503698 0.999184
0.561061 0.516833 0.999019
0.357608 0.519298 0.99958
0.498334 0.647104 0.999724
0.435159 0.644967 0.999816
0.684126 0.851101 0.999167
0.229744 0.782584 0.999635
0.759629 1.26927 0.574276
0.0865015 1.05023 0.703566
0.748186 1.64917 0.104478
0.0588483 1.39837 0.335954
0.770986 1.78662 0.0898611
0.0145768 1.50124 0.271893
0.72831 1.79607 0.136677
0.0575472 1.49331 0.351349
0.709361 1.74286 0.152543
0.0782005 1.45923 0.378227
0.568482 1.66679 0.00262109
0.246989 1.63681 0.00284345
0.537936 2.33442 0.000983498
0.233414 2.3025 0.000560887
0.508202 2.94356 0.000125725
0.216829 2.91052 2.78362e-05
0.512278 3.04146 9.01439e-05
0.208204 3.0091 5.69618e-05
0.442578 3.13367 8.1965e-05
0.260589 3.10827 4.18089e-05
camera1:
0.544395 0.360578 0.998765
0.591042 0.254326 0.998343
0.620885 0.252501 0.998482
0.639156 0.252823 0.998479
0.516277 0.262138 0.997991
0.491006 0.264521 0.997882
0.466906 0.266753 0.997781
0.698418 0.275386 0.99905
0.454264 0.277083 0.998605
0.594456 0.444104 0.999593
0.507803 0.456417 0.999379
0.848172 0.665231 0.998561
0.376479 0.568197 0.999268
0.905412 1.13864 0.551385
0.0756021 0.859329 0.715314
0.850049 1.46282 0.208077
-0.20715 0.90717 0.629673
0.86076 1.58088 0.206603
-0.299721 0.925456 0.556233
0.812686 1.54671 0.282377
-0.278888 0.917149 0.64251
0.795724 1.50082 0.300882
-0.232411 0.930051 0.692465
0.72251 1.46848 0.0145286
0.404306 1.43795 0.0180511
0.678155 2.181 0.00232394
0.374801 2.14636 0.00124224
0.669136 2.81127 0.000199565
0.384598 2.7886 3.46188e-05
0.681096 2.89569 0.000189996
0.380599 2.86862 6.75938e-05
0.605214 3.0226 7.57755e-05
0.419017 3.01651 2.84266e-05
fused:
-0.136515 -0.215824 3.90275 0.999382
0.00859314 -0.540399 4.3049 0.998952
0.122234 -0.570309 4.52603 0.998844
0.217716 -0.537757 4.30818 0.998759
-0.258691 -0.491299 3.96424 0.999143
-0.34742 -0.482029 3.89176 0.999148
-0.427808 -0.471214 3.81644 0.999184
0.488424 -0.778746 6.97864 0.99905
-0.679528 -0.529663 4.58723 0.99958
-0.0315159 0.0167641 4.75006 0.999724
-0.29844 0.0257626 3.9624 0.999816
2.12749 1.96965 11.6473 0.999167
-3.10274 1.03264 10.3991 0.999635
1.71491 3.56759 7.06791 0.574276
-1.10763 0.753898 2.39589 0.715314
1.09325 3.98216 5.77318 0.208077
-0.582015 0.390364 1.16544 0.629673
1.12268 4.44915 5.82309 0.206603
-0.588452 0.370208 1.06942 0.556233
0.929321 4.80873 6.35467 0.282377
-0.525844 0.369207 1.03938 0.64251
0.828084 4.46823 6.13864 0.300882
-0.525357 0.389189 1.08652 0.692465
-0.006618 33.6414 49.2193 0.0145286
-14.4632 29.6752 43.7897 0.0180511
3.1283 -41.6141 -33.9111 0.00232394
-26.1338 83.8556 67.677 0.00124224
1.06261 -11.0253 -6.38242 0.000199565
5.28923 -22.1625 -12.5702 3.46188e-05
0.962699 -9.1538 -5.14885 0.000189996
3.99809 -16.8315 -9.15576 6.75938e-05
1.16304 -11.0842 -5.70781 8.1965e-05
3.47662 -19.7364 -9.98546 4.18089e-05
