camera0:
0.457258 0.807227 0.994705
0.498644 0.724388 0.993769
0.522331 0.724717 0.994549
0.543382 0.726134 0.993851
0.427339 0.722957 0.993717
0.404252 0.722705 0.993822
0.384526 0.722746 0.993166
0.581506 0.735872 0.994752
0.360847 0.724837 0.994897
0.500248 0.878602 0.987499
0.416673 0.87903 0.984367
0.702785 1.01742 0.896551
0.250392 0.990885 0.871812
0.785617 1.42712 0.144319
0.146641 1.43931 0.170753
0.714298 1.67179 0.0680887
0.196523 1.67133 0.057385
0.722087 1.78209 0.0884995
0.187637 1.78407 0.0727739
0.686849 1.75451 0.111667
0.226702 1.74454 0.0992044
0.674447 1.7111 0.104054
0.236535 1.69971 0.0947438
0.612291 1.82869 0.00165288
0.274358 1.80236 0.00182438
0.592637 2.48781 0.00547674
0.293588 2.4539 0.00536144
0.577788 3.07869 0.00060831
0.286988 3.04778 0.000312312
0.583189 3.1752 0.000618935
0.277895 3.14744 0.000295226
0.508436 3.28174 0.00143929
0.34285 3.24348 0.000800969
camera1:
0.377397 0.736567 0.973435
0.401104 0.638247 0.9717
0.424927 0.630511 0.97037
0.451096 0.623385 0.971711
0.344244 0.656421 0.972849
0.325588 0.661017 0.971919
0.306893 0.665096 0.975211
0.516504 0.619788 0.973992
0.306944 0.66417 0.977874
0.4376 0.796046 0.982379
0.366081 0.81528 0.983604
0.750207 0.929493 0.976063
0.222009 1.00268 0.986932
0.862323 1.35684 0.161689
0.154016 1.47434 0.340322
0.800096 1.71742 0.0409052
0.183976 1.84694 0.210974
0.818885 1.84379 0.0454408
0.168044 1.98712 0.18805
0.776888 1.85005 0.0704132
0.215981 1.97674 0.246004
0.760648 1.80049 0.0724989
0.234397 1.91872 0.258616
0.687061 1.79978 0.00116659
0.367909 1.85464 0.00147544
0.726262 2.51055 0.00121405
0.411006 2.53639 0.00059612
0.770806 3.14515 0.000123406
0.463231 3.17132 3.17449e-05
0.791879 3.24267 7.02619e-05
0.466862 3.2753 6.27387e-05
0.710621 3.37346 9.93413e-05
0.523813 3.38603 0.000139647
fused:
-0.114378 0.327967 1.8208 0.994705
-0.0284602 0.192717 1.69953 0.993769
0.014907 0.187446 1.68604 0.994549
0.0538393 0.185682 1.69973 0.993851
-0.170154 0.21485 1.81991 0.993717
-0.219656 0.221436 1.85709 0.993822
-0.260745 0.22488 1.87004 0.993166
0.133565 0.204762 1.83382 0.994752
-0.337074 0.245481 2.04878 0.994897
-0.0344776 0.435395 1.90775 0.987499
-0.219968 0.481208 2.04551 0.984367
0.548174 0.918635 2.82773 0.976063
-0.645803 0.780889 2.25134 0.986932
0.846186 2.0195 3.24183 0.161689
-1.03707 1.76064 2.55892 0.340322
0.652976 2.97827 3.37945 0.0680887
-0.729142 1.98868 2.1402 0.210974
0.73147 3.53836 3.62882 0.0884995
-0.71213 2.08797 2.0422 0.18805
0.554394 3.20448 3.36168 0.111667
-0.619535 2.07444 2.05786 0.246004
0.504056 3.04527 3.32409 0.104054
-0.625812 2.08461 2.147 0.258616
0.293826 4.03445 4.1321 0.00165288
-1.20034 4.39535 4.42303 0.00182438
1.27244 29.1523 18.7031 0.00547674
-1.52106 9.74304 6.31007 0.00536144
-0.319372 -13.1817 -6.48892 0.00060831
-25.7717 209.212 103.658 0.000312312
-0.303433 -10.0678 -4.75441 0.000618935
14.2901 -113.076 -54.0726 0.000295226
0.0690444 -12.0451 -5.46103 0.00143929
5.10729 -57.0526 -26.2981 0.000800969
