camera0:
0.448812 0.808121 0.995212
0.489698 0.724762 0.994336
0.514093 0.724861 0.995058
0.536441 0.726349 0.994398
0.419305 0.724327 0.994288
0.399086 0.724309 0.994404
0.38168 0.724488 0.993795
0.579943 0.73655 0.995237
0.361582 0.728055 0.995382
0.494854 0.880225 0.988718
0.411591 0.880302 0.985903
0.702995 1.02795 0.906382
0.254625 0.992311 0.884484
0.786367 1.43455 0.137996
0.148564 1.42701 0.171592
0.711733 1.67245 0.0633778
0.195828 1.66767 0.0563063
0.716216 1.78223 0.0818661
0.185827 1.78293 0.0711013
0.682237 1.75402 0.103781
0.223792 1.74487 0.0978611
0.671474 1.70913 0.0970503
0.234512 1.69963 0.0938145
0.613245 1.83159 0.00156155
0.274321 1.80271 0.00172292
0.591918 2.48771 0.00499126
0.292162 2.44746 0.00485891
0.577589 3.07622 0.000552214
0.287005 3.0387 0.000281999
0.583232 3.17489 0.000561861
0.278346 3.14028 0.000268809
0.508298 3.27697 0.00130119
0.343285 3.23452 0.000729749
camera1:
0.388558 0.733132 0.976062
0.416638 0.635238 0.974462
0.442916 0.628664 0.973274
0.468631 0.622643 0.97447
0.354427 0.648883 0.975495
0.336417 0.651476 0.974663
0.317569 0.653933 0.977617
0.52613 0.61922 0.976538
0.315689 0.658786 0.980032
0.44931 0.794429 0.984118
0.371941 0.812145 0.98521
0.753137 0.933117 0.978263
0.237188 1.00128 0.988163
0.875726 1.36913 0.15737
0.173519 1.46715 0.321442
0.811222 1.74212 0.0384001
0.185686 1.83987 0.193393
0.828797 1.87711 0.0429976
0.164592 1.98146 0.173857
0.779232 1.87805 0.066964
0.211432 1.97018 0.228709
0.763536 1.82626 0.0688939
0.23288 1.91402 0.240122
0.694801 1.80712 0.00108384
0.362327 1.85096 0.00137278
0.722858 2.5248 0.00110422
0.409691 2.5408 0.000542678
0.753538 3.15896 0.000114921
0.457535 3.17946 2.90541e-05
0.771386 3.25662 6.62909e-05
0.461162 3.28085 5.8259e-05
0.693749 3.38266 9.29548e-05
0.511501 3.39652 0.000129227
fused:
-0.140457 0.350377 1.95925 0.995212
-0.0482763 0.206736 1.85147 0.994336
0.000397787 0.202861 1.84811 0.995058
0.0451911 0.200822 1.85371 0.994398
-0.197631 0.223767 1.94405 0.994288
-0.242627 0.227658 1.96763 0.994404
-0.278483 0.228051 1.96207 0.993795
0.136253 0.212921 1.91229 0.995237
-0.34527 0.250893 2.11273 0.995382
-0.0485756 0.465953 2.0418 0.988718
-0.241711 0.502084 2.141 0.985903
0.557607 0.950429 2.87828 0.978263
-0.667707 0.821221 2.36461 0.988163
0.92672 2.23255 3.54182 0.15737
-1.11898 1.90629 2.78389 0.321442
0.689536 3.17823 3.57999 0.0633778
-0.740112 2.00308 2.16528 0.193393
0.759403 3.76489 3.83637 0.0818661
-0.716446 2.0766 2.03799 0.173857
0.546763 3.22589 3.36283 0.103781
-0.629136 2.06734 2.0585 0.228709
0.49994 3.04828 3.30721 0.0970503
-0.636183 2.09169 2.16005 0.240122
0.316527 4.25149 4.33112 0.00156155
-1.15761 4.22738 4.25827 0.00172292
0.986756 22.7554 14.5956 0.00499126
-1.46372 9.28939 6.03596 0.00485891
-0.419576 -17.6448 -8.69776 0.000552214
-7.80271 63.1306 31.3914 0.000281999
-0.373874 -12.4908 -5.90069 0.000561861
-427.562 3379.17 1620.41 0.000268809
0.0875957 -14.9093 -6.77175 0.00130119
44.7574 -499.344 -230.941 0.000729749
