camera0:
0.460702 0.592248 0.999609
0.488569 0.501579 0.999234
0.505165 0.499017 0.999321
0.520989 0.497033 0.999125
0.422357 0.502713 0.99934
0.394989 0.502006 0.999452
0.372611 0.500842 0.999368
0.542677 0.497099 0.999373
0.342717 0.49678 0.999688
0.490447 0.656023 0.999722
0.410532 0.664632 0.999812
0.684996 0.810443 0.998954
0.227159 0.764503 0.999472
0.777537 1.21893 0.255148
0.067831 1.08496 0.410499
0.740461 1.54919 0.035128
0.057128 1.44066 0.11837
0.761285 1.66515 0.0336793
0.034931 1.53015 0.105952
0.713361 1.66582 0.0536377
0.075672 1.51417 0.146717
0.695494 1.61929 0.0587495
0.0934681 1.48113 0.154084
0.568881 1.56714 0.00123142
0.266496 1.54718 0.00127695
0.544713 2.2102 0.00049626
0.24934 2.18536 0.00025333
0.522898 2.79389 5.45329e-05
0.239841 2.773 1.23781e-05
0.527645 2.88537 4.36509e-05
0.230416 2.86634 2.59895e-05
0.46307 2.9891 5.03356e-05
0.284418 2.96901 2.59607e-05
camera1:
0.540794 0.559645 0.999412
0.57808 0.461431 0.999155
0.604646 0.455294 0.999183
0.629818 0.45028 0.999122
0.512401 0.46953 0.998998
0.495824 0.468948 0.998972
0.479493 0.468036 0.998907
0.679273 0.451423 0.999487
0.486702 0.462886 0.999282
0.59702 0.624247 0.999752
0.517239 0.630854 0.999618
0.858254 0.800837 0.997085
0.429933 0.704423 0.998864
0.962936 1.23437 0.341414
0.208359 0.959312 0.56539
0.905472 1.55973 0.108717
-0.0186497 1.01453 0.533922
0.914135 1.6809 0.112105
-0.110136 1.07441 0.468414
0.871657 1.65845 0.166483
-0.0939665 1.05704 0.573854
0.85498 1.61137 0.175154
-0.0471395 1.06132 0.602974
0.767797 1.56581 0.00403629
0.453367 1.52125 0.00516876
0.70667 2.25098 0.00226092
0.411975 2.19398 0.000964246
0.681669 2.86852 0.000111815
0.388555 2.83074 3.95128e-05
0.693773 2.95605 7.58339e-05
0.385123 2.92038 5.58756e-05
0.603127 3.06606 6.46077e-05
0.399801 3.0364 8.90104e-05
fused:
-0.273199 0.129071 4.75552 0.999609
-0.140157 -0.246642 5.34177 0.999234
-0.0491737 -0.29588 5.98822 0.999321
0.0603955 -0.351323 6.75539 0.999125
-0.533074 -0.246808 5.4924 0.99934
-0.794776 -0.295629 6.30561 0.999452
-1.02667 -0.334085 6.85505 0.999368
0.369029 -0.598371 11.4775 0.999487
-2.74234 -0.833613 15.1446 0.999688
-0.166957 0.486586 6.3068 0.999752
-0.72173 0.525337 6.4703 0.999812
3.3921 3.95526 19.0286 0.998954
7.28905 -3.45296 -23.7131 0.999472
2.89199 5.53849 10.7629 0.341414
-4.01966 2.91285 8.31113 0.56539
1.76486 6.14618 8.44783 0.108717
-0.95102 0.660894 1.88588 0.533922
1.51823 5.52894 6.86485 0.112105
-0.831528 0.611084 1.55013 0.468414
1.55436 7.32615 9.1597 0.166483
-0.718448 0.562045 1.46163 0.573854
1.47446 7.30966 9.49866 0.175154
-0.74539 0.61189 1.57984 0.602974
-95.2574 -2347.73 -3117.05 0.00403629
-32.2098 82.9381 112.201 0.00516876
-0.627371 20.9799 17.0914 0.00226092
-5.36384 19.9502 16.1833 0.000964246
-8.52126 142.84 85.2091 0.000111815
-5.17056 23.3631 13.8697 3.95128e-05
5.26211 -91.5405 -52.3342 7.58339e-05
-7.33608 33.5956 19.0697 5.58756e-05
-8.54674 97.2535 52.7036 6.46077e-05
-3.57675 18.3253 10.1134 8.90104e-05
