camera0:
0.460074 0.532132 0.999573
0.489977 0.449471 0.999164
0.506865 0.446468 0.999267
0.522531 0.443798 0.99905
0.424053 0.452201 0.999287
0.397744 0.45036 0.999411
0.376124 0.449722 0.999322
0.544698 0.450555 0.999314
0.346974 0.455267 0.999665
0.491228 0.592169 0.999687
0.412537 0.597978 0.999794
0.676793 0.745595 0.998883
0.234818 0.708372 0.999445
0.78999 1.03128 0.245291
0.0719312 0.983276 0.395481
0.838864 1.49585 0.0309696
-0.115232 1.31005 0.106263
0.870213 1.61324 0.0302981
-0.193652 1.37317 0.0964771
0.8225 1.61969 0.0486451
-0.159646 1.38105 0.135409
0.797154 1.58371 0.053453
-0.117438 1.36816 0.142851
0.567192 1.52226 0.00120336
0.273925 1.50716 0.00124012
0.547203 2.17136 0.00050292
0.27165 2.15218 0.000251004
0.530648 2.75965 5.37051e-05
0.257955 2.74685 1.23409e-05
0.536326 2.84277 4.47992e-05
0.248746 2.83726 2.59287e-05
0.473685 2.95223 5.04562e-05
0.295895 2.93514 2.65765e-05
camera1:
0.455774 0.525517 0.999491
0.489633 0.431297 0.99925
0.511089 0.425937 0.999278
0.532569 0.421943 0.999226
0.425093 0.440615 0.999109
0.404333 0.44189 0.999085
0.386085 0.443183 0.999015
0.592545 0.426719 0.999545
0.385109 0.444147 0.999358
0.498183 0.587758 0.999781
0.429801 0.605155 0.999663
0.751999 0.753178 0.997609
0.337738 0.685381 0.998985
0.826953 1.21078 0.323316
0.13417 0.951302 0.548122
0.775116 1.54468 0.103073
-0.0518877 1.02142 0.493964
0.785756 1.66466 0.107922
-0.132221 1.02362 0.433462
0.73817 1.64535 0.163508
-0.105663 1.00819 0.539632
0.722416 1.60304 0.172138
-0.0360436 0.971338 0.572615
0.656255 1.54106 0.00327424
0.361464 1.50729 0.00415396
0.613484 2.2151 0.0018321
0.322502 2.17806 0.000764562
0.595199 2.82081 0.000100411
0.31602 2.79671 3.06418e-05
0.607732 2.9021 6.82683e-05
0.312856 2.87971 4.45282e-05
0.528583 3.01573 5.3534e-05
0.331551 3.00073 6.85848e-05
fused:
-0.157597 -0.0157648 2.63483 0.999573
-0.0731686 -0.198723 2.70881 0.99925
-0.0245837 -0.210537 2.76624 0.999278
0.0224315 -0.223078 2.84823 0.999226
-0.269187 -0.19791 2.76587 0.999287
-0.359169 -0.209545 2.86496 0.999411
-0.434104 -0.21627 2.92559 0.999322
0.116173 -0.273079 3.6378 0.999545
-0.624917 -0.258509 3.49697 0.999665
-0.0741817 0.114597 2.74824 0.999781
-0.331126 0.142891 2.97843 0.999794
0.629159 0.617157 3.71209 0.998883
-1.75203 0.68158 5.84586 0.999445
0.637567 0.975128 2.1718 0.323316
-1.68754 1.11818 3.53854 0.548122
0.484233 1.03793 1.55728 0.103073
-2.19225 1.13914 3.20389 0.493964
0.486204 1.07972 1.4717 0.107922
-2.28898 1.07207 2.97452 0.433462
0.430514 1.128 1.54375 0.163508
-2.15562 1.03818 2.94111 0.539632
0.412114 1.139 1.60544 0.172138
-2.45376 1.1654 3.58346 0.572615
0.126618 2.97052 4.13757 0.00327424
-1.26316 3.25153 4.5604 0.00415396
-0.165631 4.89854 4.15939 0.0018321
-1.15703 4.39813 3.69562 0.000764562
-0.665155 10.0929 6.22496 0.000100411
-1.73678 7.72543 4.71988 3.06418e-05
-0.793265 12.9707 7.6618 6.82683e-05
-2.01884 9.15482 5.33681 4.45282e-05
-1.09339 12.6356 6.9963 5.3534e-05
-1.58491 7.9521 4.50416 6.85848e-05
