camera0:
0.463549 0.806446 0.991234
0.501966 0.722201 0.989921
0.524541 0.721672 0.991093
0.544715 0.721805 0.990104
0.428882 0.719892 0.989834
0.403773 0.718825 0.989873
0.381982 0.718206 0.988884
0.583728 0.727678 0.991459
0.358309 0.717489 0.991612
0.505432 0.875196 0.979095
0.420578 0.877532 0.973779
0.731474 1.00335 0.827201
0.250364 0.971867 0.78415
0.798131 1.42862 0.18791
0.171018 1.37369 0.162629
0.763055 1.7056 0.100396
0.172597 1.62569 0.0715499
0.773234 1.80859 0.13348
0.180662 1.7589 0.0915997
0.745337 1.78279 0.164136
0.200778 1.74096 0.11902
0.731934 1.73789 0.150736
0.217707 1.69867 0.112333
0.619501 1.81595 0.0023744
0.29162 1.78691 0.00268951
0.597639 2.52409 0.00887766
0.299864 2.47846 0.00884131
0.589418 3.17483 0.000997224
0.304694 3.14115 0.000521887
0.594239 3.28025 0.0010145
0.304196 3.24276 0.000474457
0.52968 3.3751 0.00239504
0.349206 3.3414 0.00130151
camera1:
0.414064 0.733112 0.955262
0.445575 0.639173 0.952695
0.472036 0.632042 0.950327
0.496099 0.625976 0.952687
0.370768 0.653181 0.954655
0.348021 0.656144 0.953021
0.328034 0.65898 0.958674
0.550637 0.623896 0.956412
0.323996 0.667502 0.963015
0.473327 0.799351 0.970376
0.38942 0.822851 0.972574
0.766489 0.92584 0.961148
0.282467 0.935846 0.978529
0.941892 1.32458 0.21334
0.200804 1.34298 0.454234
0.915102 1.69868 0.0609805
0.214048 1.37152 0.333437
0.943692 1.83215 0.0666092
0.207721 1.40959 0.28814
0.881254 1.81729 0.101591
0.214639 1.37183 0.368855
0.85987 1.76852 0.104734
0.227865 1.35818 0.391405
0.736853 1.87347 0.00180607
0.386414 1.8741 0.00229509
0.715619 2.58265 0.0019796
0.376447 2.56322 0.000945051
0.740501 3.24184 0.000186074
0.427013 3.20529 4.89847e-05
0.759949 3.36273 0.000100719
0.436921 3.3026 8.81665e-05
0.678652 3.43671 0.000146784
0.47886 3.45206 0.000198556
fused:
-0.114174 0.364902 2.03627 0.991234
-0.0262125 0.222278 1.96577 0.989921
0.021775 0.219149 1.97835 0.991093
0.0653398 0.216523 1.99125 0.990104
-0.183205 0.231316 1.995 0.989834
-0.240273 0.235168 2.02373 0.989873
-0.290512 0.237895 2.04537 0.988884
0.155468 0.230129 2.08102 0.991459
-0.373397 0.264025 2.22835 0.991612
-0.0272235 0.492313 2.15219 0.979095
-0.229513 0.527407 2.21696 0.973779
0.573994 0.804421 2.55255 0.961148
-0.888026 0.956198 3.09757 0.978529
1.76765 3.99033 6.48001 0.21334
-1.15242 1.78538 3.0056 0.454234
1.64971 6.16788 6.86507 0.100396
-1.5676 2.37643 3.8235 0.333437
2.14847 8.40577 8.45713 0.13348
-1.60951 2.57739 3.85577 0.28814
1.17599 5.1262 5.32246 0.164136
-1.39223 2.25531 3.52674 0.368855
1.02216 4.57534 4.9607 0.150736
-1.24556 2.07536 3.34825 0.391405
0.428677 4.84661 4.90144 0.0023744
-1.05191 4.16757 4.20848 0.00268951
0.757708 16.4467 10.3585 0.00887766
-1.05834 7.05639 4.51323 0.00884131
-0.467375 -16.1413 -7.65593 0.000997224
-14.5174 131.851 63.0177 0.000521887
-0.422929 -12.2586 -5.56695 0.0010145
10.9171 -99.2437 -45.8261 0.000474457
-0.0548676 -12.6065 -5.52862 0.00239504
8.40923 -100.591 -44.7561 0.00130151
