camera0:
0.421319 0.591453 0.999603
0.457998 0.504211 0.999261
0.480809 0.501135 0.999286
0.500203 0.498733 0.999159
0.389719 0.504264 0.999377
0.37003 0.502654 0.999443
0.352478 0.500119 0.999407
0.53199 0.496431 0.999363
0.339641 0.496842 0.999689
0.46692 0.656166 0.999738
0.381442 0.65837 0.999815
0.680469 0.811653 0.998897
0.223757 0.760604 0.999503
0.780903 1.22986 0.29662
0.0632279 1.08273 0.449302
0.747074 1.56596 0.0497168
0.0262487 1.43917 0.169658
0.769018 1.68514 0.0466902
-0.00350911 1.52586 0.1497
0.717571 1.68208 0.073008
0.036631 1.51665 0.202276
0.70015 1.6341 0.0806646
0.0565849 1.4837 0.213445
0.571901 1.57952 0.00144457
0.272993 1.58454 0.00154441
0.550812 2.22717 0.000547859
0.250686 2.2076 0.000309288
0.535412 2.81837 6.47914e-05
0.246936 2.80863 1.46193e-05
0.542828 2.91405 5.00055e-05
0.238647 2.91038 2.97513e-05
0.471682 3.01706 5.41315e-05
0.292697 3.002 2.81115e-05
camera1:
0.506173 0.569188 0.999288
0.533708 0.462818 0.998985
0.557512 0.455131 0.999056
0.58308 0.448526 0.999016
0.478336 0.479174 0.998763
0.460922 0.482129 0.998721
0.44413 0.484332 0.998622
0.642048 0.44818 0.9994
0.460257 0.476377 0.999119
0.56248 0.628696 0.999737
0.493618 0.643542 0.99957
0.845131 0.793009 0.998342
0.415361 0.730066 0.99914
0.956963 1.22139 0.37563
0.216706 0.95899 0.59106
0.90422 1.57146 0.12878
0.0253186 1.00609 0.545382
0.912964 1.6988 0.132893
-0.0376269 1.07396 0.478498
0.868954 1.67275 0.19384
-0.0205247 0.997586 0.576574
0.852989 1.62274 0.206823
0.0282265 0.979911 0.613738
0.773388 1.58241 0.00618035
0.459617 1.55188 0.00779145
0.735524 2.26891 0.00129381
0.428408 2.22334 0.000636871
0.719866 2.89953 0.000105422
0.416778 2.86502 1.78036e-05
0.735317 2.99209 9.09723e-05
0.416772 2.95888 3.51407e-05
0.644945 3.0939 4.11957e-05
0.428938 3.06854 2.21542e-05
fused:
-0.507794 0.148797 5.08318 0.999603
-0.272211 -0.208648 4.63367 0.999261
-0.158246 -0.224604 4.6358 0.999286
-0.0642246 -0.252061 4.89199 0.999159
-0.720397 -0.226445 5.44339 0.999377
-0.860931 -0.234663 5.60724 0.999443
-0.977744 -0.241607 5.66895 0.999407
0.141584 -0.359562 6.82244 0.9994
-1.61161 -0.423817 8.68752 0.999689
-0.286827 0.435938 5.54144 0.999738
-1.02297 0.592365 7.13848 0.999815
2.41159 2.84905 13.8884 0.998897
16.9971 -8.40439 -54.4954 0.999503
2.47005 4.67422 9.12784 0.37563
-5.18669 3.75251 10.6172 0.59106
1.58825 5.46632 7.41622 0.12878
-1.36935 0.923301 2.54253 0.545382
1.3812 4.97273 6.08183 0.132893
-1.29223 0.927907 2.23065 0.478498
1.40238 6.58516 8.11851 0.19384
-1.08219 0.752562 2.03889 0.576574
1.33891 6.57002 8.43269 0.206823
-1.15627 0.809735 2.28233 0.613738
-7.99855 -183.91 -241.149 0.00618035
-43.1803 116.121 152.607 0.00779145
-1.61095 80.2431 63.96 0.00129381
-8.70284 33.9891 26.8378 0.000636871
2.434 -52.8108 -30.8647 0.000105422
-11.5951 58.1106 33.3191 1.78036e-05
1.3184 -27.8527 -15.6812 9.09723e-05
-141.002 709.278 389.355 3.51407e-05
2.58191 -40.479 -21.1742 5.41315e-05
-6.10188 38.6206 20.2605 2.81115e-05
