camera0:
0.448879 0.84078 0.995674
0.489749 0.755287 0.99486
0.51405 0.754616 0.995526
0.53624 0.754384 0.994912
0.419531 0.752828 0.994817
0.399401 0.750396 0.994936
0.382139 0.748086 0.994373
0.577541 0.752137 0.995687
0.36339 0.740377 0.995825
0.494769 0.900709 0.989821
0.412097 0.898001 0.98729
0.702836 1.01852 0.915529
0.253854 0.993231 0.89592
0.794083 1.43128 0.135531
0.143646 1.42718 0.172578
0.733419 1.68405 0.0599812
0.189463 1.67768 0.0554423
0.743599 1.79502 0.0766025
0.177997 1.7913 0.0693683
0.709422 1.77105 0.0978636
0.216065 1.75965 0.0962946
0.696588 1.72421 0.0918234
0.227752 1.71191 0.0924335
0.615866 1.81813 0.00146997
0.277134 1.79641 0.00161205
0.596976 2.46775 0.00454262
0.298951 2.43045 0.00439578
0.589349 3.04855 0.00050283
0.305028 3.01493 0.000254586
0.595398 3.14774 0.000512684
0.29856 3.11649 0.00024474
0.52335 3.24934 0.00117778
0.364577 3.20742 0.000665093
camera1:
0.387569 0.731535 0.978437
0.413846 0.632941 0.976965
0.440696 0.626543 0.975903
0.467184 0.620161 0.976974
0.353666 0.643956 0.977896
0.336045 0.645888 0.97715
0.31748 0.647922 0.979806
0.5265 0.615646 0.978844
0.319745 0.653648 0.981988
0.449375 0.794122 0.985686
0.372195 0.810095 0.986658
0.75662 0.927528 0.980188
0.237032 1.00312 0.989286
0.87804 1.36788 0.148085
0.176982 1.48391 0.304531
0.811348 1.74286 0.035615
0.199639 1.85283 0.178118
0.829218 1.87883 0.0402517
0.173759 1.99617 0.162272
0.7799 1.88156 0.0629545
0.223533 1.97593 0.21495
0.764367 1.83086 0.0648787
0.244577 1.91987 0.225209
0.710707 1.81591 0.000994163
0.361737 1.84874 0.0012635
0.728081 2.53555 0.000999992
0.409514 2.55568 0.000492925
0.762311 3.16121 0.000105667
0.456277 3.18496 2.6438e-05
0.782651 3.25865 6.14059e-05
0.460084 3.28418 5.35312e-05
0.699154 3.38379 8.61106e-05
0.511615 3.40919 0.000119395
fused:
-0.138481 0.369124 1.94382 0.995674
-0.0456939 0.221589 1.82059 0.99486
0.00198312 0.21777 1.82149 0.995526
0.045972 0.215028 1.8332 0.994912
-0.193373 0.237802 1.92428 0.994817
-0.238139 0.240093 1.95054 0.994936
-0.273779 0.238606 1.9471 0.994373
0.133527 0.22205 1.92596 0.995687
-0.342035 0.257688 2.12472 0.995825
-0.0488012 0.480117 2.04095 0.989821
-0.240075 0.512853 2.13675 0.98729
0.570675 0.958226 2.94354 0.980188
-0.671347 0.826663 2.37063 0.989286
0.906454 2.11417 3.35228 0.148085
-1.16382 1.99969 2.87208 0.304531
0.661652 2.76487 3.1001 0.0599812
-0.810538 2.19132 2.33588 0.178118
0.714845 3.14459 3.19179 0.0766025
-0.768803 2.21928 2.15018 0.162272
0.54071 2.77909 2.88177 0.0978636
-0.700986 2.26036 2.22897 0.21495
0.499043 2.64758 2.85947 0.0918234
-0.704282 2.27941 2.33245 0.225209
0.365164 4.49621 4.58789 0.00146997
-1.10453 4.07236 4.11681 0.00161205
0.782795 16.3382 10.5792 0.00454262
-1.19464 7.75259 5.08141 0.00439578
-0.755819 -24.783 -12.3487 0.00050283
-2.89494 25.145 12.6224 0.000254586
-0.551634 -15.1267 -7.21965 0.000512684
-5.05019 43.0344 20.8278 0.00024474
-0.0281954 -20.1229 -9.23248 0.00117778
-3.25311 40.6886 19.0084 0.000665093
