camera0:
0.2671 0.235042 0.999101
0.291607 0.146626 0.998502
0.316664 0.140127 0.99867
0.343644 0.133791 0.998673
0.232712 0.16817 0.998167
0.212522 0.175057 0.998091
0.193298 0.181337 0.997886
0.405994 0.15206 0.999026
0.199984 0.204695 0.998588
0.316351 0.291844 0.999123
0.256618 0.318256 0.998855
0.614139 0.513339 0.993185
0.18251 0.550092 0.990594
0.752776 0.939298 0.379123
0.000900075 0.844539 0.451757
0.800064 1.35108 0.0597372
-0.243661 0.996446 0.224907
0.837814 1.47262 0.0593607
-0.322298 1.02258 0.178206
0.792016 1.46687 0.0922156
-0.315486 1.01882 0.229823
0.764316 1.42375 0.109265
-0.26976 1.02216 0.270608
0.601076 1.35797 0.00444572
0.312193 1.39185 0.00479579
0.627304 2.0248 0.00115286
0.338768 2.05013 0.000793031
0.653246 2.62469 8.24498e-05
0.368265 2.66318 3.425e-05
0.672 2.70012 8.04382e-05
0.370903 2.74938 4.46927e-05
0.602297 2.82922 9.6872e-05
0.40502 2.85212 6.54893e-05
camera1:
0.283289 0.263787 0.996406
0.308389 0.177409 0.995605
0.330498 0.167983 0.995824
0.353695 0.158885 0.996157
0.255891 0.199258 0.994476
0.241492 0.204455 0.994126
0.230366 0.208848 0.994498
0.429682 0.164272 0.997198
0.266153 0.21526 0.996037
0.338673 0.313235 0.998403
0.291369 0.341191 0.997833
0.656394 0.519674 0.995258
0.281529 0.538385 0.997415
0.738328 0.975585 0.382725
0.0690914 0.805178 0.47888
0.665728 1.37291 0.0945685
-0.217139 0.887482 0.317481
0.661237 1.50051 0.0918673
-0.323591 0.892762 0.245698
0.613406 1.47187 0.136361
-0.332457 0.891986 0.321587
0.605953 1.42157 0.148748
-0.27918 0.899215 0.37442
0.678667 1.34989 0.00554386
0.40178 1.38432 0.00863183
0.686109 2.03812 0.0020981
0.424855 2.05951 0.00211938
0.716098 2.67371 0.000158529
0.467273 2.72076 5.90998e-05
0.739722 2.74693 0.000140576
0.477234 2.80502 9.67316e-05
0.651693 2.87868 7.45323e-05
0.467256 2.91153 4.49255e-05
fused:
-0.84066 -0.746032 3.16502 0.999101
-0.783509 -0.996754 3.27021 0.998502
-0.689269 -1.00178 3.2364 0.99867
-0.587277 -0.9995 3.18473 0.998673
-0.995215 -0.95973 3.3001 0.998167
-1.09078 -0.97155 3.38129 0.998091
-1.20666 -1.00224 3.52261 0.997886
-0.408965 -1.05318 3.48983 0.999026
-1.45444 -1.19533 4.3627 0.998588
-0.702452 -0.630573 3.29671 0.999123
-0.966576 -0.605414 3.49879 0.998855
0.34519 -0.03879 3.35061 0.995258
-1.96938 -0.0368142 5.56497 0.997415
0.487219 0.6263 1.95729 0.382725
-1.93873 0.750943 3.52291 0.47888
0.369218 0.749488 1.31216 0.0945685
-1.88911 0.658412 2.32533 0.317481
0.368233 0.763786 1.18536 0.0918673
-1.77046 0.580466 1.97455 0.245698
0.319985 0.775462 1.21852 0.136361
-1.67054 0.546792 1.87857 0.321587
0.306337 0.79048 1.28772 0.148748
-1.67123 0.590229 1.98771 0.37442
0.278239 2.23933 3.70299 0.00554386
-1.08556 2.96368 4.68856 0.00863183
0.200698 4.02767 3.78083 0.0020981
-1.17718 5.49141 4.94441 0.00211938
0.10035 8.77037 5.84982 0.000158529
-1.7183 11.3067 7.12214 5.90998e-05
0.194438 10.8568 6.97797 0.000140576
-2.16083 14.152 8.6164 9.67316e-05
-0.047211 12.417 7.18905 9.6872e-05
-1.19876 11.5171 6.47134 6.54893e-05
