camera0:
0.289182 0.251073 0.999218
0.31707 0.162719 0.998697
0.34396 0.154059 0.998843
0.368423 0.146598 0.998855
0.25677 0.18552 0.998402
0.239442 0.192599 0.998333
0.222845 0.199446 0.998153
0.414932 0.160923 0.999155
0.226878 0.219713 0.998739
0.346353 0.304672 0.999261
0.272479 0.334315 0.999029
0.63136 0.520767 0.994236
0.201827 0.549897 0.992073
0.784445 0.929328 0.40865
0.00519626 0.841288 0.469449
0.852423 1.31054 0.0639839
-0.262672 0.945718 0.249877
0.897341 1.41992 0.0639428
-0.351409 0.953966 0.199522
0.853123 1.41166 0.100516
-0.351374 0.944132 0.258595
0.823718 1.37651 0.121067
-0.301981 0.955449 0.308093
0.623393 1.33877 0.00488488
0.335002 1.37659 0.00527137
0.646638 2.0054 0.00114013
0.360922 2.03416 0.000772673
0.672219 2.61058 7.87986e-05
0.395282 2.6505 3.25488e-05
0.689564 2.68393 7.7163e-05
0.398169 2.73331 4.24169e-05
0.628508 2.81382 8.47298e-05
0.430277 2.8332 5.66012e-05
camera1:
0.320577 0.270783 0.996839
0.345912 0.180794 0.996092
0.372278 0.169231 0.996347
0.398976 0.15786 0.996633
0.289494 0.20467 0.99501
0.272908 0.209686 0.994708
0.256774 0.213355 0.99492
0.459742 0.161607 0.997579
0.278753 0.22088 0.996354
0.38014 0.317757 0.998638
0.319298 0.34813 0.998074
0.673181 0.519365 0.995933
0.290867 0.532928 0.99763
0.747311 0.978628 0.431728
0.0821544 0.798229 0.509517
0.675973 1.38923 0.105165
-0.200182 0.873551 0.350737
0.672809 1.5296 0.103143
-0.301674 0.881796 0.271469
0.621211 1.50266 0.152911
-0.31114 0.883279 0.353777
0.612949 1.44458 0.166207
-0.259711 0.888999 0.413089
0.682576 1.35188 0.00738573
0.403837 1.3773 0.0107435
0.6925 2.03742 0.00253289
0.435145 2.05353 0.00236974
0.718077 2.67209 0.000184723
0.474483 2.70925 6.38848e-05
0.742132 2.74712 0.000163335
0.484196 2.79683 0.000106519
0.650662 2.88296 7.55912e-05
0.474215 2.90694 4.33702e-05
fused:
-0.844385 -0.792517 3.50025 0.999218
-0.746395 -1.04734 3.53406 0.998697
-0.648727 -1.07645 3.55348 0.998843
-0.567827 -1.12342 3.6328 0.998855
-0.96727 -0.988632 3.51882 0.998402
-1.02325 -0.967156 3.49255 0.998333
-1.0722 -0.945069 3.45637 0.998153
-0.42896 -1.21674 4.0499 0.999155
-1.18636 -1.02521 3.89629 0.998739
-0.643856 -0.655176 3.56706 0.999261
-0.986624 -0.624942 3.81487 0.999029
0.399116 -0.0267338 3.27697 0.995933
-1.67882 -0.0401134 5.04013 0.99763
0.494085 0.554004 1.74698 0.431728
-2.05392 0.783001 3.76479 0.509517
0.387655 0.638712 1.13443 0.105165
-2.24525 0.708647 2.69868 0.350737
0.386795 0.643498 1.01331 0.103143
-2.17414 0.634078 2.34598 0.271469
0.345634 0.646111 1.03045 0.152911
-2.08796 0.603279 2.25321 0.353777
0.334394 0.657558 1.08976 0.166207
-2.07384 0.65341 2.37215 0.413089
0.311843 1.85112 3.13141 0.00738573
-0.806289 2.41137 3.89387 0.0107435
0.242605 3.45992 3.30185 0.00253289
-0.939599 4.80103 4.37704 0.00236974
0.151322 7.04239 4.76459 0.000184723
-1.28485 9.12845 5.83498 6.38848e-05
0.226614 8.40877 5.48224 0.000163335
-1.50255 10.685 6.59662 0.000106519
0.0364651 8.5624 5.05039 8.47298e-05
-0.86856 9.12859 5.20837 5.66012e-05
