camera0:
0.423101 0.803056 0.999046
0.46584 0.717968 0.998614
0.491906 0.716769 0.998892
0.515597 0.717203 0.998573
0.399426 0.719199 0.998598
0.381742 0.717927 0.998757
0.365423 0.716668 0.998494
0.564788 0.726934 0.998908
0.362173 0.719458 0.999006
0.475486 0.865209 0.997996
0.395876 0.865968 0.99759
0.716136 1.02136 0.982481
0.257173 0.968851 0.980788
0.786241 1.41313 0.0838318
0.173297 1.37137 0.122126
0.713516 1.65874 0.0254375
0.210597 1.6179 0.035742
0.721056 1.7588 0.0322806
0.200573 1.71984 0.0469746
0.682241 1.73825 0.0473972
0.235116 1.68818 0.0736037
0.672616 1.69263 0.0463469
0.246602 1.64518 0.0706652
0.599033 1.73598 0.000625467
0.284971 1.706 0.000659976
0.568625 2.34762 0.0012005
0.287772 2.312 0.000942515
0.552803 2.88988 0.00011578
0.282231 2.85798 4.8147e-05
0.560585 2.98221 0.000113789
0.276843 2.94771 5.78922e-05
0.481326 3.07716 0.000235924
0.32303 3.04554 0.000161724
camera1:
0.422366 0.648744 0.995883
0.447715 0.553229 0.994887
0.473773 0.547744 0.995024
0.502013 0.542163 0.994933
0.392856 0.563511 0.994905
0.379381 0.565742 0.99503
0.365768 0.568659 0.995241
0.574003 0.548826 0.995627
0.383461 0.585623 0.99614
0.488339 0.71918 0.997158
0.416904 0.734587 0.997145
0.819673 0.887024 0.994148
0.304945 0.926024 0.997285
0.938893 1.34166 0.0992296
0.19357 1.40034 0.192327
0.905516 1.73024 0.0195828
0.232017 1.79161 0.0579661
0.938952 1.87589 0.0245016
0.216318 1.94324 0.0636602
0.874803 1.88269 0.0409132
0.272378 1.9355 0.0944345
0.85442 1.82269 0.043186
0.285165 1.87597 0.0966323
0.756228 1.77573 0.000418473
0.403296 1.78337 0.000503295
0.762989 2.48783 0.000250937
0.42985 2.4735 0.000135218
0.79351 3.12585 3.73048e-05
0.467185 3.11604 7.49261e-06
0.819194 3.24144 2.45931e-05
0.470048 3.23452 2.02636e-05
0.70944 3.34649 3.3929e-05
0.514939 3.33578 4.50876e-05
fused:
-0.242522 0.360429 2.53061 0.999046
-0.107755 0.171236 2.28785 0.998614
-0.043085 0.165167 2.26667 0.998892
0.0151994 0.163317 2.29079 0.998573
-0.291301 0.191044 2.4591 0.998598
-0.346422 0.19569 2.51998 0.998757
-0.397338 0.199645 2.56244 0.998494
0.147917 0.195549 2.50377 0.998908
-0.460488 0.246206 2.88988 0.999006
-0.113721 0.519796 2.69084 0.997996
-0.36866 0.574283 2.88742 0.99759
0.897145 1.35801 4.30932 0.994148
-0.961132 1.07414 3.43973 0.997285
1.8608 4.36229 7.06896 0.0992296
-1.03257 1.75825 2.75285 0.192327
2.19825 9.89039 11.2639 0.0254375
-0.798296 2.19862 2.46335 0.0579661
3.40092 16.0225 16.5643 0.0322806
-0.754489 2.25996 2.28889 0.0636602
1.41011 8.08398 8.44683 0.0473972
-0.707491 2.38768 2.45057 0.0944345
1.20301 7.07952 7.71735 0.0463469
-0.699163 2.35487 2.51371 0.0966323
0.608999 7.95474 8.49495 0.000625467
-1.34103 4.90704 5.26869 0.000659976
0.816042 24.2091 16.6382 0.0012005
-1.4016 8.13219 5.68108 0.000942515
-0.864606 -69.4242 -36.9276 0.00011578
-2.0828 15.3631 8.22789 4.8147e-05
-0.690475 -35.6629 -18.1854 0.000113789
-2.19073 16.1476 8.34719 5.78922e-05
5.5014 -261.558 -128.177 0.000235924
-2.13186 20.0282 9.95445 0.000161724
