camera0:
0.492328 0.853113 0.998478
0.526713 0.769011 0.998021
0.546136 0.768096 0.998341
0.565838 0.7679 0.997988
0.455519 0.767076 0.998004
0.426444 0.765664 0.998142
0.401745 0.765564 0.997845
0.600344 0.769862 0.998368
0.370225 0.7689 0.998504
0.525421 0.916048 0.996574
0.445428 0.917592 0.995812
0.727239 1.05659 0.971294
0.254162 1.02329 0.965724
0.79247 1.46283 0.0946792
0.163247 1.47313 0.130488
0.731994 1.72007 0.0308651
0.210806 1.7052 0.0345203
0.740851 1.82786 0.0395943
0.206014 1.8105 0.0453109
0.703326 1.80368 0.0554809
0.238441 1.77973 0.068278
0.6918 1.75541 0.0529684
0.246624 1.73269 0.0657141
0.630248 1.80667 0.000851167
0.306351 1.80228 0.000881741
0.606518 2.44143 0.0019232
0.323993 2.40512 0.00158681
0.597838 2.99397 0.00019374
0.327107 2.96712 8.62951e-05
0.600826 3.08818 0.000191396
0.322565 3.06292 9.50816e-05
0.5429 3.19138 0.000416142
0.386363 3.15714 0.000259105
camera1:
0.46971 0.685451 0.993105
0.499569 0.589351 0.992462
0.523123 0.583202 0.992167
0.543756 0.578543 0.99245
0.429717 0.603101 0.992751
0.409825 0.606446 0.99254
0.392323 0.6098 0.993335
0.588076 0.580309 0.99309
0.383309 0.624205 0.9941
0.526226 0.750351 0.995401
0.442591 0.76988 0.995668
0.791288 0.894878 0.992589
0.290164 0.956792 0.996095
0.927705 1.30235 0.114701
0.208376 1.41263 0.221247
0.875628 1.66753 0.024467
0.217451 1.7796 0.0830079
0.901486 1.79527 0.0289375
0.188547 1.92234 0.0845456
0.849062 1.79897 0.0472548
0.23715 1.90654 0.119895
0.828564 1.7517 0.0481784
0.259782 1.85067 0.121485
0.731272 1.74789 0.000638478
0.380473 1.76391 0.00074753
0.733774 2.44545 0.000422598
0.410808 2.45536 0.00022175
0.744223 3.05772 6.13877e-05
0.433848 3.06872 1.23434e-05
0.75741 3.15289 3.79909e-05
0.436334 3.16863 3.15669e-05
0.681073 3.27999 5.01716e-05
0.486418 3.28289 6.82482e-05
fused:
-0.0515214 0.392982 2.23307 0.998478
0.036666 0.233883 2.14681 0.998021
0.08257 0.23075 2.16472 0.998341
0.127906 0.225931 2.151 0.997988
-0.132492 0.249235 2.22003 0.998004
-0.212114 0.262479 2.33359 0.998142
-0.2851 0.274842 2.42851 0.997845
0.212454 0.236009 2.20647 0.998368
-0.41712 0.32824 2.75064 0.998504
0.0244708 0.553673 2.47364 0.996574
-0.190471 0.580664 2.50661 0.995812
0.679221 1.01782 3.10451 0.992589
-0.90398 1.0951 3.18589 0.996095
1.73667 4.07369 6.67459 0.114701
-1.33572 2.25199 3.3753 0.221247
1.55311 6.93788 7.8825 0.0308651
-0.86546 2.26761 2.52588 0.0830079
2.24248 10.6595 10.9508 0.0395943
-0.77093 2.20964 2.226 0.0845456
1.2713 7.29885 7.65995 0.0554809
-0.72259 2.29518 2.34481 0.119895
1.02629 6.03782 6.61278 0.0529684
-0.749881 2.36441 2.51002 0.121485
0.482463 5.24391 5.52392 0.000851167
-1.10239 4.26418 4.4418 0.000881741
1.38034 25.3748 16.6803 0.0019232
-1.09566 7.8481 5.22122 0.00158681
-0.831032 -30.4147 -15.6382 0.00019374
-2.15201 20.1255 10.3176 8.62951e-05
-0.626712 -17.6192 -8.64536 0.000191396
-3.00077 26.0952 13.0026 9.50816e-05
-0.23092 -24.6599 -11.5802 0.000416142
-2.39833 31.4266 15.0516 0.000259105
