camera0:
0.290728 0.253489 0.999258
0.3201 0.165132 0.998765
0.347109 0.15717 0.998901
0.371781 0.150346 0.99892
0.260798 0.185961 0.998483
0.243906 0.192757 0.99841
0.228198 0.199456 0.998246
0.419117 0.165297 0.999193
0.238109 0.219748 0.998785
0.346783 0.307858 0.999316
0.27407 0.335399 0.999099
0.631808 0.526613 0.994519
0.211943 0.529314 0.992662
0.776028 0.934233 0.405757
0.0102682 0.830246 0.474097
0.823924 1.33041 0.0653943
-0.262108 0.956088 0.260533
0.862321 1.43882 0.0666076
-0.349774 0.974953 0.209647
0.821962 1.42836 0.104643
-0.35193 0.970869 0.272652
0.791006 1.39126 0.126839
-0.302755 0.977957 0.326093
0.617447 1.33347 0.0050847
0.33412 1.3651 0.00546333
0.637892 2.00545 0.00117932
0.361459 2.03048 0.000799439
0.670696 2.60911 8.1633e-05
0.400858 2.64934 3.27116e-05
0.688473 2.68101 8.09241e-05
0.403704 2.73173 4.30594e-05
0.62593 2.81071 8.10079e-05
0.431813 2.83015 5.36279e-05
camera1:
0.322743 0.274494 0.997066
0.345828 0.183664 0.996348
0.371023 0.172132 0.996603
0.397108 0.160879 0.996866
0.2928 0.208627 0.995339
0.277277 0.214386 0.995058
0.262113 0.219442 0.995237
0.459691 0.164718 0.997758
0.284968 0.226407 0.996589
0.380138 0.321034 0.99875
0.324118 0.350971 0.998218
0.679567 0.529265 0.996195
0.297194 0.529098 0.997806
0.747083 0.98173 0.445261
0.0976348 0.78377 0.53363
0.711813 1.40077 0.103114
-0.176847 0.880076 0.374382
0.717155 1.53612 0.102296
-0.280406 0.895804 0.291206
0.670089 1.51251 0.152326
-0.282421 0.897491 0.376403
0.657509 1.45489 0.166067
-0.22945 0.900599 0.436859
0.683946 1.33929 0.00836859
0.405875 1.35485 0.0126071
0.689045 2.02187 0.00284299
0.431192 2.03187 0.0026692
0.713544 2.6536 0.000211427
0.46485 2.68985 7.01523e-05
0.737153 2.72677 0.000189764
0.474941 2.7756 0.000118957
0.642167 2.8664 7.8635e-05
0.461715 2.88826 4.40886e-05
fused:
-0.843949 -0.788439 3.52043 0.999258
-0.7204 -1.01687 3.46074 0.998765
-0.617755 -1.03312 3.44423 0.998901
-0.534184 -1.06887 3.49465 0.99892
-0.954076 -0.982209 3.52023 0.998483
-1.01478 -0.965962 3.5145 0.99841
-1.06426 -0.944573 3.48728 0.998246
-0.396225 -1.15836 3.90286 0.999193
-1.11302 -0.987155 3.79509 0.998785
-0.639945 -0.643416 3.55375 0.999316
-1.00821 -0.637003 3.92214 0.999099
0.417412 -0.00814106 3.41997 0.996195
-1.60127 -0.0861232 4.95572 0.997806
0.496092 0.579214 1.81188 0.445261
-2.2138 0.803887 4.10124 0.53363
0.416377 0.777653 1.33757 0.103114
-2.54204 0.819342 3.05704 0.374382
0.417916 0.793929 1.21057 0.102296
-2.38002 0.727602 2.57192 0.291206
0.372565 0.795873 1.22806 0.152326
-2.38214 0.726619 2.56787 0.376403
0.357332 0.815438 1.30785 0.166067
-2.40833 0.794278 2.75093 0.436859
0.309014 1.93895 3.33012 0.00836859
-0.841413 2.42653 4.03081 0.0126071
0.217868 3.66634 3.52447 0.00284299
-0.953849 4.73294 4.37506 0.0026692
0.120658 7.14876 4.87576 0.000211427
-1.20321 8.35205 5.39646 7.01523e-05
0.19076 8.49089 5.58622 0.000189764
-1.41145 9.79513 6.11229 0.000118957
-0.0187921 8.33119 4.95915 8.10079e-05
-0.845526 8.46754 4.87304 5.36279e-05
