camera0:
0.290739 0.251974 0.999305
0.319695 0.163717 0.998847
0.346545 0.155982 0.99897
0.371127 0.149249 0.998995
0.260909 0.183975 0.998588
0.244034 0.190881 0.998515
0.22827 0.197571 0.998371
0.419191 0.165112 0.999242
0.239568 0.219484 0.998863
0.346316 0.307243 0.999372
0.274897 0.334143 0.999174
0.631837 0.524491 0.994894
0.214046 0.531099 0.993274
0.77777 0.924303 0.413156
0.00219587 0.842132 0.490882
0.849733 1.31665 0.0648784
-0.280907 1.02178 0.264478
0.893497 1.42235 0.0664297
-0.374466 1.05715 0.213367
0.851113 1.41638 0.10483
-0.370697 1.0562 0.279314
0.820086 1.38156 0.127509
-0.320682 1.05815 0.335651
0.621798 1.33696 0.00508499
0.337034 1.37234 0.00548011
0.644798 2.00755 0.00121055
0.365316 2.03604 0.000820176
0.679972 2.61066 8.82755e-05
0.405181 2.65396 3.4792e-05
0.699609 2.68353 8.93526e-05
0.408268 2.73722 4.66106e-05
0.634115 2.81279 8.03947e-05
0.439521 2.83649 5.23313e-05
camera1:
0.322892 0.271844 0.997255
0.346935 0.181216 0.996579
0.372609 0.170259 0.996835
0.398897 0.159702 0.997083
0.292841 0.205468 0.995611
0.277154 0.211599 0.995336
0.261962 0.217054 0.995469
0.461464 0.164692 0.997923
0.283843 0.226218 0.996749
0.380457 0.319498 0.998844
0.323928 0.349676 0.998326
0.679558 0.525033 0.996489
0.2957 0.529624 0.997891
0.747159 0.984213 0.474847
0.0861319 0.792999 0.551191
0.707467 1.39243 0.108453
-0.193072 0.876886 0.391628
0.705787 1.5308 0.107753
-0.294566 0.888286 0.306021
0.656637 1.50428 0.160258
-0.303712 0.889735 0.393201
0.646639 1.44597 0.175088
-0.250441 0.894406 0.456117
0.682853 1.35185 0.0101371
0.405508 1.37196 0.0145939
0.68992 2.03072 0.00322211
0.430008 2.04711 0.00295453
0.711666 2.66483 0.000225365
0.458984 2.70477 7.66878e-05
0.73452 2.73828 0.000201887
0.467614 2.79163 0.000127458
0.640614 2.88026 8.11145e-05
0.456643 2.90585 4.43482e-05
fused:
-0.843692 -0.794481 3.52131 0.999305
-0.728354 -1.03264 3.49443 0.998847
-0.628342 -1.05318 3.49443 0.99897
-0.545785 -1.09193 3.55649 0.998995
-0.951959 -0.988103 3.5157 0.998588
-1.01159 -0.970159 3.50635 0.998515
-1.06192 -0.948827 3.48122 0.998371
-0.401437 -1.1758 3.95842 0.999242
-1.08684 -0.968545 3.72465 0.998863
-0.644537 -0.649913 3.57147 0.999372
-0.997204 -0.635789 3.89256 0.999174
0.417734 -0.0164929 3.41783 0.996489
-1.5333 -0.0776041 4.77892 0.997891
0.495646 0.570788 1.79689 0.474847
-2.17159 0.809092 3.95878 0.551191
0.414054 0.695143 1.22219 0.108453
-2.5984 0.859323 3.04947 0.391628
0.410261 0.694845 1.08452 0.107753
-2.52774 0.795462 2.65346 0.306021
0.368491 0.699384 1.10499 0.160258
-2.3766 0.755698 2.50519 0.393201
0.356552 0.716655 1.1763 0.175088
-2.39821 0.824869 2.67759 0.456117
0.308692 1.85587 3.17777 0.0101371
-0.799971 2.37643 3.89246 0.0145939
0.228152 3.48127 3.34671 0.00322211
-0.883991 4.50691 4.14026 0.00295453
0.146362 6.40995 4.36983 0.000225365
-1.061 7.5096 4.84221 7.66878e-05
0.214599 7.38392 4.85546 0.000201887
-1.21001 8.58018 5.33936 0.000127458
0.00590031 7.50221 4.47325 8.11145e-05
-0.73533 7.58329 4.36165 5.23313e-05
