camera0:
0.435726 0.82434 0.998812
0.481508 0.736766 0.998374
0.50744 0.735818 0.998674
0.530026 0.736817 0.99833
0.409661 0.738479 0.998357
0.389825 0.737808 0.998513
0.373224 0.736793 0.998226
0.577255 0.744379 0.998691
0.363787 0.739673 0.998815
0.487888 0.8875 0.997387
0.401804 0.88821 0.996842
0.721879 1.02408 0.977714
0.257935 0.978789 0.974315
0.800124 1.41146 0.0884553
0.174463 1.39819 0.12045
0.724737 1.61665 0.0295161
0.221401 1.60768 0.0352757
0.730963 1.70882 0.0377277
0.213359 1.70555 0.0469219
0.690894 1.67271 0.0542336
0.245139 1.66939 0.0722987
0.681193 1.63079 0.0524819
0.255862 1.62738 0.0696238
0.620147 1.76788 0.000734083
0.293063 1.74475 0.000762696
0.599236 2.40191 0.00151145
0.314235 2.36445 0.00121058
0.585707 2.95777 0.000148103
0.310324 2.93091 6.40421e-05
0.592897 3.05657 0.000146744
0.305263 3.0286 7.2781e-05
0.518413 3.15809 0.000312281
0.363758 3.1289 0.00020274
camera1:
0.399916 0.682292 0.994862
0.426649 0.585892 0.99421
0.449331 0.579292 0.99406
0.475241 0.573064 0.994202
0.37724 0.597403 0.994412
0.363183 0.598859 0.994305
0.348516 0.600887 0.994834
0.552563 0.572358 0.994752
0.367929 0.606685 0.99551
0.462781 0.74627 0.996534
0.398705 0.759958 0.996679
0.798217 0.890635 0.993763
0.291687 0.945222 0.996933
0.921598 1.32036 0.105525
0.194817 1.40009 0.207819
0.870261 1.69852 0.0216499
0.235212 1.75791 0.0682666
0.894251 1.83231 0.0261147
0.224734 1.90645 0.0713451
0.84764 1.83596 0.0430358
0.270666 1.88518 0.103307
0.828432 1.78293 0.0445903
0.283247 1.82909 0.104976
0.736566 1.76038 0.000522574
0.3837 1.77181 0.000625287
0.739179 2.45781 0.000322715
0.415646 2.4629 0.000171176
0.761109 3.07558 4.86451e-05
0.444133 3.08647 9.61578e-06
0.780602 3.17246 3.1093e-05
0.448696 3.18607 2.52914e-05
0.687654 3.29074 4.19051e-05
0.480924 3.30082 5.56301e-05
fused:
-0.179632 0.351905 2.14988 0.998812
-0.0623324 0.187025 1.96015 0.998374
-0.00730619 0.178672 1.91812 0.998674
0.0397943 0.176008 1.92373 0.99833
-0.238499 0.216091 2.18908 0.998357
-0.293359 0.222156 2.25336 0.998513
-0.337342 0.224743 2.27921 0.998226
0.151695 0.200638 2.12437 0.998691
-0.415899 0.266467 2.62804 0.998815
-0.0664469 0.470583 2.22309 0.997387
-0.308966 0.548891 2.53045 0.996842
0.725821 1.07162 3.38839 0.993763
-0.87264 1.01143 3.13007 0.996933
1.30826 2.85719 4.74109 0.105525
-1.05601 1.79774 2.80111 0.207819
1.05686 4.29436 5.07816 0.0295161
-0.770669 2.12363 2.43653 0.0682666
1.18997 5.09965 5.49908 0.0377277
-0.734038 2.22137 2.29853 0.0713451
0.873414 4.44429 4.87983 0.0542336
-0.680738 2.27851 2.40774 0.103307
0.782944 4.07243 4.65017 0.0524819
-0.672282 2.24306 2.46558 0.104976
0.480628 5.28594 5.62362 0.000734083
-1.13918 4.23676 4.50318 0.000762696
0.915158 17.6113 11.7965 0.00151145
-1.08961 7.30326 4.96264 0.00121058
-0.924995 -39.7388 -20.6962 0.000148103
-2.08962 17.8142 9.26532 6.40421e-05
-0.637417 -19.7097 -9.78856 0.000146744
-2.95219 23.9353 12.0622 7.2781e-05
0.0858266 -29.6909 -14.1197 0.000312281
-1.98464 22.6874 10.9721 0.00020274
