camera0:
0.35591 0.238849 0.999024
0.394153 0.148927 0.998215
0.419972 0.144986 0.998379
0.448646 0.142199 0.998298
0.323467 0.162702 0.998067
0.299707 0.166549 0.998069
0.279784 0.168836 0.997917
0.51054 0.170147 0.998709
0.277534 0.197487 0.998665
0.400907 0.308303 0.998705
0.334536 0.330429 0.998472
0.691676 0.548256 0.989468
0.230455 0.526569 0.988066
0.832502 0.952518 0.246335
-0.0328218 0.850476 0.342895
0.835543 1.41216 0.0318004
-0.357351 0.972336 0.114793
0.867435 1.54926 0.035134
-0.451512 1.05543 0.104444
0.803223 1.55563 0.0545504
-0.434032 1.08722 0.143748
0.782356 1.50432 0.0619271
-0.389777 1.08819 0.161262
0.629682 1.37911 0.00105157
0.31885 1.38399 0.00121616
0.615713 2.05134 0.000975863
0.308012 2.04002 0.000661342
0.623827 2.6277 8.32486e-05
0.334615 2.60438 3.25064e-05
0.644446 2.72367 8.29437e-05
0.33592 2.68741 4.46004e-05
0.5573 2.82332 0.000136625
0.3704 2.82787 9.41821e-05
camera1:
0.331712 0.277328 0.994981
0.361565 0.184268 0.994083
0.382647 0.175292 0.994156
0.404662 0.16567 0.994622
0.3074 0.201262 0.992704
0.292697 0.204773 0.992155
0.280153 0.208219 0.993011
0.482494 0.166001 0.996019
0.310041 0.208805 0.995125
0.386032 0.342429 0.997647
0.335118 0.373755 0.997114
0.714713 0.527578 0.99297
0.304394 0.539555 0.996575
0.809663 1.02436 0.204312
0.0314575 0.843383 0.339397
0.519666 1.19877 0.0400015
-0.236648 1.00825 0.175783
0.449212 1.27422 0.0405047
-0.330461 1.05701 0.133235
0.411747 1.21285 0.0648913
-0.312899 1.05585 0.190155
0.431712 1.1809 0.0747332
-0.271148 1.0446 0.224148
0.674379 1.38266 0.00142836
0.369336 1.38941 0.00187934
0.622446 2.08629 0.00107646
0.333926 2.05618 0.000691351
0.632976 2.73491 5.37107e-05
0.342764 2.71176 1.7878e-05
0.669455 2.84334 4.71669e-05
0.353397 2.8213 3.91836e-05
0.509272 2.92372 3.9392e-05
0.312111 2.92022 3.90914e-05
fused:
-0.45074 -0.574327 2.59354 0.999024
-0.340289 -0.740829 2.54443 0.998215
-0.264211 -0.731301 2.48578 0.998379
-0.181824 -0.712101 2.4012 0.998298
-0.567352 -0.776585 2.73036 0.998067
-0.661783 -0.806943 2.84623 0.998069
-0.74742 -0.834382 2.94941 0.997917
-0.0182968 -0.711636 2.51966 0.998709
-0.886742 -0.960485 3.51491 0.998665
-0.33769 -0.447743 2.68708 0.998705
-0.570792 -0.435855 2.90952 0.998472
0.508363 0.0236181 2.72054 0.99297
-1.37691 -0.0608995 4.52553 0.996575
0.582824 0.598857 1.74413 0.246335
-1.96354 0.780923 3.34537 0.342895
0.290742 0.476589 0.952327 0.0400015
-3.14664 1.15139 3.36992 0.175783
0.269505 0.470488 0.840489 0.0405047
-3.10069 1.18467 2.99591 0.133235
0.227724 0.485303 0.898057 0.0648913
-3.13677 1.24496 3.08361 0.190155
0.226653 0.492366 0.948946 0.0747332
-3.12993 1.27721 3.22552 0.224148
0.299118 1.77482 2.87688 0.00142836
-0.757451 2.14854 3.39327 0.00187934
0.13533 3.03688 2.72999 0.00107646
-0.812407 3.57483 3.14866 0.000691351
0.159153 5.63137 3.52775 8.32486e-05
-0.717557 5.0532 3.12721 3.25064e-05
0.291964 7.0657 4.19943 8.29437e-05
-0.799844 5.32177 3.21963 4.46004e-05
0.042605 6.06388 3.35378 0.000136625
-0.555083 5.09082 2.83565 9.41821e-05
