camera0:
0.311859 0.243697 0.998759
0.34225 0.15531 0.997934
0.367303 0.15151 0.998167
0.392681 0.148532 0.998138
0.276086 0.164373 0.997494
0.255949 0.169571 0.997418
0.237921 0.175018 0.997131
0.464498 0.173135 0.99864
0.242132 0.19872 0.998162
0.360003 0.313528 0.998725
0.297316 0.335 0.998363
0.648387 0.543652 0.990051
0.198998 0.53552 0.986594
0.772197 0.958953 0.247536
-0.0555709 0.852167 0.35273
0.729052 1.31787 0.0376304
-0.263972 0.787387 0.136357
0.732725 1.43198 0.039776
-0.314064 0.759319 0.113036
0.675925 1.39788 0.0615097
-0.305156 0.742599 0.155056
0.664534 1.35715 0.0717064
-0.2698 0.767543 0.179166
0.595964 1.32865 0.00109164
0.277261 1.33927 0.0012104
0.584741 2.00546 0.000943681
0.257481 1.99932 0.000623363
0.597568 2.60469 7.72464e-05
0.296371 2.57838 2.95809e-05
0.618292 2.69888 7.65756e-05
0.303501 2.65915 4.06253e-05
0.541344 2.80075 0.000123561
0.337764 2.79632 8.53013e-05
camera1:
0.308975 0.284737 0.995284
0.333813 0.195041 0.994308
0.354971 0.18513 0.994476
0.375523 0.174573 0.994864
0.282207 0.212911 0.992927
0.269569 0.216179 0.992483
0.25893 0.21915 0.99312
0.444834 0.171497 0.996231
0.293757 0.217792 0.995203
0.365196 0.340665 0.997793
0.317392 0.37315 0.997208
0.682778 0.509786 0.993548
0.291525 0.539862 0.996815
0.760553 0.959519 0.238462
0.0482094 0.821718 0.369668
0.636734 1.23618 0.0505029
-0.214746 0.877331 0.209725
0.644728 1.36528 0.04946
-0.320953 0.858037 0.158617
0.59172 1.34935 0.0781031
-0.305198 0.883738 0.221225
0.583787 1.28971 0.0887814
-0.264161 0.887327 0.259758
0.672656 1.34829 0.00160923
0.375882 1.36599 0.00224389
0.654916 2.03572 0.00109936
0.385194 2.03878 0.000719052
0.683698 2.66655 6.18558e-05
0.425995 2.69406 2.00178e-05
0.705199 2.74718 5.34335e-05
0.435244 2.78655 4.26486e-05
0.621067 2.86667 4.18462e-05
0.432366 2.88791 3.78566e-05
fused:
-0.635067 -0.63649 2.88675 0.998759
-0.539822 -0.831326 2.87126 0.997934
-0.453514 -0.824878 2.81408 0.998167
-0.366428 -0.811623 2.7378 0.998138
-0.793642 -0.872315 3.07483 0.997494
-0.888122 -0.89748 3.18394 0.997418
-0.981384 -0.923318 3.29855 0.997131
-0.146532 -0.746585 2.6398 0.99864
-1.16569 -1.09548 4.01944 0.998162
-0.500831 -0.503027 2.98373 0.998725
-0.760526 -0.489399 3.23914 0.998363
0.425949 -0.0070029 2.99936 0.993548
-1.79307 -0.0604171 5.31836 0.996815
0.525548 0.626971 1.95255 0.247536
-2.69404 0.984538 4.41071 0.369668
0.32393 0.814504 1.57543 0.0505029
-2.11249 0.558492 2.53336 0.209725
0.326951 0.979729 1.61568 0.04946
-1.72416 0.391397 1.94302 0.158617
0.244371 0.990497 1.66816 0.0781031
-1.76194 0.42317 2.00587 0.221225
0.231792 0.950946 1.69832 0.0887814
-1.76305 0.462423 2.09786 0.259758
0.258929 2.12476 3.59447 0.00160923
-1.29636 3.01476 4.90956 0.00224389
0.0995597 4.31961 3.96457 0.00109936
-1.98485 7.48162 6.62 0.000719052
0.0800729 11.0004 7.02369 7.72464e-05
-1.81324 11.0591 6.89124 2.95809e-05
0.288866 15.4187 9.37435 7.65756e-05
-1.94207 11.8119 7.17018 4.26486e-05
-0.0506624 17.1758 9.60561 0.000123561
-1.52204 12.3057 6.90368 8.53013e-05
