camera0:
0.263591 0.234153 0.998943
0.288699 0.145655 0.998236
0.3104 0.138544 0.998436
0.335576 0.131861 0.998428
0.226992 0.167522 0.997846
0.205979 0.174362 0.997765
0.187855 0.1795 0.997518
0.402176 0.151272 0.998853
0.19358 0.201357 0.998366
0.312837 0.29072 0.998942
0.254252 0.317007 0.998622
0.606734 0.510211 0.991808
0.177278 0.552236 0.988653
0.746322 0.940541 0.322031
-0.0281564 0.868273 0.4195
0.815409 1.33941 0.055056
-0.228708 0.824458 0.213817
0.853478 1.45767 0.0545151
-0.300853 0.798024 0.166148
0.817932 1.45394 0.0838956
-0.303539 0.784529 0.212335
0.788293 1.41837 0.0988154
-0.254807 0.809104 0.245439
0.598056 1.35114 0.00322793
0.29726 1.39324 0.00337058
0.621362 2.01896 0.0010561
0.325063 2.05177 0.000726311
0.647866 2.61312 7.74258e-05
0.359901 2.65014 3.01618e-05
0.667461 2.69083 7.47866e-05
0.365253 2.73073 3.96006e-05
0.600389 2.81468 0.000105461
0.393189 2.84097 7.31892e-05
camera1:
0.276232 0.284199 0.996047
0.301239 0.194806 0.995203
0.322131 0.184824 0.995373
0.343668 0.17452 0.995708
0.251746 0.212898 0.994021
0.23946 0.216128 0.993647
0.229105 0.219166 0.994151
0.419302 0.171878 0.996858
0.268636 0.218577 0.995896
0.331969 0.330581 0.998169
0.286701 0.36511 0.997641
0.660201 0.512017 0.994647
0.279457 0.541054 0.997275
0.748059 0.965677 0.329419
0.0670271 0.818629 0.440363
0.657864 1.37603 0.0829355
-0.204727 0.869798 0.285702
0.655849 1.50723 0.0796433
-0.315545 0.861601 0.220655
0.60204 1.47866 0.119626
-0.321048 0.859555 0.290588
0.595236 1.42734 0.130488
-0.269932 0.87282 0.335339
0.675924 1.34659 0.00343231
0.395662 1.38202 0.0054568
0.686207 2.03815 0.00149784
0.431488 2.05266 0.00145177
0.726081 2.67224 0.000100181
0.490301 2.71528 3.89939e-05
0.750061 2.75388 8.79367e-05
0.503089 2.80021 6.66482e-05
0.66583 2.87275 5.83271e-05
0.490199 2.90084 4.07101e-05
fused:
-0.853302 -0.717409 3.14407 0.998943
-0.791572 -0.96528 3.2345 0.998236
-0.718989 -0.986282 3.24411 0.998436
-0.622289 -0.986858 3.19308 0.998428
-1.04133 -0.964832 3.3696 0.997846
-1.16263 -0.998122 3.51611 0.997765
-1.2795 -1.03249 3.66174 0.997518
-0.411337 -1.00497 3.36239 0.998853
-1.61995 -1.30855 4.7561 0.998366
-0.714938 -0.605312 3.272 0.998942
-0.985194 -0.576054 3.50707 0.998622
0.349971 -0.060936 3.66103 0.994647
-2.06718 -0.0286829 5.75036 0.997275
0.510996 0.668585 2.11181 0.329419
-2.45169 0.96225 4.21604 0.440363
0.36641 0.696988 1.22535 0.0829355
-1.8482 0.528348 2.32224 0.285702
0.367991 0.717508 1.11617 0.0796433
-1.6629 0.408939 1.90515 0.220655
0.322526 0.699388 1.10678 0.119626
-1.65058 0.394817 1.88459 0.290588
0.30959 0.717803 1.1746 0.130488
-1.61444 0.439118 1.95968 0.335339
0.271669 2.24708 3.69391 0.00343231
-1.26669 3.25968 5.12764 0.0054568
0.208929 4.18924 3.88583 0.00149784
-1.5381 6.91563 6.1698 0.00145177
0.206322 10 6.565 0.000100181
-2.44247 16.7376 10.4365 3.89939e-05
0.365112 12.3607 7.79094 8.79367e-05
-3.16287 21.7275 13.143 6.66482e-05
0.181795 15.193 8.65654 0.000105461
-1.74524 17.3926 9.68995 7.31892e-05
