camera0:
0.451721 0.838986 0.9961
0.493255 0.754351 0.995357
0.517009 0.754093 0.995961
0.538164 0.754317 0.995401
0.421874 0.751637 0.995318
0.400654 0.74941 0.995429
0.383201 0.747307 0.994917
0.577738 0.754178 0.996104
0.363424 0.740807 0.996231
0.495501 0.90029 0.990829
0.412716 0.897713 0.98855
0.702833 1.0305 0.923804
0.252391 0.995704 0.90622
0.79303 1.43781 0.131492
0.1438 1.42854 0.175007
0.733734 1.71579 0.0570189
0.188031 1.67545 0.0561647
0.745429 1.82941 0.0723067
0.175235 1.78455 0.0699273
0.709867 1.80969 0.0934647
0.213401 1.75403 0.0983709
0.696855 1.76263 0.0880884
0.22514 1.7092 0.0942995
0.615327 1.82662 0.00136426
0.278419 1.81151 0.00148733
0.594666 2.47369 0.00410822
0.293342 2.44805 0.00396473
0.579625 3.04861 0.000455272
0.294706 3.01554 0.000229418
0.586488 3.14593 0.000464184
0.28751 3.11228 0.000221456
0.50884 3.24694 0.00106303
0.348254 3.2092 0.000601963
camera1:
0.387927 0.729803 0.980555
0.41373 0.630639 0.979174
0.440476 0.624465 0.978236
0.466965 0.618258 0.979184
0.353833 0.640876 0.980012
0.336285 0.642993 0.97935
0.317839 0.645204 0.981725
0.527412 0.614242 0.980892
0.320897 0.65307 0.98371
0.451416 0.793513 0.987082
0.373776 0.809595 0.98794
0.761133 0.925666 0.981951
0.237086 1.01003 0.990268
0.897774 1.35991 0.141312
0.175947 1.49601 0.288832
0.840816 1.72514 0.0335247
0.210016 1.85375 0.162752
0.863591 1.85653 0.0380223
0.191281 1.99702 0.149204
0.813167 1.8601 0.0597193
0.239946 1.9757 0.198481
0.79589 1.81166 0.0616258
0.257527 1.91921 0.207643
0.716221 1.81573 0.00092196
0.362599 1.84835 0.00117197
0.753666 2.53242 0.000908888
0.432478 2.55698 0.000450644
0.796238 3.16101 9.74961e-05
0.48761 3.18949 2.41966e-05
0.817123 3.25846 5.70973e-05
0.492279 3.29072 4.98e-05
0.735843 3.38505 8.02589e-05
0.54752 3.41166 0.000111041
fused:
-0.131165 0.36275 1.92438 0.9961
-0.0381798 0.216337 1.79541 0.995357
0.00781432 0.21326 1.79893 0.995961
0.0494942 0.211702 1.81727 0.995401
-0.186684 0.232552 1.90739 0.995318
-0.234294 0.236042 1.94211 0.995429
-0.270524 0.235158 1.94108 0.994917
0.134457 0.222595 1.92953 0.996104
-0.343385 0.258517 2.13417 0.996231
-0.0474111 0.481724 2.05121 0.990829
-0.239577 0.514241 2.14512 0.98855
0.588031 1.00013 3.03886 0.981951
-0.679035 0.841377 2.38481 0.990268
1.0848 2.55792 4.04024 0.141312
-1.14347 1.9925 2.83107 0.288832
0.884751 3.82862 4.2128 0.0570189
-0.849402 2.30065 2.44627 0.162752
1.02928 4.66379 4.64357 0.0723067
-0.823506 2.38423 2.30338 0.149204
0.733968 3.95324 4.01899 0.0934647
-0.753009 2.42862 2.39023 0.198481
0.65802 3.67037 3.88859 0.0880884
-0.753641 2.43165 2.48386 0.207643
0.389142 4.90429 4.9784 0.00136426
-1.1347 4.20252 4.21977 0.00148733
1.78043 38.4127 24.7898 0.00410822
-1.73031 11.05 7.17672 0.00396473
-0.372474 -14.3745 -7.15825 0.000455272
-9.22824 76.6078 38.4402 0.000229418
-0.350418 -10.9047 -5.20737 0.000464184
5855 -47792.1 -23151.5 0.000221456
0.0737341 -13.1481 -6.03729 0.00106303
17.1948 -196.561 -91.7205 0.000601963
