camera0:
0.450887 0.315239 0.99913
0.499281 0.216516 0.998631
0.527292 0.216187 0.998868
0.550539 0.218754 0.998585
0.423332 0.22523 0.998655
0.405843 0.228834 0.998799
0.391006 0.231744 0.998579
0.600334 0.244608 0.99895
0.378971 0.242385 0.99909
0.505571 0.384425 0.998321
0.419255 0.392699 0.998005
0.752378 0.57682 0.985408
0.289371 0.516737 0.984327
0.879831 0.931542 0.119817
0.0500145 0.832547 0.184357
0.946195 1.38701 0.0268707
-0.153651 1.13185 0.0700998
0.987547 1.49931 0.0330844
-0.232008 1.20951 0.0742688
0.946573 1.50641 0.0501929
-0.186308 1.20749 0.108454
0.915405 1.47265 0.0520734
-0.141778 1.19822 0.111632
0.634286 1.3368 0.000621556
0.328263 1.32439 0.000692688
0.630085 1.99559 0.00103772
0.349561 1.98196 0.00080073
0.626191 2.55977 0.000100089
0.357678 2.54482 4.04361e-05
0.63987 2.63832 9.92488e-05
0.351332 2.62462 5.01772e-05
0.554107 2.76319 0.000194023
0.394681 2.75312 0.000133607
camera1:
0.378029 0.255702 0.993595
0.406041 0.135027 0.992945
0.445963 0.125361 0.992691
0.475852 0.120307 0.993507
0.346048 0.152843 0.991512
0.327053 0.155625 0.990453
0.309084 0.157163 0.991969
0.562107 0.114864 0.994934
0.328828 0.149964 0.994084
0.447706 0.317099 0.997043
0.370925 0.337997 0.996596
0.772926 0.478949 0.993325
0.31427 0.422934 0.996866
0.892098 0.945863 0.13861
0.0590136 0.7495 0.236313
0.810806 1.41037 0.033026
-0.167504 0.933317 0.11437
0.804765 1.53432 0.0367846
-0.242477 0.952502 0.102459
0.759883 1.49543 0.0583569
-0.244014 0.934236 0.143468
0.744024 1.45003 0.0647265
-0.19543 0.946289 0.158505
0.692916 1.29716 0.0014024
0.420647 1.12692 0.00166829
0.664098 2.02156 0.000482874
0.354723 1.96354 0.000579302
0.665283 2.63607 3.75009e-05
0.372408 2.5886 1.04185e-05
0.683726 2.72017 2.54695e-05
0.371801 2.66863 2.58636e-05
0.590888 2.8369 3.02782e-05
0.388623 2.81868 4.02887e-05
fused:
-0.127553 -0.372078 1.95716 0.99913
-0.0214922 -0.488507 1.80969 0.998631
0.0354665 -0.509935 1.86906 0.998868
0.0843812 -0.51726 1.89663 0.998585
-0.178609 -0.514092 1.93351 0.998655
-0.212815 -0.507755 1.92137 0.998799
-0.239649 -0.499333 1.89727 0.998579
0.213778 -0.555987 2.10342 0.99895
-0.288301 -0.560346 2.11567 0.99909
-0.0137398 -0.280472 2.03128 0.998321
-0.212956 -0.283139 2.14878 0.998005
0.625129 0.00647458 2.43409 0.993325
-0.703151 -0.179622 2.99795 0.996866
0.741628 0.585909 1.93022 0.13861
-1.26616 0.445257 2.55341 0.236313
0.512565 0.704015 1.18659 0.033026
-1.52314 0.696928 2.11644 0.11437
0.495702 0.709291 1.06664 0.0367846
-1.67371 0.781412 2.0752 0.102459
0.462837 0.72238 1.10604 0.0583569
-1.37036 0.668134 1.80861 0.143468
0.450797 0.727356 1.15931 0.0647265
-1.32584 0.680522 1.86757 0.158505
0.344538 1.78143 3.2452 0.0014024
-1.23195 2.54512 5.60787 0.00166829
0.295599 3.47654 3.05881 0.00103772
-0.60593 3.20488 2.91043 0.00080073
0.364727 7.02889 4.42401 0.000100089
-0.666593 5.81556 3.63286 4.04361e-05
0.564295 8.58962 5.1437 9.92488e-05
-0.836747 6.31231 3.88008 5.01772e-05
0.172596 10.3552 5.80535 0.000194023
-0.568664 6.51478 3.70771 0.000133607
