camera0:
0.427337 0.808609 0.998912
0.472023 0.722425 0.998495
0.498199 0.721705 0.998775
0.521049 0.722636 0.998451
0.402609 0.722345 0.998477
0.383931 0.720855 0.998626
0.367438 0.719771 0.998357
0.567834 0.733176 0.998791
0.362603 0.725441 0.998906
0.479522 0.872379 0.997628
0.397322 0.872635 0.997135
0.715898 1.02995 0.979465
0.256503 0.9739 0.976688
0.799289 1.41204 0.0875328
0.171279 1.39405 0.121264
0.732363 1.65279 0.0287746
0.213787 1.6116 0.0371813
0.740145 1.7547 0.0365873
0.205528 1.71023 0.0490445
0.702383 1.72538 0.0530897
0.23972 1.67438 0.0760439
0.691088 1.68152 0.0517184
0.250927 1.63189 0.073237
0.607552 1.76611 0.000689963
0.285486 1.74212 0.000718988
0.587357 2.39467 0.001386
0.300105 2.35995 0.0011036
0.575088 2.94501 0.000135731
0.296726 2.917 5.79791e-05
0.583031 3.04093 0.000134156
0.291865 3.01209 6.66982e-05
0.508006 3.13424 0.000283405
0.34404 3.10619 0.000187042
camera1:
0.388766 0.682255 0.995328
0.41626 0.586504 0.994652
0.438745 0.58005 0.99454
0.463397 0.574032 0.994647
0.369096 0.597403 0.994842
0.355359 0.598787 0.994755
0.342 0.600544 0.995219
0.548434 0.572412 0.995179
0.367289 0.603355 0.995883
0.449834 0.746113 0.99682
0.390141 0.759183 0.99693
0.799788 0.887032 0.994027
0.298073 0.929365 0.997173
0.922502 1.31483 0.103735
0.194721 1.36886 0.196368
0.863806 1.69807 0.0213246
0.22646 1.7412 0.0659887
0.885098 1.83161 0.0266397
0.202653 1.87928 0.071858
0.84015 1.83507 0.0441245
0.249791 1.86045 0.104969
0.82103 1.78261 0.04606
0.269474 1.81028 0.107004
0.733898 1.73864 0.000478802
0.383262 1.74467 0.000576093
0.720735 2.44035 0.000292426
0.406019 2.43671 0.000155117
0.737067 3.05851 4.41711e-05
0.429709 3.06317 8.69852e-06
0.754474 3.15205 2.83766e-05
0.434109 3.15937 2.28884e-05
0.667572 3.26751 3.85866e-05
0.463389 3.2753 5.05739e-05
fused:
-0.197749 0.336839 2.13361 0.998912
-0.0832573 0.177444 1.96538 0.998495
-0.0271439 0.169415 1.92087 0.998775
0.0203395 0.166057 1.91629 0.998451
-0.255965 0.202842 2.18973 0.998477
-0.307352 0.206928 2.24494 0.998626
-0.352815 0.210025 2.28217 0.998357
0.133719 0.197578 2.19145 0.998791
-0.422167 0.25033 2.64365 0.998906
-0.0848933 0.450965 2.18724 0.997628
-0.315037 0.523773 2.48359 0.997135
0.753602 1.15096 3.62841 0.994027
-0.923983 1.03924 3.29731 0.997173
1.3418 2.93576 4.88347 0.103735
-1.10392 1.81007 2.89054 0.196368
1.01153 4.1308 4.80238 0.0287746
-0.807595 2.1313 2.46678 0.0659887
1.13149 4.90823 5.19309 0.0365873
-0.744593 2.12947 2.23419 0.071858
0.844616 4.32222 4.64983 0.0530897
-0.682264 2.16949 2.3223 0.104969
0.756542 3.97681 4.4544 0.0517184
-0.68377 2.18533 2.42604 0.107004
0.49024 6.39643 6.82433 0.000689963
-1.31531 4.67916 5.01141 0.000718988
0.717368 16.4042 11.0306 0.001386
-1.27798 7.99346 5.44549 0.0011036
-1.27115 -72.158 -37.7824 0.000135731
-2.21347 17.6343 9.22491 5.79791e-05
-0.717598 -26.3413 -13.1656 0.000134156
-3.08179 23.5153 11.9269 6.66982e-05
0.365095 -44.2511 -21.2376 0.000283405
-2.07322 21.2106 10.3423 0.000187042
