camera0:
0.448551 0.599717 0.999099
0.490446 0.510212 0.998648
0.516282 0.508821 0.998921
0.538919 0.509405 0.998609
0.423979 0.514461 0.998641
0.40721 0.514721 0.998802
0.392563 0.514742 0.998542
0.584124 0.519415 0.998963
0.389844 0.519097 0.999056
0.500253 0.66097 0.99817
0.420436 0.668835 0.997805
0.753635 0.858411 0.984066
0.291711 0.786776 0.982641
0.878496 1.25435 0.0910876
0.132156 1.07092 0.130113
0.831701 1.60626 0.0252891
0.119884 1.45548 0.0402632
0.848518 1.72397 0.0314976
0.0900181 1.55524 0.0495936
0.800479 1.72397 0.0468399
0.135145 1.54508 0.0771235
0.784333 1.67609 0.0468423
0.156098 1.51294 0.0759663
0.637402 1.58991 0.000621959
0.322118 1.57585 0.00067177
0.620026 2.22058 0.00108439
0.313247 2.19611 0.000850023
0.602317 2.77935 0.000104428
0.305957 2.76342 4.33756e-05
0.610467 2.87208 0.000102816
0.299737 2.86435 5.21949e-05
0.536751 2.98125 0.00021266
0.341345 2.95207 0.000145858
camera1:
0.384158 0.372267 0.996211
0.404745 0.273309 0.99527
0.432638 0.265115 0.995417
0.462 0.259017 0.99533
0.344902 0.296021 0.995251
0.326527 0.301908 0.995368
0.30855 0.307378 0.995539
0.540708 0.271541 0.99601
0.321739 0.321249 0.996446
0.445101 0.427382 0.997408
0.379749 0.458264 0.997382
0.76888 0.614143 0.994516
0.288793 0.613808 0.997411
0.888389 1.02987 0.108774
0.0367393 0.92197 0.205353
0.878563 1.54933 0.0239093
-0.138829 1.06593 0.0833049
0.908001 1.68085 0.0305769
-0.195885 1.09751 0.0854148
0.849848 1.67267 0.0510043
-0.159953 1.07935 0.122576
0.827658 1.62523 0.0538478
-0.124442 1.08522 0.128853
0.68888 1.52399 0.000458209
0.349941 1.51311 0.000564284
0.664725 2.25386 0.000240628
0.341841 2.22825 0.000127317
0.669756 2.89758 3.48734e-05
0.352314 2.88744 6.87504e-06
0.685201 2.98742 2.34473e-05
0.352011 2.98136 1.8431e-05
0.601823 3.10276 3.14887e-05
0.374391 3.09615 4.08979e-05
fused:
-0.105879 -0.0707354 1.85158 0.999099
-0.0149642 -0.180318 1.69303 0.998648
0.0328625 -0.184012 1.68756 0.998921
0.0758137 -0.188603 1.70777 0.998609
-0.144165 -0.175759 1.76729 0.998641
-0.176641 -0.172562 1.7661 0.998802
-0.20372 -0.168477 1.75357 0.998542
0.174841 -0.192121 1.89067 0.998963
-0.223018 -0.167324 1.85991 0.999056
-0.00670654 0.0125208 1.89156 0.99817
-0.186975 0.0386582 2.05893 0.997805
0.573336 0.333701 2.20466 0.994516
-0.589841 0.299837 2.51609 0.997411
0.749618 0.859676 2.04633 0.108774
-0.724618 0.542573 1.75112 0.205353
0.800945 2.04266 2.68422 0.0252891
-0.541268 0.514034 1.21268 0.0833049
0.90577 2.5008 2.95235 0.0314976
-0.571781 0.560322 1.17231 0.0854148
0.752666 2.47812 2.95878 0.0510043
-0.509053 0.551605 1.15828 0.122576
0.683131 2.26918 2.83557 0.0538478
-0.490589 0.549648 1.18359 0.128853
0.343844 2.57852 3.29798 0.000621959
-0.713448 2.44665 3.1517 0.00067177
0.366779 4.995 3.71335 0.00108439
-0.723838 4.3687 3.2711 0.000850023
0.387078 11.4608 6.46731 0.000104428
-0.946246 7.32 4.09546 4.33756e-05
0.750139 17.3473 9.31956 0.000102816
-1.16831 8.49907 4.6016 5.21949e-05
0.107699 18.3377 9.36045 0.00021266
-0.888173 8.30637 4.31812 0.000145858
