camera0:
0.427298 0.803981 0.998977
0.47056 0.719665 0.998549
0.496561 0.718685 0.998831
0.519459 0.719307 0.998504
0.402815 0.720387 0.998531
0.384165 0.719161 0.998689
0.367591 0.718158 0.998421
0.567421 0.72899 0.998846
0.362183 0.723463 0.998951
0.47907 0.867478 0.997819
0.397047 0.867886 0.997373
0.717046 1.02699 0.981008
0.257494 0.973663 0.978811
0.787019 1.41316 0.0869249
0.178129 1.40054 0.124143
0.70224 1.62585 0.0272687
0.223301 1.62236 0.0366057
0.701173 1.71786 0.0344688
0.216768 1.72225 0.0478978
0.665732 1.68667 0.0502085
0.250482 1.68749 0.0744684
0.659109 1.64519 0.0490343
0.260273 1.64423 0.0716894
0.607098 1.74942 0.000674105
0.289359 1.72511 0.000709269
0.585331 2.37136 0.00131131
0.302678 2.33501 0.00103518
0.574202 2.92005 0.000126723
0.300658 2.89331 5.32269e-05
0.581904 3.01385 0.000124656
0.295506 2.9875 6.34684e-05
0.507098 3.11082 0.000259791
0.346175 3.08313 0.000177061
camera1:
0.389623 0.68306 0.995719
0.417089 0.586815 0.994977
0.439696 0.580588 0.994921
0.464789 0.574627 0.994966
0.372723 0.597271 0.995139
0.360314 0.598309 0.995092
0.347543 0.599588 0.995467
0.550373 0.572476 0.995511
0.377322 0.600518 0.996165
0.451118 0.746414 0.997063
0.393782 0.758635 0.997133
0.80565 0.887136 0.994267
0.301322 0.929175 0.997364
0.932844 1.32049 0.102465
0.196308 1.39053 0.189169
0.88558 1.70497 0.0207741
0.225563 1.77042 0.0622582
0.915428 1.83665 0.0261758
0.199512 1.90863 0.0685902
0.861263 1.84841 0.0435801
0.24935 1.8998 0.101107
0.839218 1.7959 0.0457917
0.268494 1.84634 0.103361
0.740672 1.76272 0.000443306
0.393035 1.76966 0.000535512
0.731265 2.47015 0.000267087
0.411237 2.46357 0.000141572
0.757619 3.086 4.04317e-05
0.45042 3.08368 7.91142e-06
0.77724 3.18848 2.621e-05
0.455694 3.1852 2.09346e-05
0.685865 3.29367 3.58512e-05
0.489072 3.29949 4.63147e-05
fused:
-0.198949 0.335433 2.14346 0.998977
-0.0873797 0.177316 1.98516 0.998549
-0.0310685 0.169421 1.94248 0.998831
0.0170539 0.166144 1.94114 0.998504
-0.25952 0.204107 2.22356 0.998531
-0.313469 0.209343 2.29363 0.998689
-0.361246 0.21279 2.33942 0.998421
0.13408 0.196561 2.21804 0.998846
-0.447955 0.259358 2.79929 0.998951
-0.0867045 0.451117 2.20525 0.997819
-0.322155 0.529532 2.53398 0.997373
0.786661 1.19126 3.76394 0.994267
-0.934659 1.05514 3.34806 0.997364
1.74785 4.04371 6.65587 0.102465
-1.0423 1.78687 2.78983 0.189169
1.70217 7.86831 9.19301 0.0272687
-0.733327 2.04351 2.32455 0.0622582
2.89862 14.6041 15.5626 0.0344688
-0.668889 2.02034 2.09014 0.0685902
1.30284 7.84312 8.46786 0.0502085
-0.607267 2.06951 2.17216 0.101107
1.03559 6.3166 7.09352 0.0490343
-0.612536 2.08843 2.27403 0.103361
0.500933 6.1184 6.51987 0.000674105
-1.23745 4.56677 4.88176 0.000709269
0.585822 13.2699 9.01853 0.00131131
-1.09779 6.87617 4.74547 0.00103518
-3.94272 -196.427 -103.627 0.000126723
-1.99579 16.0905 8.49674 5.32269e-05
-1.15648 -40.8276 -20.6005 0.000124656
-2.60139 20.4011 10.4204 6.34684e-05
0.674032 -80.3288 -38.8871 0.000259791
-1.89954 19.8888 9.76615 0.000177061
