camera0:
0.474292 0.83769 0.99737
0.508994 0.754967 0.996796
0.530406 0.755483 0.997247
0.549377 0.75657 0.996804
0.434849 0.751792 0.996768
0.407787 0.750464 0.996891
0.386753 0.749513 0.996498
0.585903 0.764028 0.997334
0.362402 0.753641 0.997451
0.512595 0.904245 0.993888
0.427498 0.903065 0.992405
0.721395 1.04259 0.948771
0.250157 1.00243 0.93773
0.815368 1.45705 0.109846
0.165263 1.44903 0.153193
0.73136 1.6805 0.0437482
0.216576 1.66318 0.0459497
0.737129 1.77886 0.0554024
0.208031 1.76995 0.0581902
0.698981 1.74169 0.0737893
0.245619 1.7366 0.0843178
0.689174 1.69876 0.0701948
0.255786 1.69059 0.0810456
0.639166 1.82387 0.00114322
0.302674 1.80806 0.00121377
0.612741 2.46972 0.00297819
0.31609 2.43912 0.00273804
0.598955 3.03528 0.000318652
0.313167 3.00757 0.000154755
0.603818 3.13315 0.000322983
0.308044 3.10655 0.000157537
0.532871 3.23807 0.000721013
0.37403 3.20384 0.000427136
camera1:
0.436086 0.717662 0.987195
0.463483 0.618255 0.986211
0.490003 0.610766 0.985612
0.51198 0.604979 0.986215
0.390797 0.6336 0.986764
0.369826 0.637218 0.986339
0.351224 0.639875 0.987889
0.556122 0.605058 0.987359
0.33907 0.649165 0.989218
0.499865 0.781563 0.991471
0.410262 0.80274 0.992009
0.773427 0.918311 0.987499
0.247712 1.0023 0.993409
0.897649 1.34192 0.113887
0.197518 1.45801 0.231235
0.839466 1.70804 0.0259647
0.230367 1.797 0.117274
0.861017 1.83632 0.0307954
0.210757 1.93313 0.113722
0.814142 1.83736 0.0494045
0.258897 1.91222 0.155342
0.797092 1.7887 0.0508087
0.276027 1.85728 0.160403
0.724082 1.77607 0.000670921
0.369272 1.80712 0.000854649
0.748061 2.47951 0.000619869
0.429278 2.50736 0.000311815
0.775148 3.1009 6.84984e-05
0.466391 3.1289 1.6558e-05
0.793363 3.19698 4.09923e-05
0.468884 3.22991 3.52086e-05
0.714072 3.32565 5.91547e-05
0.52987 3.34264 7.96979e-05
fused:
-0.0922984 0.387225 2.11344 0.99737
-0.00764022 0.233474 2.02272 0.996796
0.0397846 0.231378 2.04522 0.997247
0.0821277 0.228809 2.0513 0.996804
-0.174415 0.247686 2.08531 0.996768
-0.242519 0.256468 2.15223 0.996891
-0.295216 0.260494 2.1831 0.996498
0.164596 0.238563 2.07776 0.997334
-0.373494 0.286564 2.31278 0.997451
-0.0108056 0.541516 2.33568 0.993888
-0.225516 0.562984 2.35352 0.992405
0.611152 0.950133 2.87092 0.987499
-0.729862 0.89671 2.54035 0.993409
0.988204 2.16589 3.43063 0.113887
-1.14856 2.04587 2.96924 0.231235
0.850903 3.58631 4.0489 0.0437482
-0.804206 2.22867 2.47061 0.117274
0.966514 4.33237 4.46803 0.0554024
-0.765628 2.2828 2.29825 0.113722
0.705559 3.73833 3.96355 0.0737893
-0.689992 2.31437 2.37528 0.155342
0.637646 3.44912 3.80273 0.0701948
-0.690443 2.31398 2.46832 0.160403
0.470314 4.48252 4.56289 0.00114322
-0.966241 3.8744 3.93204 0.00121377
2.08711 35.7502 23.1348 0.00297819
-1.39663 9.84638 6.42751 0.00273804
-0.559964 -16.0181 -8.0308 0.000318652
-5.44574 48.9073 24.6295 0.000154755
-0.464088 -11.4601 -5.5029 0.000322983
-14.6689 128.94 62.7004 0.000157537
-0.0803861 -13.9189 -6.41441 0.000721013
18.6588 -244.895 -114.654 0.000427136
