camera0:
0.409806 0.25612 0.999114
0.448218 0.166694 0.998442
0.477953 0.162911 0.998524
0.507114 0.160071 0.998432
0.378016 0.179191 0.998434
0.354715 0.183207 0.998426
0.332443 0.185406 0.998383
0.563471 0.182294 0.998789
0.327 0.205144 0.998915
0.462573 0.327447 0.998669
0.389254 0.344633 0.998455
0.728861 0.556163 0.98876
0.262738 0.515992 0.988272
0.884336 0.945278 0.237668
0.0123198 0.835749 0.314815
1.01778 1.35079 0.0336807
-0.253651 0.960904 0.123075
1.07033 1.45685 0.037203
-0.337184 1.00135 0.112575
1.03379 1.46004 0.0572309
-0.315684 0.982468 0.153594
1.00159 1.42614 0.0647566
-0.274536 0.98864 0.170097
0.63189 1.34046 0.00109165
0.327342 1.33401 0.00129387
0.614421 2.00464 0.000911739
0.307649 1.99176 0.000678798
0.607615 2.58081 8.14406e-05
0.312192 2.5533 3.3347e-05
0.623765 2.66794 8.02947e-05
0.306117 2.62883 4.3017e-05
0.538355 2.76686 0.00014645
0.355419 2.77268 0.00010208
camera1:
0.369614 0.275131 0.994778
0.409061 0.172458 0.993908
0.436018 0.164801 0.99386
0.466225 0.157332 0.994455
0.345278 0.188052 0.992464
0.326242 0.19189 0.991767
0.309795 0.195648 0.992795
0.546157 0.164863 0.995762
0.332056 0.207052 0.994859
0.422653 0.346776 0.997569
0.361389 0.374121 0.997106
0.768726 0.568966 0.993001
0.317714 0.532839 0.996798
0.886622 1.03512 0.169955
0.0473849 0.808849 0.335911
0.872007 1.47961 0.035668
-0.213764 0.887904 0.181579
0.895997 1.60946 0.0378445
-0.302679 0.894072 0.137184
0.844655 1.60488 0.0610418
-0.296535 0.893519 0.1936
0.824442 1.54753 0.0730703
-0.254751 0.905116 0.22784
0.699852 1.37154 0.00149457
0.406557 1.3913 0.00194921
0.69179 2.06682 0.000545201
0.403721 2.05528 0.000563361
0.715735 2.69008 3.92614e-05
0.436029 2.6654 1.03088e-05
0.743439 2.77861 3.25131e-05
0.438818 2.74884 2.5697e-05
0.628415 2.88435 2.59281e-05
0.447848 2.87232 3.24045e-05
fused:
-0.274003 -0.500783 2.37226 0.999114
-0.178293 -0.685474 2.4108 0.998442
-0.10085 -0.680606 2.3744 0.998524
-0.0271283 -0.686184 2.37584 0.998432
-0.365161 -0.687102 2.47145 0.998434
-0.432355 -0.69475 2.51205 0.998426
-0.503879 -0.711035 2.57666 0.998383
0.130254 -0.717453 2.60503 0.998789
-0.592671 -0.788805 2.96577 0.998915
-0.139511 -0.355838 2.33531 0.998669
-0.341897 -0.346497 2.48359 0.998455
0.66271 0.0842577 2.95568 0.993001
-1.057 -0.0728697 3.91145 0.996798
0.704505 0.621696 1.8079 0.237668
-1.55556 0.610219 2.89006 0.335911
0.545095 0.642174 1.05411 0.035668
-2.0092 0.663024 2.4424 0.181579
0.547025 0.655967 0.970474 0.0378445
-2.04152 0.667088 2.23733 0.137184
0.512366 0.660065 0.976537 0.0610418
-1.90061 0.618098 2.1373 0.1936
0.503727 0.663968 1.02242 0.0730703
-1.86899 0.648221 2.21035 0.22784
0.356875 1.95412 3.23303 0.00149457
-0.831234 2.49819 3.99047 0.00194921
0.294827 4.3196 3.7923 0.000911739
-1.10758 5.20881 4.58148 0.000678798
0.416444 11.4772 7.17643 8.14406e-05
-1.50668 10.6065 6.58037 3.3347e-05
0.804278 16.9687 10.1164 8.02947e-05
-1.85305 12.1732 7.38145 4.3017e-05
0.0984836 13.7149 7.67721 0.00014645
-1.25637 11.7426 6.60064 0.00010208
