camera0:
0.451866 0.838604 0.996816
0.493764 0.756951 0.996183
0.517773 0.757923 0.99669
0.539 0.759691 0.996211
0.421298 0.753021 0.996152
0.399652 0.751129 0.996257
0.382288 0.749565 0.995823
0.579657 0.766735 0.996802
0.362447 0.749069 0.996918
0.495872 0.904209 0.992539
0.411677 0.901054 0.990696
0.709438 1.04858 0.937744
0.245847 1.00828 0.923754
0.793982 1.46855 0.11996
0.155094 1.4637 0.170072
0.740822 1.73881 0.0498727
0.199189 1.69924 0.0517961
0.754946 1.84816 0.0630429
0.190072 1.81248 0.064636
0.718101 1.82934 0.0828396
0.226026 1.77417 0.0926209
0.703128 1.78169 0.0783944
0.236542 1.72768 0.0886528
0.623674 1.82961 0.00125806
0.289797 1.82204 0.00135105
0.605395 2.47489 0.00345296
0.305182 2.45115 0.00327526
0.599354 3.04385 0.000377718
0.313119 3.02159 0.000187618
0.607151 3.14073 0.000384649
0.307541 3.11823 0.000185057
0.530118 3.2434 0.000871467
0.375948 3.21922 0.000502938
camera1:
0.388947 0.714538 0.984216
0.416513 0.617785 0.983043
0.444549 0.611431 0.982296
0.471761 0.606131 0.98305
0.354532 0.627812 0.983726
0.337231 0.629382 0.9832
0.319137 0.631364 0.985121
0.535727 0.608241 0.984449
0.326269 0.645267 0.986745
0.457362 0.783471 0.989499
0.377428 0.801422 0.990177
0.768755 0.924956 0.984881
0.246138 1.00701 0.99199
0.897555 1.36054 0.125074
0.184608 1.47546 0.259153
0.835239 1.72166 0.0288389
0.230253 1.80275 0.136938
0.852786 1.84949 0.0332551
0.213614 1.93888 0.128371
0.806215 1.85175 0.0526546
0.262042 1.91143 0.172752
0.792149 1.80231 0.0542543
0.277542 1.85785 0.179623
0.720474 1.8012 0.000778473
0.365228 1.82575 0.000993848
0.745891 2.50932 0.000752935
0.427644 2.53352 0.000376826
0.78021 3.14292 8.21093e-05
0.470257 3.16347 2.00932e-05
0.799271 3.24153 4.87168e-05
0.473988 3.26351 4.22555e-05
0.718708 3.35961 6.94894e-05
0.525746 3.3784 9.46388e-05
fused:
-0.130069 0.351268 1.92755 0.996816
-0.0360905 0.209707 1.80423 0.996183
0.010777 0.207881 1.81354 0.99669
0.0531068 0.208329 1.83601 0.996211
-0.187011 0.223929 1.91156 0.996152
-0.23615 0.227618 1.95124 0.996257
-0.272568 0.227173 1.95183 0.995823
0.142488 0.23071 1.96792 0.996802
-0.35273 0.2643 2.18547 0.996918
-0.0471533 0.487111 2.09704 0.992539
-0.246439 0.520135 2.18796 0.990696
0.609664 1.02269 3.04974 0.984881
-0.751591 0.918063 2.57399 0.99199
1.11999 2.72043 4.2135 0.125074
-1.15827 2.04217 2.91177 0.259153
0.860853 3.69591 4.01593 0.0498727
-0.960007 2.51706 2.75167 0.136938
0.946979 4.20386 4.1558 0.0630429
-0.930771 2.62379 2.59824 0.128371
0.711201 3.76392 3.8008 0.0828396
-0.866673 2.69845 2.73308 0.172752
0.656342 3.62686 3.81715 0.0783944
-0.863691 2.68302 2.8247 0.179623
0.432662 4.89866 4.95426 0.00125806
-1.08455 4.1625 4.17743 0.00135105
1.5721 29.5996 19.1056 0.00345296
-1.53674 10.3548 6.71651 0.00327526
-0.673678 -19.0789 -9.52973 0.000377718
-4.67121 42.2034 21.1327 0.000187618
-0.565905 -13.4026 -6.41594 0.000384649
-10.561 93.1568 45.0876 0.000185057
-0.0699936 -15.3929 -7.0789 0.000871467
-15.067 201.336 93.7219 0.000502938
