camera0:
0.285676 0.238143 0.99885
0.316066 0.14851 0.998083
0.339177 0.142988 0.9983
0.364382 0.138785 0.998285
0.24839 0.16694 0.997663
0.227321 0.173163 0.997582
0.208443 0.178219 0.997315
0.432305 0.165552 0.998748
0.212169 0.199735 0.998254
0.334444 0.300937 0.998837
0.271768 0.327136 0.998492
0.622148 0.513028 0.990979
0.185086 0.54626 0.987588
0.748931 0.955983 0.282433
-0.0512789 0.860946 0.392942
0.765471 1.37268 0.0450649
-0.181161 0.676 0.178377
0.755846 1.50451 0.0459923
-0.221392 0.603419 0.138337
0.705008 1.49712 0.0711779
-0.211312 0.594866 0.181277
0.691472 1.45563 0.0830467
-0.172828 0.636739 0.209086
0.597378 1.34092 0.00199515
0.284779 1.37492 0.00196666
0.596404 2.01339 0.000973651
0.292725 2.027 0.000650191
0.612188 2.60458 7.59792e-05
0.320553 2.60746 2.84961e-05
0.635114 2.68849 7.43814e-05
0.325089 2.68577 3.86678e-05
0.548851 2.80507 0.000112781
0.357274 2.81084 7.81332e-05
camera1:
0.287017 0.283441 0.995695
0.313361 0.194797 0.994796
0.334515 0.184764 0.994959
0.355227 0.174335 0.99532
0.262592 0.212956 0.993528
0.249925 0.216239 0.993117
0.23938 0.219215 0.993693
0.428614 0.171269 0.996566
0.276108 0.218202 0.995586
0.344932 0.330488 0.997993
0.29766 0.364854 0.997444
0.664817 0.511761 0.994133
0.28412 0.540854 0.997068
0.740258 0.96529 0.292465
0.0604469 0.820166 0.412055
0.636847 1.34969 0.0690229
-0.195079 0.880868 0.252363
0.628761 1.48226 0.0659849
-0.316603 0.886857 0.194587
0.57779 1.45428 0.100264
-0.305284 0.897282 0.260335
0.574005 1.40436 0.11093
-0.262051 0.904397 0.30196
0.671986 1.35264 0.0030269
0.386732 1.38223 0.00480253
0.67417 2.04266 0.00144257
0.415997 2.05156 0.00133235
0.712929 2.66812 8.99835e-05
0.469757 2.70917 3.64815e-05
0.735684 2.75691 7.77583e-05
0.480792 2.79537 6.35035e-05
0.654202 2.87128 5.53625e-05
0.474507 2.89686 4.14028e-05
fused:
-0.730529 -0.66273 2.94692 0.99885
-0.640701 -0.873141 2.96548 0.998083
-0.563653 -0.881099 2.94557 0.9983
-0.472753 -0.871598 2.87647 0.998285
-0.913082 -0.906203 3.18359 0.997663
-1.02177 -0.9354 3.31171 0.997582
-1.1334 -0.969868 3.45484 0.997315
-0.260448 -0.840971 2.90534 0.998748
-1.40266 -1.19737 4.36541 0.998254
-0.600701 -0.552263 3.08147 0.998837
-0.874556 -0.531426 3.34234 0.998492
0.372894 -0.048189 3.32845 0.994133
-1.97155 -0.0404229 5.60966 0.997068
0.492919 0.646914 2.01639 0.292465
-2.88923 1.07734 4.76624 0.412055
0.333522 0.785263 1.3817 0.0690229
-1.55577 0.402215 2.08071 0.252363
0.315356 0.939705 1.42468 0.0659849
-1.25014 0.279325 1.57738 0.194587
0.247644 0.957842 1.47217 0.100264
-1.24401 0.289798 1.59073 0.260335
0.238763 0.946044 1.51543 0.11093
-1.20901 0.323572 1.63419 0.30196
0.257778 2.12112 3.56595 0.0030269
-1.35054 3.25384 5.20841 0.00480253
0.132397 4.57139 4.22611 0.00144257
-1.88091 7.67041 6.84051 0.00133235
0.0594939 12.6497 8.23877 8.99835e-05
-2.62634 16.2031 10.1592 3.64815e-05
0.259575 15.3125 9.54208 7.77583e-05
-3.12192 19.5919 11.8956 6.35035e-05
-0.23049 25.4429 14.3895 0.000112781
-2.03603 17.4961 9.80796 7.81332e-05
