camera0:
0.481422 0.846176 0.997612
0.514953 0.759355 0.99707
0.534773 0.7586 0.997487
0.552891 0.758596 0.997072
0.441635 0.758337 0.997043
0.413281 0.757572 0.997164
0.390773 0.757568 0.996796
0.586186 0.763758 0.997562
0.364013 0.758942 0.997677
0.516317 0.907983 0.994467
0.434713 0.910399 0.993133
0.721046 1.03548 0.953603
0.254902 1.00678 0.943681
0.79795 1.44865 0.105502
0.16688 1.44555 0.147196
0.728806 1.68197 0.0411686
0.216267 1.6725 0.0435365
0.736383 1.78135 0.0524217
0.207336 1.77593 0.0556367
0.699036 1.74511 0.0705551
0.244355 1.74603 0.081271
0.688904 1.70105 0.0671786
0.254624 1.70151 0.0782181
0.631143 1.81212 0.00105854
0.302605 1.79613 0.00111812
0.603776 2.4604 0.00272824
0.315748 2.43274 0.00248565
0.591236 3.02412 0.00029224
0.314663 2.99614 0.000139907
0.595948 3.11762 0.00029477
0.309653 3.08649 0.000143747
0.528427 3.21768 0.000655002
0.373484 3.18959 0.000389718
camera1:
0.454465 0.70682 0.988439
0.477807 0.609234 0.98751
0.501359 0.601498 0.98698
0.521053 0.594971 0.98751
0.408598 0.626067 0.988003
0.387767 0.63039 0.987626
0.370487 0.634115 0.989009
0.562592 0.591354 0.988548
0.354201 0.64598 0.990225
0.511795 0.765908 0.992298
0.428864 0.792125 0.992775
0.776265 0.909514 0.988569
0.266678 0.989076 0.993896
0.892985 1.34074 0.113617
0.20686 1.45636 0.226745
0.852605 1.69264 0.0249429
0.242511 1.79489 0.10852
0.873338 1.82326 0.0297582
0.225104 1.93035 0.105769
0.828759 1.81625 0.0480328
0.272412 1.9098 0.145225
0.810919 1.76728 0.0490135
0.289206 1.85511 0.149504
0.729245 1.76684 0.000654784
0.388847 1.80474 0.000818555
0.767092 2.46754 0.000605618
0.455407 2.49711 0.000306368
0.801987 3.09136 7.38211e-05
0.507878 3.12086 1.69999e-05
0.817063 3.18703 4.42426e-05
0.512831 3.22094 3.88473e-05
0.753602 3.31471 6.19168e-05
0.571035 3.32809 8.38293e-05
fused:
-0.0786263 0.401909 2.2078 0.997612
0.00659478 0.236191 2.08223 0.99707
0.0517534 0.231679 2.09541 0.997487
0.0927906 0.226326 2.08977 0.997072
-0.164994 0.256927 2.17437 0.997043
-0.240669 0.26937 2.26341 0.997164
-0.303814 0.27917 2.32838 0.996796
0.170666 0.232212 2.12537 0.997562
-0.392522 0.306313 2.46084 0.997677
-0.000603423 0.550248 2.42306 0.994467
-0.218126 0.589874 2.48056 0.993133
0.623486 0.953602 2.9297 0.988569
-0.774682 0.958707 2.74275 0.993896
1.04214 2.41492 3.84883 0.113617
-1.19343 2.13223 3.10123 0.226745
1.00348 4.29821 4.86315 0.0411686
-0.865283 2.39062 2.64323 0.10852
1.13712 5.13989 5.30508 0.0524217
-0.824998 2.45504 2.46535 0.105769
0.83775 4.47711 4.75865 0.0705551
-0.751211 2.5049 2.56189 0.145225
0.7435 4.05925 4.49114 0.0671786
-0.754746 2.51268 2.67036 0.149504
0.486668 5.0028 5.14799 0.00105854
-1.10372 4.41499 4.51103 0.00111812
-24.7107 -472.941 -307.659 0.00272824
-1.97609 13.8529 9.07423 0.00248565
-0.353075 -11.9921 -6.04973 0.00029224
17.7162 -159.345 -80.6273 0.000139907
-0.351693 -9.77416 -4.72496 0.00029477
7.44151 -64.8984 -31.8352 0.000143747
-0.0375115 -10.8708 -5.04848 0.000655002
2.69531 -34.7922 -16.3862 0.000389718
