camera0:
0.451794 0.838069 0.996472
0.493538 0.754405 0.995784
0.517456 0.754934 0.99634
0.538618 0.756188 0.995818
0.421338 0.751101 0.995748
0.399727 0.748962 0.995859
0.382346 0.746983 0.995384
0.57904 0.761477 0.996469
0.362625 0.743821 0.99659
0.495675 0.902496 0.991725
0.411893 0.899222 0.989676
0.709109 1.03283 0.931105
0.247503 1.00686 0.915418
0.798822 1.46605 0.12665
0.14349 1.46068 0.172564
0.7361 1.71598 0.0536268
0.188198 1.69968 0.0533858
0.746111 1.8275 0.067661
0.178527 1.81318 0.0664851
0.70932 1.80829 0.08812
0.217141 1.77527 0.0942961
0.696481 1.76039 0.0830719
0.227865 1.72794 0.0902177
0.624683 1.83231 0.00134031
0.287591 1.81585 0.00144335
0.605635 2.47888 0.00379728
0.302483 2.45131 0.00362042
0.600105 3.04945 0.000416501
0.313314 3.022 0.000207924
0.607742 3.14907 0.000424199
0.307916 3.11992 0.000203979
0.531005 3.25233 0.000964359
0.376553 3.22789 0.000554212
camera1:
0.387922 0.723227 0.982477
0.413704 0.626231 0.9812
0.440511 0.619796 0.980364
0.467045 0.613702 0.981208
0.353949 0.636393 0.981956
0.336638 0.638424 0.981369
0.318499 0.640667 0.983504
0.529679 0.612056 0.982756
0.325427 0.651077 0.985301
0.452901 0.787725 0.98835
0.375763 0.806467 0.989112
0.763005 0.924948 0.983504
0.243707 1.01064 0.991164
0.897456 1.35972 0.13349
0.184776 1.49505 0.274899
0.845043 1.71631 0.0308758
0.225714 1.83412 0.148212
0.864534 1.84412 0.035178
0.209936 1.97118 0.136629
0.819681 1.84903 0.0554476
0.259027 1.95342 0.182499
0.804175 1.79961 0.0570874
0.273293 1.89666 0.1905
0.720518 1.81343 0.000848615
0.368267 1.84372 0.00107972
0.751613 2.52156 0.000832122
0.433401 2.54784 0.000415609
0.792845 3.16087 9.0253e-05
0.485945 3.18498 2.22065e-05
0.813443 3.26024 5.3364e-05
0.490693 3.28721 4.65014e-05
0.733898 3.37739 7.5726e-05
0.544825 3.39764 0.000103537
fused:
-0.130482 0.35669 1.92267 0.996472
-0.0371597 0.212728 1.79189 0.995784
0.00912659 0.209826 1.79421 0.99634
0.0507672 0.208958 1.81221 0.995818
-0.187727 0.229063 1.91084 0.995748
-0.23681 0.23301 1.95033 0.995859
-0.273276 0.232453 1.95092 0.995384
0.137882 0.225983 1.93132 0.996469
-0.352362 0.264583 2.18068 0.99659
-0.0469863 0.480975 2.0613 0.991725
-0.244226 0.518938 2.17084 0.989676
0.587283 0.967771 2.93489 0.983504
-0.731428 0.900812 2.52068 0.991164
1.07992 2.56237 3.98694 0.13349
-1.2434 2.16989 3.04885 0.274899
0.923317 3.95052 4.34843 0.0536268
-0.973661 2.56653 2.74489 0.148212
1.05955 4.78173 4.77299 0.067661
-0.946223 2.67486 2.59868 0.136629
0.791127 4.27059 4.34799 0.08812
-0.854677 2.70996 2.68065 0.182499
0.717159 4.00181 4.24886 0.0830719
-0.849769 2.68326 2.76025 0.1905
0.42447 4.76135 4.80453 0.00134031
-1.08412 4.16616 4.17443 0.00144335
1.71048 32.1101 20.6798 0.00379728
-1.60918 10.7175 6.95013 0.00362042
-0.638861 -17.7649 -8.85036 0.000416501
-5.41884 49.0744 24.5656 0.000207924
-0.531124 -12.4892 -5.95884 0.000424199
-15.2754 135.766 65.6283 0.000203979
-0.0707641 -14.0532 -6.44121 0.000964359
20.3557 -275.205 -127.653 0.000554212
