camera0:
0.457533 0.83966 0.998713
0.49959 0.758315 0.998266
0.523283 0.758538 0.998573
0.545072 0.759665 0.99822
0.428945 0.755756 0.998252
0.408623 0.754221 0.998405
0.390764 0.753454 0.998113
0.591005 0.762457 0.998586
0.371303 0.753859 0.998725
0.503992 0.901856 0.997138
0.418913 0.901473 0.996533
0.722524 1.03221 0.975781
0.256694 1.00206 0.971706
0.793725 1.427 0.0916079
0.176336 1.42439 0.12519
0.722257 1.61662 0.0303601
0.221344 1.62916 0.0350898
0.728637 1.70529 0.0388804
0.212851 1.72748 0.0464713
0.690021 1.66387 0.0553142
0.244943 1.69051 0.070883
0.679772 1.62387 0.0532403
0.255505 1.64888 0.0683637
0.628922 1.78796 0.000785971
0.296945 1.77214 0.000816393
0.605711 2.42553 0.00163988
0.31716 2.38485 0.00132529
0.592228 2.96998 0.000162086
0.310008 2.93997 7.08183e-05
0.596747 3.07104 0.000160334
0.304922 3.03736 7.97111e-05
0.52735 3.17082 0.000343946
0.364223 3.13245 0.000220223
camera1:
0.412015 0.68866 0.994331
0.436889 0.591949 0.993673
0.460039 0.586388 0.993479
0.484386 0.581546 0.993659
0.385651 0.602448 0.993896
0.371391 0.603918 0.99376
0.356257 0.605739 0.994366
0.557163 0.581896 0.994232
0.372868 0.614063 0.99507
0.475978 0.751442 0.996194
0.406617 0.766387 0.996375
0.793532 0.89498 0.993384
0.29145 0.949151 0.996665
0.913752 1.32078 0.109992
0.204296 1.40725 0.213025
0.866772 1.69915 0.0225587
0.228208 1.76151 0.07322
0.892457 1.83401 0.0269543
0.213174 1.91236 0.0756875
0.843381 1.84156 0.0442974
0.258877 1.89812 0.108921
0.823752 1.78744 0.0455685
0.274268 1.84318 0.110544
0.731563 1.76338 0.000565502
0.381585 1.77233 0.000670961
0.731876 2.46459 0.000355743
0.411565 2.4652 0.000187822
0.747867 3.07875 5.35567e-05
0.438797 3.08683 1.05657e-05
0.765127 3.17625 3.40565e-05
0.441617 3.18607 2.77156e-05
0.676082 3.2973 4.53343e-05
0.480226 3.30567 6.05264e-05
fused:
-0.123951 0.352891 2.05202 0.998713
-0.0231898 0.199956 1.88664 0.998266
0.0248142 0.194806 1.86555 0.998573
0.0687782 0.192696 1.86524 0.99822
-0.183422 0.223514 2.07841 0.998252
-0.235577 0.229362 2.14098 0.998405
-0.280733 0.232829 2.17321 0.998113
0.174256 0.212735 2.02606 0.998586
-0.388832 0.284041 2.58703 0.998725
-0.0281457 0.47738 2.18132 0.997138
-0.250702 0.540251 2.40901 0.996533
0.699431 1.0443 3.25926 0.993384
-0.885423 1.05135 3.15582 0.996665
1.3012 2.95606 4.86983 0.109992
-1.11551 1.92833 2.9577 0.213025
1.03517 4.26018 5.03914 0.0303601
-0.768359 2.10371 2.40139 0.07322
1.17227 5.05887 5.462 0.0388804
-0.722066 2.17248 2.23257 0.0756875
0.819332 4.13859 4.55799 0.0553142
-0.658601 2.21115 2.31128 0.108921
0.740442 3.84664 4.4018 0.0532403
-0.65684 2.20121 2.39024 0.110544
0.464221 4.82316 5.08901 0.000785971
-1.13689 4.28987 4.50371 0.000816393
0.916508 16.646 11.0227 0.00163988
-1.08372 7.43708 4.99979 0.00132529
-1.54724 -60.8832 -31.5911 0.000162086
-2.10375 17.9603 9.30717 7.08183e-05
-0.757107 -22.5523 -11.1427 0.000160334
-2.89997 23.4434 11.78 7.97111e-05
-0.0559715 -37.9152 -17.9463 0.000343946
-1.94662 22.3275 10.7838 0.000220223
