camera0:
0.276159 0.249048 0.99916
0.300674 0.161505 0.998598
0.326482 0.153492 0.998759
0.350891 0.146544 0.998764
0.245015 0.18396 0.998278
0.22692 0.191702 0.998209
0.20906 0.198886 0.998008
0.406834 0.161556 0.999092
0.215455 0.218877 0.998654
0.328437 0.303401 0.999194
0.263793 0.332569 0.998942
0.623543 0.52161 0.993746
0.189442 0.551482 0.991369
0.770492 0.93988 0.399199
0.00366441 0.839481 0.45812
0.817906 1.34914 0.0620068
-0.242524 0.973019 0.231712
0.858353 1.47003 0.0614835
-0.322133 0.994241 0.184111
0.810738 1.46571 0.0961423
-0.318062 0.998756 0.239083
0.783316 1.42131 0.114723
-0.273202 0.999763 0.28405
0.605294 1.35393 0.0048085
0.31875 1.38071 0.00518451
0.627074 2.0218 0.00115957
0.34267 2.04063 0.000788569
0.648464 2.62294 8.10106e-05
0.367983 2.65921 3.36709e-05
0.666857 2.69833 7.88019e-05
0.370401 2.74607 4.40701e-05
0.595805 2.82639 9.04732e-05
0.401692 2.84562 6.07629e-05
camera1:
0.29206 0.27469 0.996584
0.31593 0.185884 0.995787
0.337843 0.175413 0.996039
0.363592 0.164012 0.996347
0.265121 0.205969 0.994653
0.250742 0.20985 0.994335
0.238351 0.212805 0.994611
0.435958 0.16456 0.997361
0.272135 0.215326 0.996132
0.346174 0.320809 0.998516
0.300687 0.348804 0.997936
0.665873 0.521537 0.995554
0.284585 0.533338 0.997524
0.744059 0.977385 0.397964
0.0773621 0.799417 0.495333
0.678335 1.38102 0.0951589
-0.203171 0.873217 0.337379
0.675353 1.51318 0.0932603
-0.30746 0.8776 0.260504
0.628332 1.4852 0.138803
-0.316959 0.878091 0.33991
0.618953 1.42956 0.151583
-0.264062 0.884906 0.396051
0.682525 1.34163 0.00624506
0.403051 1.36599 0.00953282
0.68791 2.02999 0.00230022
0.43002 2.0425 0.0022065
0.7181 2.66281 0.000175353
0.472571 2.69617 6.00516e-05
0.742372 2.7359 0.000155699
0.48235 2.77979 0.000101027
0.651554 2.87254 7.35342e-05
0.474284 2.8929 4.3699e-05
fused:
-0.807101 -0.710563 3.1549 0.99916
-0.739086 -0.949021 3.22089 0.998598
-0.640642 -0.951819 3.16961 0.998759
-0.565274 -0.984339 3.21339 0.998764
-0.92702 -0.903963 3.22063 0.998278
-0.997013 -0.901292 3.25295 0.998209
-1.07926 -0.91084 3.32235 0.998008
-0.412548 -1.06814 3.58315 0.999092
-1.26297 -1.06515 3.99731 0.998654
-0.638498 -0.58312 3.1913 0.999194
-0.948091 -0.579858 3.53565 0.998942
0.375247 -0.0243109 3.30816 0.995554
-1.84448 -0.0411029 5.32809 0.997524
0.492477 0.589852 1.83903 0.399199
-2.00922 0.763591 3.67159 0.495333
0.384176 0.73284 1.27709 0.0951589
-1.99273 0.65738 2.45832 0.337379
0.383077 0.744568 1.14982 0.0932603
-1.87048 0.577389 2.08816 0.260504
0.337205 0.763503 1.19094 0.138803
-1.77633 0.552774 1.99263 0.33991
0.323905 0.77178 1.25259 0.151583
-1.78944 0.600228 2.12049 0.396051
0.292812 2.21082 3.69731 0.00624506
-1.01309 2.78428 4.50318 0.00953282
0.198267 4.09623 3.87257 0.00230022
-1.19462 5.582 5.08091 0.0022065
0.0603823 9.6307 6.45496 0.000175353
-2.05196 13.1708 8.35356 6.00516e-05
0.152381 12.287 7.93783 0.000155699
-2.71245 17.2675 10.5879 0.000101027
-0.123821 13.2132 7.68004 9.04732e-05
-1.43041 13.2335 7.47517 6.07629e-05
