camera0:
0.483906 0.846141 0.998023
0.519062 0.760364 0.997529
0.539023 0.759948 0.997892
0.557088 0.759678 0.997513
0.446838 0.758414 0.997508
0.419225 0.757331 0.99763
0.396324 0.757258 0.997305
0.591022 0.761611 0.997943
0.366716 0.758506 0.998066
0.518906 0.907146 0.995449
0.438036 0.909677 0.994377
0.721843 1.03883 0.961611
0.254939 1.01053 0.953846
0.793777 1.44699 0.0970417
0.167441 1.45654 0.137592
0.738057 1.72598 0.0369203
0.219486 1.69607 0.041009
0.75047 1.83347 0.047718
0.210627 1.79921 0.0537658
0.712934 1.81245 0.0655696
0.245019 1.76704 0.079851
0.699379 1.76725 0.0626321
0.255774 1.72262 0.0767226
0.624581 1.80331 0.000926175
0.298467 1.78837 0.00097101
0.591269 2.44539 0.00232993
0.302933 2.41973 0.00206586
0.573084 2.9985 0.000247151
0.30266 2.97464 0.000114767
0.576761 3.08896 0.000247065
0.296391 3.06231 0.000120515
0.51107 3.19325 0.000542745
0.359757 3.16886 0.000327192
camera1:
0.464328 0.687177 0.990612
0.493536 0.594064 0.989821
0.516835 0.58891 0.989396
0.537136 0.585157 0.989814
0.423774 0.606094 0.990221
0.402629 0.609496 0.989922
0.385291 0.612924 0.991038
0.58164 0.587772 0.990658
0.370532 0.629991 0.992036
0.519291 0.752339 0.993736
0.436446 0.773165 0.994119
0.783056 0.901208 0.990323
0.282155 0.967015 0.994893
0.90447 1.31714 0.108742
0.1946 1.41727 0.217722
0.856897 1.6756 0.0231701
0.208312 1.78717 0.0962982
0.878692 1.80584 0.0280602
0.181045 1.93074 0.0965933
0.82975 1.80703 0.0455972
0.233177 1.91577 0.134362
0.812438 1.75911 0.0462821
0.254784 1.86078 0.136963
0.729015 1.75557 0.000592424
0.382196 1.77803 0.000727614
0.747221 2.4593 0.000514307
0.421307 2.47613 0.000262966
0.767631 3.08064 6.45029e-05
0.454215 3.0986 1.45498e-05
0.781292 3.17686 3.87237e-05
0.456062 3.19843 3.35211e-05
0.710711 3.30145 5.54632e-05
0.519647 3.30957 7.42675e-05
fused:
-0.0731868 0.396118 2.27331 0.998023
0.0183216 0.234303 2.1758 0.997529
0.0656114 0.231735 2.18738 0.997892
0.108365 0.229111 2.1892 0.997513
-0.15653 0.248999 2.25854 0.997508
-0.231904 0.259295 2.34364 0.99763
-0.298725 0.269348 2.4183 0.997305
0.193397 0.241319 2.2579 0.997943
-0.40954 0.309633 2.62723 0.998066
0.00723987 0.548665 2.47727 0.995449
-0.212224 0.581949 2.52909 0.994377
0.651427 0.98775 3.04948 0.990323
-0.849759 1.03001 3.00701 0.994893
1.22157 2.83925 4.60905 0.108742
-1.16054 1.9902 2.98368 0.217722
1.13923 4.92254 5.4666 0.0369203
-0.765466 2.07175 2.30918 0.0962982
1.33802 6.03124 6.08663 0.047718
-0.708991 2.07892 2.09462 0.0965933
0.933231 5.04849 5.21044 0.0655696
-0.65705 2.1587 2.20584 0.134362
0.829269 4.66018 5.00573 0.0626321
-0.66453 2.18623 2.32024 0.136963
0.484369 5.3433 5.54787 0.000926175
-1.14345 4.40635 4.55899 0.00097101
3.6175 81.7351 53.571 0.00232993
-1.60785 10.5231 6.94196 0.00206586
-0.334484 -16.8676 -8.60068 0.000247151
-4.3013 36.1651 18.4649 0.000114767
-0.343401 -13.0583 -6.38441 0.000247065
-6.26051 50.6523 25.1089 0.000120515
0.0818344 -15.1868 -7.11894 0.000542745
-144.918 1688.59 802.233 0.000327192
