camera0:
0.454776 0.837825 0.997099
0.496457 0.756581 0.99649
0.519958 0.757531 0.996975
0.540642 0.759266 0.996507
0.423734 0.752498 0.996458
0.40088 0.750566 0.99658
0.382909 0.748869 0.996159
0.580366 0.765736 0.997074
0.36231 0.748182 0.997192
0.497643 0.903988 0.993244
0.41266 0.900996 0.991592
0.708201 1.04265 0.943576
0.245522 1.00198 0.93113
0.788597 1.45591 0.117235
0.155667 1.43589 0.162889
0.731241 1.68769 0.0465567
0.198748 1.66191 0.0483586
0.740083 1.79084 0.0587107
0.189563 1.76729 0.060502
0.703734 1.75762 0.0775526
0.224084 1.73591 0.0870531
0.691311 1.70997 0.0733803
0.234996 1.68872 0.083427
0.616609 1.80983 0.00121986
0.285879 1.78956 0.0013003
0.596913 2.45554 0.00327581
0.304519 2.41413 0.00302952
0.594902 3.03097 0.000351856
0.313208 2.99785 0.000171605
0.600139 3.13032 0.000356782
0.308162 3.09679 0.000174142
0.530184 3.23138 0.000797557
0.374651 3.19276 0.000470272
camera1:
0.394406 0.713395 0.985788
0.423231 0.616768 0.98472
0.451399 0.610045 0.98405
0.478468 0.604656 0.984726
0.356932 0.627634 0.985334
0.338938 0.62931 0.984861
0.320525 0.631338 0.986588
0.539872 0.605693 0.98599
0.326354 0.645002 0.988055
0.463766 0.781478 0.990541
0.379452 0.800707 0.991145
0.772544 0.925167 0.98625
0.246092 1.00369 0.992748
0.903731 1.34939 0.118653
0.188488 1.4547 0.244361
0.835902 1.7201 0.0273806
0.229848 1.77461 0.127104
0.854154 1.84975 0.0320511
0.211207 1.91022 0.121528
0.805828 1.852 0.0511037
0.259932 1.88293 0.165048
0.791687 1.80222 0.0527169
0.276478 1.82989 0.171004
0.7227 1.80104 0.000719043
0.364879 1.82561 0.000920556
0.743435 2.50855 0.000681042
0.416222 2.53187 0.00034151
0.773506 3.13381 7.46525e-05
0.452161 3.15459 1.81786e-05
0.793364 3.23169 4.44823e-05
0.456176 3.2542 3.83776e-05
0.704449 3.35283 6.37132e-05
0.507131 3.3712 8.64243e-05
fused:
-0.125101 0.352858 1.94457 0.997099
-0.0312128 0.211371 1.82824 0.99649
0.0153887 0.209698 1.84216 0.996975
0.0574832 0.210418 1.86848 0.996507
-0.181934 0.223238 1.91052 0.996458
-0.233988 0.22741 1.95455 0.99658
-0.27208 0.227184 1.95755 0.996159
0.146106 0.230793 1.99348 0.997074
-0.353435 0.263492 2.18785 0.997192
-0.0439022 0.494555 2.13671 0.993244
-0.245154 0.521715 2.19731 0.991592
0.62724 1.054 3.1553 0.98625
-0.753097 0.910561 2.57714 0.992748
1.23545 3.02581 4.71842 0.118653
-1.16735 2.02041 2.95002 0.244361
0.821857 3.48936 3.91058 0.0465567
-0.94467 2.43475 2.7253 0.127104
0.898387 4.01491 4.10227 0.0587107
-0.896725 2.49353 2.52937 0.121528
0.655477 3.43726 3.60455 0.0775526
-0.853802 2.60504 2.69935 0.165048
0.607457 3.28087 3.58504 0.0733803
-0.850996 2.5949 2.79613 0.171004
0.431313 5.04524 5.13531 0.00121986
-1.04984 3.97588 4.04723 0.0013003
1.23699 25.3387 16.4968 0.00327581
-1.19612 7.89362 5.21866 0.00302952
-0.713965 -21.2579 -10.6683 0.000351856
-2.51177 22.497 11.3725 0.000171605
-0.53648 -13.7708 -6.61771 0.000356782
-3.87306 34.0762 16.6257 0.000174142
-0.0865998 -18.9015 -8.73115 0.000797557
-2.96612 39.0709 18.3634 0.000470272
