camera0:
0.267497 0.234599 0.999023
0.294101 0.146376 0.998371
0.318152 0.139868 0.998554
0.344241 0.133533 0.998553
0.232522 0.167948 0.99801
0.21156 0.174753 0.997931
0.192427 0.179986 0.997706
0.406605 0.152144 0.99894
0.198554 0.202573 0.998481
0.314877 0.291449 0.999036
0.256274 0.317562 0.998744
0.606127 0.50966 0.992556
0.179106 0.552062 0.989679
0.73295 0.938113 0.353583
-0.017903 0.862078 0.439194
0.78843 1.33735 0.0573434
-0.244172 1.05662 0.211777
0.824098 1.45836 0.056653
-0.323254 1.107 0.165266
0.778177 1.45462 0.0876916
-0.31417 1.10741 0.213259
0.751932 1.41486 0.10336
-0.269987 1.10092 0.249908
0.600114 1.34946 0.00369473
0.309318 1.39192 0.00385898
0.627859 2.01896 0.00108664
0.339124 2.05042 0.000730926
0.654258 2.61694 7.96817e-05
0.370999 2.6579 3.14604e-05
0.673884 2.69437 7.66397e-05
0.373626 2.74274 4.20211e-05
0.604649 2.82229 0.000100409
0.406527 2.84949 6.88579e-05
camera1:
0.278595 0.27028 0.99628
0.303476 0.183292 0.995485
0.324605 0.174032 0.995665
0.3462 0.164997 0.995997
0.253545 0.202936 0.994359
0.240878 0.207011 0.994001
0.229694 0.210733 0.994455
0.421609 0.169581 0.997072
0.26908 0.215492 0.996074
0.334475 0.3192 0.998309
0.28845 0.348431 0.997778
0.658428 0.518962 0.995029
0.280612 0.541203 0.997397
0.749289 0.979622 0.367451
0.0691184 0.811191 0.467413
0.666039 1.37418 0.0908523
-0.217125 0.888833 0.304938
0.661305 1.50227 0.0873637
-0.324097 0.894665 0.235745
0.613136 1.47392 0.130112
-0.332312 0.895399 0.308824
0.605976 1.42423 0.141322
-0.278987 0.901959 0.357454
0.675957 1.35042 0.00486203
0.397352 1.38569 0.00762047
0.681326 2.04211 0.00194932
0.418402 2.06175 0.00196886
0.711541 2.6835 0.000141457
0.460913 2.72973 5.44556e-05
0.734965 2.76021 0.000123284
0.472151 2.8139 8.7924e-05
0.646714 2.88885 7.0785e-05
0.461212 2.92364 4.43597e-05
fused:
-0.820097 -0.718519 3.08361 0.999023
-0.746779 -0.948046 3.14017 0.998371
-0.659988 -0.95325 3.10877 0.998554
-0.562858 -0.947336 3.04717 0.998553
-0.986878 -0.944849 3.26537 0.99801
-1.10017 -0.97338 3.3967 0.997931
-1.21608 -1.00617 3.53737 0.997706
-0.387985 -0.988008 3.30513 0.99894
-1.52393 -1.2519 4.54881 0.998481
-0.700174 -0.614825 3.25275 0.999036
-0.958792 -0.589 3.45713 0.998744
0.344359 -0.0514206 3.64703 0.995029
-2.04361 -0.0280033 5.71532 0.997397
0.519451 0.732991 2.27962 0.367451
-2.27214 0.884601 3.98324 0.467413
0.366809 0.772727 1.35213 0.0908523
-1.90335 0.698135 2.33877 0.304938
0.365379 0.788225 1.22075 0.0873637
-1.78797 0.626547 1.98842 0.235745
0.314788 0.801044 1.2563 0.130112
-1.67565 0.590626 1.8839 0.308824
0.300944 0.817038 1.32803 0.141322
-1.68651 0.634273 2.0018 0.357454
0.270947 2.17622 3.62409 0.00486203
-1.08413 2.9112 4.61701 0.00762047
0.198308 3.79766 3.56572 0.00194932
-1.10406 5.15017 4.63926 0.00196886
0.124438 7.8058 5.19523 0.000141457
-1.4435 9.6808 6.10268 5.44556e-05
0.214694 9.34329 5.98511 0.000123284
-1.76925 11.8772 7.23178 8.7924e-05
0.026547 10.7692 6.21384 0.000100409
-1.02513 10.2338 5.73472 6.88579e-05
