camera0:
0.485462 0.848133 0.998358
0.51971 0.764526 0.997907
0.53954 0.764006 0.998228
0.557493 0.763724 0.997885
0.447126 0.761251 0.997889
0.419382 0.760121 0.998011
0.396593 0.760264 0.99772
0.591334 0.76411 0.998264
0.36717 0.761648 0.998384
0.520613 0.910897 0.996257
0.439067 0.912539 0.995394
0.726947 1.05675 0.968376
0.254705 1.01858 0.962164
0.78951 1.46261 0.0916348
0.172897 1.46323 0.129967
0.72394 1.71926 0.032228
0.221558 1.69318 0.0364602
0.731463 1.82654 0.0416561
0.213427 1.79342 0.0480089
0.69126 1.80136 0.0580236
0.247436 1.76365 0.0720215
0.682215 1.75197 0.0555485
0.256803 1.72017 0.0693098
0.6269 1.80219 0.000840378
0.30044 1.80361 0.000876275
0.604215 2.44097 0.00199943
0.322893 2.40676 0.00171738
0.596979 2.99382 0.000207709
0.325267 2.96881 9.42679e-05
0.600466 3.08813 0.000206245
0.320815 3.06375 0.000101165
0.540104 3.19135 0.000450063
0.380634 3.15994 0.000276195
camera1:
0.470307 0.685539 0.992359
0.499961 0.590109 0.991673
0.523318 0.583914 0.991339
0.54381 0.57918 0.991661
0.42908 0.604046 0.991995
0.408199 0.607566 0.991758
0.390294 0.610964 0.992649
0.587603 0.580632 0.992364
0.376489 0.626061 0.993486
0.526294 0.750417 0.994904
0.442595 0.770955 0.995207
0.789503 0.894892 0.991895
0.292287 0.95674 0.995723
0.927982 1.30457 0.114396
0.209861 1.41102 0.222452
0.868466 1.67277 0.0240631
0.227794 1.76916 0.0874774
0.890637 1.80528 0.0285215
0.204669 1.91201 0.088496
0.83353 1.80669 0.0464517
0.252512 1.89253 0.124675
0.816251 1.75764 0.0473776
0.272955 1.83704 0.12655
0.733651 1.75008 0.000650786
0.382734 1.76801 0.000768354
0.742187 2.45521 0.000457819
0.418127 2.46479 0.00023856
0.751654 3.06828 6.53514e-05
0.437799 3.08349 1.33793e-05
0.764967 3.16253 4.00989e-05
0.439743 3.18416 3.36648e-05
0.685366 3.2961 5.27844e-05
0.490248 3.30076 7.24252e-05
fused:
-0.0705591 0.403814 2.31772 0.998358
0.0210511 0.239326 2.22702 0.997907
0.0693602 0.235841 2.24063 0.998228
0.113168 0.23255 2.24512 0.997885
-0.15881 0.254629 2.30795 0.997889
-0.236829 0.265988 2.40179 0.998011
-0.304196 0.275838 2.47189 0.99772
0.199929 0.242254 2.31142 0.998264
-0.419028 0.317003 2.70103 0.998384
0.0121628 0.564698 2.54272 0.996257
-0.214854 0.597824 2.59566 0.995394
0.67166 1.00734 3.07429 0.991895
-0.910352 1.09953 3.21619 0.995723
1.80883 4.28698 7.03858 0.114396
-1.22934 2.11721 3.19521 0.222452
1.50664 6.99547 7.8901 0.032228
-0.833503 2.24026 2.51974 0.0874774
1.99074 9.84832 10.0435 0.0416561
-0.769906 2.25424 2.28876 0.088496
1.10502 6.78061 7.07294 0.0580236
-0.7148 2.32731 2.40222 0.124675
0.921463 5.7199 6.23114 0.0555485
-0.732922 2.37434 2.54701 0.12655
0.487517 5.4833 5.79597 0.000840378
-1.20723 4.55911 4.7441 0.000876275
1.61302 30.6423 20.153 0.00199943
-1.15716 8.25718 5.48768 0.00171738
-0.799798 -29.0288 -14.9151 0.000207709
-2.14231 19.8923 10.1892 9.42679e-05
-0.617321 -17.2188 -8.44499 0.000206245
-2.88423 25.0115 12.4511 0.000101165
-0.215943 -26.2778 -12.3371 0.000450063
-2.4953 31.7763 15.1934 0.000276195
