camera0:
0.501218 0.28162 0.999861
0.532268 0.222241 0.999712
0.551914 0.224419 0.999715
0.568523 0.227096 0.999741
0.479268 0.222541 0.999727
0.464737 0.224484 0.99971
0.453027 0.226577 0.999719
0.597161 0.252992 0.999752
0.445277 0.247904 0.999728
0.537976 0.341021 0.999907
0.468728 0.343526 0.999898
0.728005 0.592609 0.999349
0.346263 0.563333 0.999649
0.788218 0.969885 0.374964
0.301947 0.922719 0.251204
0.744821 1.26485 0.0462715
0.26809 1.08478 0.055291
0.742599 1.35933 0.0555422
0.246901 1.23979 0.0669371
0.697216 1.33582 0.0886537
0.271943 1.22875 0.0976637
0.691009 1.29411 0.0930457
0.287727 1.19644 0.104623
0.643622 1.30176 0.00294136
0.38726 1.28266 0.00360174
0.618623 1.87775 0.000343694
0.380013 1.86111 0.000117135
0.595502 2.39209 6.48206e-05
0.371993 2.37936 8.78468e-06
0.600894 2.46793 6.47698e-05
0.369572 2.45892 2.39037e-05
0.544294 2.56357 4.78335e-05
0.382239 2.54641 3.16021e-05
camera1:
0.55799 0.29207 0.999663
0.583547 0.221504 0.999342
0.602745 0.219085 0.999413
0.624289 0.21673 0.999407
0.539916 0.22644 0.999317
0.526611 0.227415 0.999314
0.512782 0.227892 0.999292
0.675403 0.231903 0.999566
0.520954 0.243204 0.999323
0.593507 0.340884 0.99984
0.542802 0.34815 0.999773
0.845925 0.601194 0.997629
0.463342 0.54877 0.999322
0.892643 1.00722 0.356731
0.421306 0.908653 0.224253
0.807676 1.35886 0.0397052
0.389366 1.18144 0.0569384
0.797239 1.46873 0.0486006
0.357254 1.27015 0.0688017
0.747304 1.4472 0.0808517
0.384276 1.26541 0.110004
0.746524 1.39818 0.0837708
0.404955 1.23137 0.115762
0.741385 1.34133 0.00278865
0.487056 1.30337 0.00405989
0.703728 1.94258 0.000799044
0.478784 1.90136 0.000356518
0.68231 2.48502 0.000183653
0.46524 2.45291 2.3568e-05
0.695828 2.56422 0.000164028
0.463951 2.53477 8.6805e-05
0.607763 2.64832 9.7993e-05
0.452461 2.62635 6.28199e-05
fused:
-0.0723393 -0.865871 4.39437 0.999861
0.072905 -1.03421 4.20333 0.999712
0.159193 -1.01341 4.1389 0.999715
0.24171 -1.04248 4.27121 0.999741
-0.179148 -1.1507 4.64174 0.999727
-0.251814 -1.16027 4.68555 0.99971
-0.301384 -1.12898 4.57025 0.999719
0.454973 -1.17323 5.14628 0.999752
-0.388137 -1.24081 5.30167 0.999728
0.0960993 -0.631217 4.14565 0.999907
-0.253743 -0.777383 5.07436 0.999898
1.33679 0.303935 5.96179 0.999349
-1.43875 0.0547547 8.00732 0.999649
1.04881 1.26612 3.66135 0.374964
-1.65394 2.10017 7.15561 0.251204
0.626222 1.52864 2.63336 0.0462715
-1.67098 2.89172 6.2768 0.0569384
0.579708 1.61742 2.4785 0.0555422
-1.62653 3.07755 5.55963 0.0688017
0.472744 1.61443 2.53136 0.0886537
-1.51515 3.11042 5.7018 0.110004
0.478347 1.60366 2.64575 0.0930457
-1.52518 3.19162 6.13499 0.115762
0.499038 2.33288 3.93418 0.00294136
-0.724297 2.86792 4.9815 0.00405989
0.255219 3.83074 3.88114 0.000799044
-0.879438 4.87926 4.93638 0.000356518
-0.0106032 6.70149 4.93751 0.000183653
-1.12898 7.17026 5.21026 2.3568e-05
-0.0131493 7.92527 5.59859 0.000164028
-1.24106 7.80777 5.45921 8.6805e-05
-0.330419 7.05462 4.75239 9.7993e-05
-1.02726 7.00486 4.6774 6.28199e-05
