camera0:
0.50011 0.28906 0.999857
0.530895 0.225815 0.999713
0.550539 0.227856 0.999716
0.567516 0.23018 0.999741
0.477491 0.226297 0.999727
0.46306 0.22794 0.999709
0.450783 0.229723 0.999716
0.596204 0.253407 0.999758
0.443094 0.250275 0.999728
0.537324 0.347155 0.99991
0.46779 0.348431 0.9999
0.728088 0.588922 0.999319
0.345905 0.561731 0.999632
0.788626 0.9662 0.384882
0.301201 0.923235 0.248588
0.755573 1.25966 0.0490801
0.281755 1.15365 0.0578088
0.756167 1.35251 0.0585167
0.259107 1.24051 0.0700727
0.713587 1.32938 0.0932069
0.283995 1.22527 0.102536
0.704598 1.29013 0.0977866
0.302193 1.1958 0.109804
0.645221 1.28752 0.00307027
0.390904 1.27489 0.00368997
0.626135 1.8622 0.000386619
0.391913 1.85121 0.000124635
0.612858 2.3753 7.14157e-05
0.393222 2.36926 9.34928e-06
0.618215 2.44719 6.8841e-05
0.392018 2.448 2.51905e-05
0.567727 2.54728 5.05576e-05
0.410432 2.53228 3.26322e-05
camera1:
0.560775 0.292069 0.999625
0.58742 0.222032 0.999302
0.607379 0.219612 0.999383
0.629131 0.217251 0.999402
0.541667 0.226644 0.999269
0.527949 0.227483 0.999249
0.513685 0.227876 0.999224
0.676463 0.232235 0.99957
0.520842 0.242018 0.999254
0.595925 0.340299 0.999839
0.544133 0.347031 0.99976
0.844199 0.601851 0.997963
0.461372 0.546814 0.999387
0.888249 1.00471 0.421283
0.418956 0.902604 0.242804
0.826431 1.34917 0.047297
0.3961 1.07906 0.0598169
0.824522 1.46112 0.0547737
0.361243 1.2241 0.0720947
0.77326 1.43951 0.0895859
0.388206 1.21425 0.113216
0.770048 1.38958 0.0917404
0.409662 1.18357 0.119175
0.739094 1.33748 0.00363543
0.486382 1.30006 0.00496703
0.704678 1.93798 0.00083392
0.47638 1.8984 0.000401355
0.681369 2.48264 0.000192249
0.46798 2.44821 2.6217e-05
0.695385 2.56072 0.000168924
0.467608 2.52692 9.72092e-05
0.610719 2.642 9.78088e-05
0.460477 2.62089 6.302e-05
fused:
-0.0756877 -0.875141 4.50274 0.999857
0.0718198 -1.07403 4.38544 0.999713
0.163055 -1.06013 4.34753 0.999716
0.251393 -1.09207 4.49067 0.999741
-0.19102 -1.17794 4.77559 0.999727
-0.264283 -1.18281 4.79836 0.999709
-0.318142 -1.15308 4.68533 0.999716
0.460645 -1.20035 5.26665 0.999758
-0.404783 -1.26006 5.38996 0.999728
0.0977883 -0.634091 4.21944 0.99991
-0.25971 -0.782028 5.15059 0.9999
1.31162 0.292371 5.85424 0.999319
-1.40227 0.0426198 7.78909 0.999632
1.01131 1.20447 3.52525 0.421283
-1.62304 2.01882 6.99905 0.248588
0.680538 1.56903 2.73563 0.0490801
-1.70474 2.93643 6.61722 0.0598169
0.652556 1.69984 2.6282 0.0585167
-1.50607 2.85647 5.34422 0.0720947
0.535678 1.65895 2.62492 0.0932069
-1.39905 2.86232 5.48328 0.113216
0.540349 1.66654 2.77173 0.0977866
-1.34947 2.86421 5.73652 0.119175
0.485952 2.19391 3.77862 0.00363543
-0.674349 2.69742 4.75745 0.00496703
0.27434 3.51903 3.58731 0.00083392
-0.70945 4.20584 4.28995 0.000401355
0.0695495 5.47892 4.07364 0.000192249
-0.872732 6.04089 4.43299 2.6217e-05
0.0791036 6.29045 4.48933 0.000168924
-0.961814 6.56756 4.64307 9.72092e-05
-0.182086 5.84676 3.97834 9.78088e-05
-0.766946 5.92225 3.9947 6.302e-05
