camera0:
0.502042 0.29581 0.999872
0.53293 0.234715 0.99971
0.551561 0.236729 0.999706
0.568247 0.239147 0.999745
0.481417 0.233159 0.999737
0.467502 0.234182 0.999712
0.455473 0.235034 0.999734
0.596772 0.261239 0.999735
0.447267 0.253023 0.999734
0.536921 0.351646 0.9999
0.469096 0.353721 0.999895
0.726972 0.577655 0.999433
0.341318 0.566232 0.999725
0.791087 0.951875 0.326454
0.290328 0.939727 0.264196
0.784069 1.27098 0.0349402
0.287374 1.2145 0.0553977
0.799932 1.37151 0.0442864
0.262791 1.30944 0.0654946
0.760585 1.36113 0.0708585
0.294071 1.30018 0.0921295
0.747373 1.32269 0.0757555
0.312724 1.26664 0.099079
0.654899 1.29749 0.00187869
0.395943 1.29837 0.0026158
0.654308 1.86331 0.000116647
0.41498 1.8643 8.45877e-05
0.647232 2.37485 2.31976e-05
0.418707 2.37848 6.57385e-06
0.652589 2.44682 2.75373e-05
0.415165 2.46138 1.53478e-05
0.606959 2.54965 2.80606e-05
0.447338 2.53373 2.48492e-05
camera1:
0.561677 0.276278 0.999753
0.59276 0.204214 0.999433
0.615498 0.201897 0.999485
0.63825 0.200672 0.999416
0.54378 0.211255 0.999431
0.530728 0.212908 0.99947
0.518809 0.214556 0.999438
0.683455 0.222315 0.999549
0.529412 0.230865 0.99949
0.607962 0.327908 0.999842
0.543121 0.336182 0.999808
0.851021 0.59676 0.996652
0.465638 0.552076 0.999147
0.90913 0.977725 0.191748
0.430128 0.926779 0.186901
0.859295 1.3412 0.0342185
0.370259 1.22243 0.056306
0.866723 1.45164 0.0460758
0.334146 1.32361 0.0689028
0.814483 1.44187 0.0787725
0.369626 1.323 0.11509
0.804936 1.39174 0.0833785
0.393314 1.28423 0.121577
0.776184 1.33333 0.00141395
0.512585 1.30964 0.00213187
0.74969 1.92453 0.000693264
0.508041 1.90022 0.000228264
0.736124 2.44339 0.000136901
0.503618 2.42562 1.09192e-05
0.747099 2.52629 0.000126775
0.504013 2.51512 4.5009e-05
0.670916 2.61847 7.28664e-05
0.510118 2.59733 5.19105e-05
fused:
-0.0540037 -0.852318 4.31712 0.999872
0.0935997 -1.07422 4.32992 0.99971
0.185882 -1.10011 4.44673 0.999706
0.279326 -1.14871 4.66198 0.999745
-0.151363 -1.12711 4.52231 0.999737
-0.219815 -1.13629 4.56302 0.999712
-0.278445 -1.13653 4.56979 0.999734
0.493401 -1.25172 5.46739 0.999735
-0.382639 -1.31216 5.53654 0.999734
0.114273 -0.716395 4.64778 0.9999
-0.233531 -0.753613 4.90539 0.999895
1.49041 0.290384 6.69764 0.999433
-1.69056 0.0814784 9.1403 0.999725
1.20199 1.39402 4.14776 0.326454
-2.504 3.23329 10.2759 0.264196
0.763658 1.57898 2.75472 0.0349402
-1.09186 2.28017 4.36009 0.056306
0.741714 1.64555 2.55274 0.0460758
-1.08445 2.32772 3.90021 0.0689028
0.621964 1.58989 2.49532 0.0787725
-0.984556 2.3651 4.02098 0.11509
0.615244 1.58186 2.60642 0.0833785
-0.949471 2.36994 4.22663 0.121577
0.67657 2.88098 4.82916 0.00187869
-0.818424 3.59305 6.04201 0.0026158
0.410605 3.97973 4.13174 0.000693264
-0.678004 4.65413 4.72507 0.000228264
0.208854 7.04915 5.34766 0.000136901
-0.913364 7.28906 5.32459 1.09192e-05
0.229758 8.0109 5.82235 0.000126775
-1.07731 8.09045 5.71363 4.5009e-05
-0.0870282 7.27971 5.01738 7.28664e-05
-0.766936 6.94112 4.72695 5.19105e-05
