camera0:
0.500687 0.28117 0.999876
0.530791 0.222183 0.99973
0.54984 0.224346 0.999732
0.566781 0.22705 0.999756
0.479037 0.222297 0.999748
0.464681 0.224131 0.999734
0.453082 0.226116 0.999743
0.596324 0.253151 0.999761
0.44541 0.247436 0.999755
0.53691 0.340962 0.99991
0.468745 0.343153 0.999904
0.727991 0.592538 0.99937
0.344671 0.563782 0.999672
0.788414 0.970628 0.36451
0.300472 0.929426 0.253665
0.743521 1.264 0.0453503
0.269452 1.05946 0.0560519
0.740051 1.35888 0.0549144
0.243365 1.21344 0.0675704
0.694852 1.333 0.0877207
0.271153 1.1963 0.0980284
0.688829 1.29056 0.0922849
0.277525 1.078 0.104937
0.644444 1.30383 0.00287162
0.385504 1.28524 0.003567
0.618785 1.87781 0.000310004
0.374285 1.86343 0.000111413
0.595232 2.39192 5.78894e-05
0.363049 2.38164 8.3639e-06
0.599759 2.4687 5.94523e-05
0.360328 2.46328 2.17757e-05
0.544253 2.56425 4.53828e-05
0.377376 2.54852 3.05033e-05
camera1:
0.560301 0.286794 0.999673
0.586185 0.215907 0.999349
0.605633 0.213381 0.999416
0.627449 0.211135 0.999401
0.541641 0.221059 0.999324
0.528504 0.22217 0.999324
0.514633 0.2227 0.9993
0.677899 0.22854 0.999555
0.521226 0.239004 0.999324
0.596447 0.337087 0.999837
0.544067 0.344208 0.999773
0.846715 0.60115 0.997447
0.46319 0.547243 0.999278
0.89139 0.995829 0.319516
0.422118 0.908557 0.209143
0.835654 1.36658 0.0381064
0.393669 1.18033 0.0559165
0.8379 1.48524 0.0478259
0.363575 1.26916 0.0681837
0.787636 1.47286 0.0799914
0.389059 1.26458 0.109906
0.782347 1.41889 0.083256
0.40956 1.22997 0.115613
0.741323 1.33906 0.00247876
0.486721 1.30216 0.0035929
0.703244 1.93543 0.000760522
0.477771 1.89759 0.000324795
0.680884 2.47757 0.000175171
0.463207 2.4495 2.11428e-05
0.693964 2.5573 0.00015617
0.461784 2.532 7.88894e-05
0.607119 2.64212 9.46478e-05
0.451 2.62054 6.17957e-05
fused:
-0.0739044 -0.895245 4.48767 0.999876
0.0715881 -1.07669 4.33055 0.99973
0.159222 -1.06357 4.29571 0.999732
0.246421 -1.09474 4.43689 0.999756
-0.179493 -1.17518 4.69663 0.999748
-0.252394 -1.18546 4.74323 0.999734
-0.301751 -1.1518 4.61953 0.999743
0.467758 -1.21965 5.314 0.999761
-0.383522 -1.24478 5.2782 0.999755
0.0962963 -0.659854 4.28235 0.99991
-0.254166 -0.793497 5.12092 0.999904
1.35198 0.306946 6.02986 0.99937
-1.48402 0.0517702 8.18761 0.999672
1.04143 1.24729 3.63447 0.36451
-1.72466 2.216 7.40866 0.253665
0.740798 1.8255 3.12029 0.0453503
-1.70358 2.90727 6.45405 0.0560519
0.729272 2.06746 3.12416 0.0549144
-1.79915 3.32257 6.1048 0.0681837
0.590755 2.04755 3.1536 0.0877207
-1.56655 3.16656 5.92157 0.109906
0.589833 2.00553 3.26156 0.0922849
-1.73047 3.27683 6.82386 0.115613
0.500378 2.33105 3.91313 0.00287162
-0.745581 2.93769 5.06972 0.0035929
0.251962 3.85198 3.92195 0.000760522
-0.967845 5.18082 5.23967 0.000324795
-0.023754 6.76094 4.99913 0.000175171
-1.26904 7.76668 5.63062 2.11428e-05
-0.0329342 8.07358 5.71786 0.00015617
-1.41413 8.54317 5.9605 7.88894e-05
-0.345449 7.1503 4.82688 9.46478e-05
-1.10764 7.33491 4.90044 6.17957e-05
