camera0:
0.501703 0.282108 0.999872
0.532379 0.222793 0.999714
0.55139 0.224955 0.999714
0.568057 0.227706 0.999744
0.479995 0.222863 0.999737
0.465431 0.224629 0.99972
0.45379 0.226365 0.999734
0.597552 0.254326 0.999742
0.445423 0.247431 0.999743
0.537539 0.341631 0.999904
0.469238 0.34352 0.999899
0.729096 0.591612 0.999374
0.342047 0.566408 0.999691
0.790813 0.970336 0.338666
0.29823 0.933871 0.260713
0.768093 1.27475 0.0391303
0.281262 1.19315 0.055068
0.772745 1.37368 0.0486956
0.255939 1.28652 0.0653144
0.727116 1.354 0.0778887
0.286645 1.27603 0.0934527
0.71802 1.31054 0.0828699
0.304933 1.23938 0.100235
0.64934 1.30205 0.00244044
0.3879 1.28933 0.00315341
0.622835 1.87499 0.000210595
0.376487 1.86476 9.85745e-05
0.600809 2.3866 4.14327e-05
0.367457 2.37872 7.54065e-06
0.606548 2.46438 4.63136e-05
0.365177 2.4612 1.89353e-05
0.5476 2.56182 3.69666e-05
0.385655 2.54623 2.83114e-05
camera1:
0.561084 0.284442 0.999708
0.588443 0.213312 0.999377
0.608693 0.210915 0.999436
0.630921 0.209096 0.999396
0.542854 0.218638 0.99936
0.529717 0.219912 0.999379
0.516018 0.220697 0.999353
0.680228 0.227763 0.999539
0.521581 0.237565 0.999388
0.59897 0.334695 0.999837
0.544225 0.34208 0.999789
0.848969 0.599814 0.997064
0.458826 0.547622 0.999213
0.894937 1.0018 0.25349
0.422197 0.916792 0.195089
0.856604 1.35363 0.0354273
0.368444 1.2086 0.0555543
0.863833 1.46534 0.0461299
0.332588 1.29792 0.0678477
0.816589 1.45405 0.0781837
0.357469 1.29357 0.111354
0.807137 1.40427 0.0822094
0.381258 1.26031 0.117646
0.744683 1.33872 0.00199363
0.484707 1.30467 0.00292219
0.710794 1.93404 0.000711942
0.478173 1.89977 0.000258814
0.693044 2.47133 0.00014878
0.468879 2.44936 1.42983e-05
0.701909 2.55236 0.000135677
0.467573 2.53176 5.36553e-05
0.632516 2.64179 8.02478e-05
0.467202 2.62149 5.30979e-05
fused:
-0.067147 -0.890852 4.45587 0.999872
0.080538 -1.08072 4.33473 0.999714
0.169375 -1.07603 4.33348 0.999714
0.258168 -1.11542 4.5095 0.999744
-0.172789 -1.17555 4.68602 0.999737
-0.247231 -1.18885 4.74459 0.99972
-0.298068 -1.1587 4.63469 0.999734
0.479724 -1.22845 5.35628 0.999742
-0.383147 -1.24965 5.28598 0.999743
0.101905 -0.672096 4.34058 0.999904
-0.248538 -0.790932 5.08397 0.999899
1.37933 0.306147 6.11903 0.999374
-1.45375 0.0594241 7.90302 0.999691
1.05244 1.2647 3.63831 0.338666
-1.80167 2.35116 7.65935 0.260713
0.789487 1.75952 3.02101 0.0391303
-1.15704 2.30362 4.51561 0.0555543
0.790167 1.96534 2.99251 0.0486956
-1.16255 2.36292 4.08 0.0678477
0.675632 2.0127 3.11004 0.0781837
-0.983454 2.21519 3.89581 0.111354
0.661192 1.94907 3.17264 0.0828699
-0.946201 2.2122 4.07668 0.117646
0.511362 2.28499 3.83222 0.00244044
-0.699134 2.8285 4.84235 0.00315341
0.270373 3.91672 4.01143 0.000711942
-0.934803 5.08938 5.13499 0.000258814
0.00293769 7.13018 5.29424 0.00014878
-1.22364 7.82315 5.64714 1.42983e-05
-0.000495275 8.12096 5.77708 0.000135677
-1.37888 8.59995 5.99042 5.36553e-05
-0.378146 8.62618 5.80945 8.02478e-05
-1.11783 7.8083 5.20545 5.30979e-05
