camera0:
0.502101 0.284651 0.999873
0.532669 0.225121 0.999713
0.551498 0.227289 0.999711
0.568118 0.229999 0.999746
0.480617 0.224963 0.999738
0.466013 0.226639 0.999716
0.45423 0.228316 0.999734
0.597495 0.256484 0.999738
0.445499 0.24962 0.999738
0.537496 0.343451 0.999902
0.469301 0.345878 0.999897
0.728239 0.587762 0.99941
0.341446 0.567398 0.999707
0.790989 0.965006 0.335237
0.297062 0.933986 0.261405
0.782355 1.2778 0.0384735
0.286272 1.21179 0.055562
0.796369 1.37825 0.0482549
0.259892 1.30692 0.0658509
0.752285 1.36337 0.0770264
0.291352 1.29875 0.0933581
0.739464 1.32278 0.0819151
0.310901 1.26278 0.100135
0.654528 1.30082 0.0022909
0.394012 1.29166 0.00302133
0.629585 1.87336 0.000170432
0.38639 1.86511 9.44707e-05
0.610742 2.38308 3.4178e-05
0.382704 2.37869 7.22877e-06
0.616199 2.45951 3.91996e-05
0.381387 2.46106 1.7486e-05
0.563346 2.55663 3.405e-05
0.405209 2.54507 2.71129e-05
camera1:
0.563251 0.27899 0.999742
0.592814 0.206557 0.999422
0.615292 0.203984 0.999477
0.637956 0.202492 0.99942
0.543839 0.212832 0.999406
0.530283 0.21422 0.999434
0.516384 0.215289 0.999398
0.683572 0.223693 0.999554
0.52086 0.231867 0.999437
0.605908 0.331271 0.999841
0.545189 0.338401 0.999799
0.847565 0.597981 0.996892
0.456726 0.548205 0.999168
0.894401 1.00359 0.218559
0.425024 0.932531 0.182447
0.85235 1.35596 0.0351648
0.366718 1.23854 0.0542303
0.860173 1.47132 0.0465478
0.330262 1.33509 0.0669497
0.805937 1.45988 0.0794084
0.357083 1.33315 0.111458
0.797615 1.4074 0.08357
0.380988 1.29517 0.117719
0.751562 1.34284 0.0015744
0.484239 1.31464 0.00226856
0.726896 1.94275 0.000676597
0.481835 1.91561 0.000224501
0.71215 2.47071 0.000136674
0.476209 2.45221 1.1033e-05
0.720788 2.55273 0.000125265
0.474511 2.53824 4.51089e-05
0.653416 2.64489 7.32256e-05
0.485067 2.62978 5.08407e-05
fused:
-0.0618006 -0.900637 4.47902 0.999873
0.0888899 -1.11507 4.43841 0.999713
0.18359 -1.1372 4.53949 0.999711
0.278655 -1.18759 4.75996 0.999746
-0.164029 -1.17065 4.64225 0.999738
-0.237265 -1.17977 4.68448 0.999716
-0.288617 -1.14996 4.57783 0.999734
0.497134 -1.26774 5.50503 0.999738
-0.369856 -1.22756 5.16682 0.999738
0.110928 -0.718879 4.61022 0.999902
-0.245501 -0.794143 5.08783 0.999897
1.37177 0.292657 6.11353 0.99941
-1.42055 0.0629856 7.69595 0.999707
1.04497 1.25338 3.60769 0.335237
-1.92339 2.54934 8.13515 0.261405
0.733107 1.54655 2.65686 0.0384735
-1.05408 2.22551 4.20531 0.055562
0.71707 1.63326 2.48975 0.0482549
-1.07121 2.29978 3.82354 0.0669497
0.599433 1.6017 2.47531 0.0794084
-0.91119 2.18747 3.69004 0.111458
0.595581 1.59837 2.59772 0.08357
-0.864708 2.16481 3.83256 0.117719
0.536071 2.30229 3.82521 0.0022909
-0.613097 2.66378 4.48423 0.00302133
0.320936 4.12141 4.20301 0.000676597
-0.791237 4.67318 4.67702 0.000224501
0.0662824 7.67399 5.70343 0.000136674
-1.03914 7.27759 5.23518 1.1033e-05
0.069805 8.70604 6.19971 0.000125265
-1.15681 7.77503 5.41695 4.51089e-05
-0.279508 8.80259 5.93232 7.32256e-05
-0.979628 7.5652 5.0441 5.08407e-05
