camera0:
0.501183 0.280889 0.999874
0.531273 0.222133 0.999721
0.550147 0.224335 0.999722
0.566967 0.227097 0.999748
0.479611 0.222074 0.999743
0.465166 0.223922 0.999727
0.453506 0.225868 0.999739
0.596346 0.253394 0.999749
0.445439 0.247262 0.999749
0.537195 0.340851 0.999906
0.469049 0.342943 0.999902
0.727851 0.592401 0.999369
0.342179 0.565404 0.999689
0.788741 0.969629 0.346129
0.298337 0.932019 0.258953
0.768321 1.27462 0.0406872
0.270698 1.18721 0.0550474
0.77476 1.37234 0.0505975
0.243929 1.27642 0.0657625
0.728612 1.35374 0.0811173
0.274574 1.26733 0.0948061
0.718826 1.3106 0.0859177
0.293344 1.23275 0.101521
0.645448 1.30376 0.00258113
0.385779 1.28925 0.00330758
0.621522 1.87676 0.00024729
0.37727 1.86608 0.000103605
0.600375 2.39011 4.80375e-05
0.36851 2.38246 7.80847e-06
0.605389 2.46697 5.19658e-05
0.366252 2.46474 1.99479e-05
0.548923 2.56321 4.11725e-05
0.386063 2.54832 2.90287e-05
camera1:
0.560969 0.286599 0.999682
0.587325 0.215313 0.999347
0.606905 0.212718 0.999409
0.628732 0.210477 0.999386
0.542368 0.220701 0.999325
0.529197 0.221908 0.99933
0.515404 0.222544 0.999309
0.678436 0.228006 0.999537
0.521229 0.23866 0.999337
0.597625 0.336058 0.999833
0.544228 0.343592 0.999774
0.846505 0.599275 0.997246
0.460774 0.547343 0.99924
0.89473 0.995622 0.285159
0.422093 0.917196 0.201465
0.844615 1.3537 0.0372552
0.382345 1.20902 0.0559403
0.84745 1.46643 0.0474998
0.350262 1.30016 0.0682838
0.798119 1.45415 0.0797735
0.376063 1.29436 0.111003
0.791196 1.40449 0.0835035
0.397548 1.26034 0.117131
0.743528 1.33924 0.0021619
0.484917 1.30453 0.00316702
0.707888 1.93692 0.000710034
0.479109 1.90025 0.000272915
0.689321 2.47727 0.00015421
0.468689 2.45029 1.602e-05
0.700514 2.5571 0.000139773
0.467259 2.53287 6.03391e-05
0.620596 2.64248 8.38017e-05
0.460965 2.62158 5.52993e-05
fused:
-0.0717148 -0.897677 4.49588 0.999874
0.0745149 -1.08353 4.35329 0.999721
0.162314 -1.07338 4.32971 0.999722
0.250113 -1.10642 4.47853 0.999748
-0.176816 -1.17784 4.70332 0.999743
-0.25045 -1.18884 4.75339 0.999727
-0.300793 -1.15683 4.63655 0.999739
0.470498 -1.22582 5.33751 0.999749
-0.383066 -1.2452 5.27554 0.999749
0.0987359 -0.666707 4.3131 0.999906
-0.251813 -0.79339 5.11038 0.999902
1.34888 0.301581 6.01731 0.999369
-1.50182 0.0567242 8.1696 0.999689
1.06822 1.2801 3.72266 0.346129
-1.79472 2.32808 7.63409 0.258953
0.732128 1.62811 2.80105 0.0406872
-1.54862 2.95464 5.80006 0.0559403
0.710908 1.75023 2.6721 0.0505975
-1.57653 3.07595 5.31544 0.0682838
0.600944 1.77524 2.75011 0.0811173
-1.34209 2.89158 5.07984 0.111003
0.596275 1.74939 2.85242 0.0859177
-1.28406 2.86195 5.26956 0.117131
0.509294 2.35357 3.94427 0.00258113
-0.728438 2.89518 4.96392 0.00330758
0.263948 3.87668 3.95527 0.000710034
-0.935525 5.11103 5.15487 0.000272915
0.00307229 6.90844 5.11354 0.00015421
-1.23011 7.81624 5.64737 1.602e-05
-0.0007101 8.08388 5.73211 0.000139773
-1.37861 8.57554 5.97436 6.03391e-05
-0.336368 7.67639 5.17352 8.38017e-05
-1.07262 7.43286 4.96084 5.52993e-05
