camera0:
0.498541 0.293626 0.999858
0.530119 0.228844 0.999719
0.549796 0.230276 0.999722
0.566975 0.232108 0.999745
0.476197 0.229423 0.999733
0.462067 0.230382 0.999716
0.449645 0.231454 0.999723
0.596069 0.254311 0.999765
0.44301 0.25072 0.999737
0.53618 0.3502 0.999913
0.466989 0.351437 0.999904
0.728868 0.595771 0.999326
0.345813 0.562404 0.999642
0.793583 0.972822 0.401612
0.300622 0.921985 0.257964
0.752906 1.25968 0.0511947
0.271103 1.16518 0.0602919
0.75123 1.3519 0.0600712
0.245354 1.24652 0.0724957
0.706131 1.32587 0.0955572
0.271743 1.23078 0.106217
0.698692 1.28622 0.100165
0.290476 1.2004 0.113658
0.639768 1.29279 0.00326612
0.383799 1.2746 0.00392135
0.611319 1.87046 0.000426387
0.373157 1.85271 0.000131558
0.58807 2.38563 7.77839e-05
0.362939 2.3736 9.93609e-06
0.592681 2.45851 7.28522e-05
0.360605 2.45228 2.66701e-05
0.537269 2.55811 5.33861e-05
0.376307 2.54208 3.34712e-05
camera1:
0.560989 0.2919 0.999628
0.587952 0.222245 0.999312
0.607972 0.220075 0.999395
0.62983 0.218094 0.999418
0.542191 0.226592 0.999277
0.528483 0.227388 0.999254
0.514218 0.227753 0.999228
0.676631 0.233564 0.999584
0.520875 0.242283 0.999257
0.596396 0.340353 0.999844
0.54427 0.346615 0.999764
0.843559 0.60193 0.998116
0.458604 0.54744 0.999418
0.894306 1.00019 0.444652
0.417781 0.91847 0.250084
0.831389 1.36287 0.0481884
0.375559 1.18946 0.060328
0.830199 1.47838 0.0552768
0.340215 1.28234 0.0727136
0.777156 1.46034 0.0902578
0.368103 1.27827 0.113618
0.772591 1.4102 0.0921203
0.390836 1.2448 0.119527
0.739171 1.34304 0.00384331
0.485043 1.30733 0.00521677
0.704574 1.94305 0.000849022
0.475558 1.90543 0.000407526
0.682647 2.48445 0.000200003
0.46657 2.45208 2.69451e-05
0.695562 2.56353 0.000175613
0.465664 2.53323 9.96998e-05
0.615171 2.6455 0.000100457
0.460694 2.62437 6.35096e-05
fused:
-0.0816236 -0.876129 4.54488 0.999858
0.0702395 -1.07637 4.41623 0.999719
0.162167 -1.06498 4.38563 0.999722
0.251949 -1.09825 4.53417 0.999745
-0.198137 -1.18748 4.83508 0.999733
-0.270744 -1.1917 4.8502 0.999716
-0.326952 -1.16613 4.74758 0.999723
0.46144 -1.20056 5.28697 0.999765
-0.40551 -1.25967 5.3946 0.999737
0.094968 -0.636185 4.26369 0.999913
-0.26365 -0.78066 5.17438 0.999904
1.27752 0.298346 5.67119 0.999326
-1.34176 0.0453024 7.44817 0.999642
1.03318 1.20889 3.53925 0.444652
-1.60538 2.03182 6.90339 0.257964
0.699849 1.64188 2.833 0.0511947
-1.42506 2.64094 5.35305 0.060328
0.673582 1.7993 2.75109 0.0600712
-1.38141 2.63296 4.69757 0.0727136
0.545761 1.75917 2.74972 0.0955572
-1.26091 2.62011 4.75061 0.113618
0.546031 1.74164 2.86332 0.100165
-1.22699 2.63646 5.00202 0.119527
0.488182 2.32667 3.9744 0.00384331
-0.74427 2.86053 5.00611 0.00521677
0.252522 4.02662 4.05961 0.000849022
-0.902591 4.90887 4.95413 0.000407526
-0.026047 7.0172 5.15734 0.000200003
-1.24766 7.72729 5.60607 2.69451e-05
-0.0300476 8.22254 5.8012 0.000175613
-1.37081 8.43646 5.89089 9.96998e-05
-0.37484 7.86317 5.27794 0.000100457
-1.14719 7.77604 5.17828 6.35096e-05
