camera0:
0.498276 0.289892 0.999856
0.529906 0.227121 0.999722
0.549481 0.228797 0.999724
0.566636 0.230867 0.999752
0.476934 0.227535 0.999734
0.462752 0.228677 0.999711
0.45027 0.229959 0.999719
0.595612 0.254344 0.999775
0.443436 0.249703 0.999728
0.534942 0.348161 0.999917
0.46668 0.349321 0.999905
0.727914 0.587435 0.999366
0.345672 0.562397 0.999645
0.788702 0.955575 0.440641
0.301128 0.902329 0.262995
0.773528 1.26444 0.0599764
0.266851 1.09071 0.0679362
0.783965 1.36499 0.069024
0.248158 1.20278 0.0820043
0.741046 1.344 0.108523
0.271566 1.18452 0.118923
0.728725 1.30301 0.113154
0.278976 1.07248 0.12682
0.643649 1.28419 0.00356864
0.390801 1.269 0.00417831
0.622347 1.8546 0.000436282
0.387677 1.84017 0.000137904
0.603499 2.37209 7.54187e-05
0.384227 2.35872 1.01252e-05
0.608979 2.44459 7.03646e-05
0.382502 2.43529 2.65933e-05
0.558837 2.53785 5.27878e-05
0.398741 2.52075 3.31545e-05
camera1:
0.55896 0.287455 0.999647
0.585782 0.217297 0.999357
0.6052 0.214725 0.999439
0.626814 0.212633 0.999465
0.541482 0.223873 0.999321
0.528023 0.225908 0.999299
0.514091 0.227453 0.999269
0.675916 0.232864 0.999628
0.523702 0.244339 0.999309
0.595839 0.339134 0.999859
0.543976 0.345554 0.99978
0.839867 0.60032 0.998386
0.458782 0.547598 0.999478
0.889252 1.00258 0.490938
0.42407 0.922817 0.264738
0.791099 1.36754 0.0527247
0.402241 1.1206 0.0630375
0.775989 1.49047 0.0583194
0.372456 1.25971 0.075851
0.725439 1.46807 0.0944291
0.398178 1.24857 0.11702
0.727921 1.41213 0.0958699
0.417407 1.21392 0.122875
0.745701 1.33697 0.00412612
0.491327 1.30393 0.00558739
0.713901 1.93736 0.000817863
0.484337 1.90104 0.000404162
0.696586 2.47816 0.000195112
0.478879 2.44694 2.71834e-05
0.711852 2.55762 0.000170463
0.478381 2.52824 0.000101491
0.622853 2.63905 9.71486e-05
0.472692 2.61862 6.3678e-05
fused:
-0.0813248 -0.875751 4.47102 0.999856
0.0691111 -1.06316 4.31918 0.999722
0.157948 -1.04617 4.26559 0.999724
0.24439 -1.07442 4.39325 0.999752
-0.191122 -1.1773 4.76159 0.999734
-0.264602 -1.18446 4.7985 0.999711
-0.322819 -1.16317 4.72317 0.999719
0.457421 -1.19696 5.26524 0.999775
-0.418528 -1.30226 5.5813 0.999728
0.0899086 -0.64763 4.30011 0.999917
-0.266454 -0.789306 5.18749 0.999905
1.24209 0.271671 5.54914 0.999366
-1.3501 0.0458583 7.48786 0.999645
1.01963 1.19807 3.55054 0.490938
-1.75032 2.17084 7.54893 0.264738
0.549328 1.18556 2.04979 0.0599764
-2.25404 3.68273 8.36042 0.0679362
0.502584 1.18705 1.81298 0.069024
-1.86841 3.47043 6.45713 0.0820043
0.425397 1.17248 1.82962 0.108523
-1.76884 3.51774 6.69776 0.118923
0.43353 1.20027 1.97049 0.113154
-1.94954 3.6106 7.70788 0.12682
0.51452 2.34455 4.03727 0.00412612
-0.698306 2.81193 4.95152 0.00558739
0.296377 3.81426 3.87039 0.000817863
-0.762122 4.53504 4.60701 0.000404162
0.0601702 6.65212 4.92267 0.000195112
-1.00405 6.87673 5.03014 2.71834e-05
0.0737645 7.84384 5.57 0.000170463
-1.08967 7.41048 5.21961 0.000101491
-0.212872 6.6164 4.48698 9.71486e-05
-0.896051 6.7771 4.55926 6.3678e-05
