camera0:
0.52321 0.287147 0.999856
0.557657 0.227856 0.999721
0.576867 0.231452 0.999718
0.594262 0.235378 0.999733
0.506507 0.219237 0.999756
0.490511 0.217818 0.999747
0.474798 0.216855 0.999758
0.620552 0.259314 0.99973
0.462405 0.236037 0.99978
0.554417 0.345717 0.999908
0.492935 0.33952 0.999919
0.736143 0.600035 0.999266
0.341568 0.565762 0.999684
0.790712 0.959156 0.397054
0.286749 0.928879 0.322581
0.781113 1.26397 0.050674
0.303476 1.20066 0.0751115
0.791755 1.36952 0.0593581
0.290533 1.29126 0.0857874
0.747919 1.35422 0.0940519
0.324556 1.27378 0.124549
0.737601 1.31214 0.0982212
0.336595 1.23965 0.13169
0.64968 1.30415 0.00407976
0.386578 1.29344 0.00492532
0.640165 1.87447 0.000484234
0.403902 1.87129 0.00015043
0.62733 2.38836 8.02801e-05
0.406702 2.3827 1.12079e-05
0.631526 2.46612 7.99571e-05
0.400075 2.46294 2.93194e-05
0.5871 2.55716 5.93775e-05
0.44087 2.54485 3.44995e-05
camera1:
0.596156 0.270171 0.999734
0.62399 0.20412 0.999502
0.643256 0.205069 0.999547
0.663999 0.208474 0.999578
0.578501 0.205071 0.999492
0.562649 0.205655 0.999469
0.546635 0.205665 0.99946
0.707188 0.234517 0.999673
0.54233 0.224524 0.999467
0.623764 0.326851 0.999886
0.574703 0.329317 0.999833
0.851096 0.600497 0.998656
0.457796 0.545323 0.999588
0.900839 0.997613 0.45895
0.422876 0.944391 0.336188
0.878646 1.35093 0.0469771
0.398243 1.22849 0.0726767
0.889174 1.46367 0.0526753
0.369185 1.32139 0.0827423
0.843162 1.45422 0.0850788
0.395339 1.31336 0.12449
0.832445 1.4084 0.0869797
0.415461 1.27855 0.129351
0.767232 1.33831 0.00448291
0.504667 1.31632 0.00591084
0.739529 1.94347 0.000715811
0.501257 1.92957 0.000333033
0.719578 2.48871 0.000158342
0.496158 2.47272 2.38993e-05
0.725692 2.56697 0.000137506
0.491729 2.55598 8.55019e-05
0.668356 2.66111 8.85676e-05
0.511614 2.6474 6.44112e-05
fused:
0.0487588 -1.004 4.94047 0.999856
0.218327 -1.16099 4.64233 0.999721
0.309673 -1.13378 4.58839 0.999718
0.403605 -1.14403 4.69934 0.999733
-0.0385903 -1.30271 5.07301 0.999756
-0.125786 -1.31766 5.10553 0.999747
-0.210399 -1.32202 5.09761 0.999758
0.629765 -1.24035 5.54378 0.99973
-0.300346 -1.35988 5.53792 0.99978
0.194939 -0.713928 4.57903 0.999908
-0.123959 -0.874409 5.41604 0.999919
1.30005 0.300203 5.57202 0.999266
-1.44061 0.0496156 7.81443 0.999684
1.11259 1.29349 3.84763 0.45895
-2.33375 2.88508 9.43322 0.336188
0.862826 1.80504 3.1272 0.050674
-1.11469 2.5058 4.8028 0.0751115
0.861279 1.98272 3.02454 0.0593581
-1.01028 2.41794 4.08886 0.0857874
0.752943 2.03784 3.14283 0.0940519
-0.803293 2.21176 3.8171 0.124549
0.735458 1.97828 3.20304 0.0982212
-0.805663 2.26379 4.08753 0.13169
0.626847 2.7927 4.73548 0.00448291
-0.895246 3.57879 6.12187 0.00591084
0.393637 4.19321 4.19403 0.000715811
-0.700499 4.70999 4.6748 0.000333033
0.17646 6.85324 5.02681 0.000158342
-0.869718 6.76948 4.8878 2.38993e-05
0.184833 7.78955 5.47303 0.000137506
-0.996708 7.41144 5.15179 8.55019e-05
-0.0772145 7.84277 5.23209 8.85676e-05
-0.717142 6.81579 4.54588 6.44112e-05
