camera0:
0.481947 0.290445 0.999852
0.511011 0.229164 0.999713
0.530276 0.229866 0.999713
0.548476 0.23096 0.999732
0.461331 0.230574 0.999744
0.446949 0.231935 0.999733
0.432811 0.233587 0.999743
0.580011 0.251509 0.99973
0.428151 0.255198 0.999752
0.518333 0.346292 0.999906
0.457751 0.348308 0.99991
0.721188 0.582737 0.999324
0.337502 0.567308 0.999679
0.784699 0.942711 0.420932
0.299834 0.921597 0.320799
0.771111 1.23774 0.0516332
0.289591 1.20419 0.0726358
0.782227 1.33746 0.0594537
0.262299 1.29338 0.0828592
0.739748 1.32707 0.0941223
0.290724 1.28572 0.119861
0.728796 1.28741 0.0978445
0.309551 1.25122 0.127029
0.64841 1.2819 0.00419425
0.396078 1.27825 0.00510835
0.643291 1.84965 0.000474254
0.408664 1.84422 0.000157152
0.634093 2.36641 8.13636e-05
0.407312 2.36457 1.2566e-05
0.640518 2.43923 8.00447e-05
0.404197 2.44501 3.22053e-05
0.590912 2.53718 6.07639e-05
0.428571 2.52471 3.6495e-05
camera1:
0.539119 0.277545 0.999693
0.565162 0.206012 0.99944
0.584256 0.202678 0.999492
0.606555 0.20061 0.999546
0.520228 0.214715 0.999428
0.506669 0.216671 0.999389
0.494104 0.218124 0.999386
0.663342 0.222759 0.99965
0.506185 0.235701 0.999377
0.577337 0.328899 0.999879
0.530118 0.335391 0.999812
0.836941 0.5923 0.998819
0.446646 0.552737 0.999606
0.890328 0.998456 0.507219
0.427727 0.93933 0.347327
0.827017 1.36631 0.0530829
0.388563 1.23769 0.0734154
0.826088 1.48169 0.0575969
0.355923 1.32762 0.0831458
0.773336 1.46436 0.0918763
0.380084 1.31813 0.124113
0.768357 1.41517 0.0935184
0.40224 1.28363 0.129474
0.75425 1.33915 0.00507476
0.496414 1.31552 0.00675944
0.726151 1.9521 0.00072004
0.497899 1.92697 0.000355294
0.716239 2.50234 0.000164224
0.496492 2.48295 2.67129e-05
0.726839 2.57992 0.000140445
0.49576 2.56406 9.32311e-05
0.649752 2.66739 9.1264e-05
0.49353 2.65758 6.56761e-05
fused:
-0.147074 -0.855174 4.27585 0.999852
-0.00997942 -1.04722 4.18066 0.999713
0.0757761 -1.03554 4.13683 0.999713
0.161225 -1.06284 4.25249 0.999732
-0.244571 -1.10375 4.41823 0.999744
-0.31396 -1.10966 4.45009 0.999733
-0.384763 -1.12196 4.50582 0.999743
0.387828 -1.26787 5.43022 0.99973
-0.473867 -1.24131 5.28428 0.999752
0.0175224 -0.656583 4.20933 0.999906
-0.29192 -0.761438 4.8638 0.99991
1.28292 0.258146 5.91436 0.999324
-1.32413 0.0702164 7.00297 0.999679
1.05661 1.23751 3.73194 0.507219
-1.90043 2.44442 8.14252 0.347327
0.64525 1.37269 2.40707 0.0530829
-1.22804 2.61938 4.97769 0.0734154
0.611845 1.41682 2.19767 0.0594537
-1.28153 2.75642 4.62988 0.0831458
0.514103 1.40253 2.20386 0.0941223
-1.10582 2.63026 4.4805 0.124113
0.513534 1.40147 2.31205 0.0978445
-1.05156 2.60642 4.64749 0.129474
0.54818 2.39597 4.12959 0.00507476
-0.665223 2.82868 4.91126 0.00675944
0.353271 3.41577 3.4419 0.00072004
-0.577794 4.1271 4.13265 0.000355294
0.204443 5.60153 4.12507 0.000164224
-0.759662 6.20332 4.48026 2.67129e-05
0.228715 6.25071 4.41721 0.000140445
-0.861095 6.81164 4.73892 9.32311e-05
-0.0296679 6.0056 4.03797 9.1264e-05
-0.642081 5.97381 3.98624 6.56761e-05
