camera0:
0.486992 0.288312 0.999858
0.516391 0.227715 0.999723
0.537015 0.229606 0.999723
0.555268 0.231118 0.999738
0.46814 0.22517 0.999756
0.452889 0.226051 0.999746
0.438357 0.22725 0.999755
0.58817 0.251668 0.999737
0.430403 0.247562 0.999772
0.522516 0.346141 0.999909
0.463746 0.3445 0.999916
0.725295 0.586132 0.9993
0.337597 0.565726 0.99968
0.783069 0.94605 0.403008
0.295175 0.921773 0.318291
0.777284 1.24349 0.0506428
0.289807 1.20476 0.0724651
0.790734 1.3465 0.0589349
0.262362 1.29562 0.0828985
0.747775 1.33791 0.0935214
0.291378 1.28771 0.12039
0.736848 1.29675 0.0973597
0.309585 1.25228 0.127496
0.648333 1.29002 0.00400281
0.388827 1.28937 0.00485564
0.645333 1.8562 0.000469367
0.409987 1.86115 0.00014909
0.644243 2.36943 7.96451e-05
0.419708 2.3761 1.16015e-05
0.650743 2.44401 7.91771e-05
0.417511 2.45793 3.02857e-05
0.605745 2.54014 5.98294e-05
0.446825 2.53349 3.55115e-05
camera1:
0.573275 0.268113 0.999721
0.598325 0.201428 0.999481
0.617976 0.200009 0.99953
0.639028 0.19979 0.99957
0.55123 0.205332 0.99947
0.534938 0.206733 0.999442
0.519375 0.207901 0.999435
0.681565 0.222817 0.999666
0.515932 0.229691 0.999431
0.607329 0.323948 0.999885
0.554143 0.328034 0.999828
0.837377 0.586023 0.998752
0.449715 0.546755 0.999599
0.890321 0.992035 0.485649
0.426399 0.934398 0.346445
0.845571 1.32098 0.0493134
0.388749 1.22419 0.0728106
0.846101 1.43344 0.0540886
0.3557 1.31646 0.0825402
0.79697 1.41412 0.0869806
0.382194 1.30918 0.12353
0.791842 1.3676 0.0885736
0.404047 1.27412 0.128556
0.75706 1.33326 0.00489439
0.497521 1.3126 0.00643927
0.735971 1.94257 0.000741759
0.49837 1.92408 0.000360614
0.719312 2.48854 0.000168022
0.495507 2.47355 2.7271e-05
0.726599 2.56674 0.000144467
0.492024 2.55591 9.52205e-05
0.665143 2.6607 9.2316e-05
0.508705 2.65042 6.77387e-05
fused:
-0.159568 -1.19035 5.76514 0.999858
0.0242666 -1.41017 5.53165 0.999723
0.142868 -1.37031 5.40756 0.999723
0.254144 -1.39622 5.53955 0.999738
-0.268147 -1.46552 5.69583 0.999756
-0.355281 -1.44477 5.61881 0.999746
-0.434826 -1.42155 5.53414 0.999755
0.493181 -1.43632 6.1434 0.999737
-0.506747 -1.3994 5.80976 0.999772
0.0519413 -0.870766 5.45639 0.999909
-0.316703 -0.967349 5.97487 0.999916
1.22706 0.236575 5.53149 0.9993
-1.3783 0.0506574 7.30479 0.99968
1.07139 1.25575 3.8096 0.485649
-2.06294 2.57974 8.65471 0.346445
0.721167 1.47891 2.6587 0.0506428
-1.24589 2.6282 5.04239 0.0728106
0.682556 1.52538 2.41276 0.0589349
-1.29859 2.77068 4.68008 0.0828985
0.586432 1.5427 2.47272 0.0935214
-1.13231 2.68267 4.58976 0.12353
0.587583 1.53942 2.59081 0.0973597
-1.08291 2.66425 4.77623 0.128556
0.567135 2.50229 4.31519 0.00489439
-0.789227 3.16574 5.47325 0.00643927
0.38131 3.7115 3.74892 0.000741759
-0.614442 4.28071 4.2859 0.000360614
0.219637 5.53506 4.10486 0.000168022
-0.717084 5.94019 4.31734 2.7271e-05
0.236062 6.07062 4.31825 0.000144467
-0.794004 6.36299 4.45362 9.52205e-05
0.0145766 6.18364 4.17093 9.2316e-05
-0.613408 6.12287 4.10087 6.77387e-05
