camera0:
0.643516 0.270597 0.99983
0.678206 0.219911 0.999678
0.693354 0.226722 0.999674
0.706602 0.2335 0.999694
0.627748 0.206421 0.999716
0.609998 0.202866 0.999702
0.592703 0.198775 0.999717
0.715458 0.26341 0.999694
0.563655 0.213439 0.999739
0.657851 0.337283 0.999897
0.603922 0.328253 0.999906
0.770674 0.621449 0.999184
0.394028 0.535149 0.999644
0.798099 0.982894 0.427461
0.293856 0.907752 0.29087
0.740943 1.26217 0.0556382
0.336718 1.15073 0.0692015
0.733907 1.35651 0.064216
0.339391 1.23564 0.0814687
0.687613 1.32911 0.101135
0.382458 1.21876 0.118565
0.685095 1.28854 0.105358
0.385444 1.18729 0.125765
0.651746 1.30486 0.00421306
0.396318 1.27505 0.00489723
0.617592 1.87741 0.000501043
0.377437 1.85389 0.000148846
0.583572 2.38518 8.42516e-05
0.356335 2.35652 1.13112e-05
0.580667 2.46143 8.04127e-05
0.345135 2.43462 2.94069e-05
0.541808 2.5534 5.93374e-05
0.379103 2.51559 3.44307e-05
camera1:
0.708729 0.243361 0.999688
0.747611 0.188766 0.999433
0.766787 0.197264 0.999496
0.786517 0.205456 0.999518
0.698496 0.175258 0.999411
0.68111 0.171039 0.999391
0.663252 0.166727 0.999371
0.822007 0.242246 0.999654
0.639755 0.187785 0.99941
0.728284 0.315314 0.999875
0.668726 0.309736 0.999812
0.894445 0.631924 0.998411
0.505977 0.519949 0.999536
0.91944 1.04128 0.480564
0.421711 0.897598 0.307241
0.881504 1.37452 0.0496779
0.417445 1.18346 0.0697807
0.884624 1.49488 0.0549797
0.39964 1.28387 0.0812385
0.839645 1.4791 0.0886814
0.433599 1.27716 0.123762
0.831081 1.4245 0.0904834
0.448056 1.24042 0.128782
0.752808 1.33579 0.00479341
0.508503 1.29173 0.00626589
0.728561 1.945 0.000838631
0.494622 1.90581 0.000393096
0.693809 2.47795 0.000190111
0.472494 2.44661 2.77175e-05
0.696025 2.55938 0.000164807
0.464912 2.52838 0.000103392
0.635939 2.64776 9.92264e-05
0.479992 2.62253 7.12936e-05
fused:
0.590405 -0.913391 4.29797 0.99983
0.778045 -1.12328 4.46188 0.999678
0.871821 -1.12419 4.58539 0.999674
0.987718 -1.15749 4.84148 0.999694
0.572248 -1.25025 4.70375 0.999716
0.491816 -1.28712 4.76671 0.999702
0.406907 -1.31214 4.78228 0.999717
1.42246 -1.43452 6.67037 0.999694
0.277925 -1.35417 5.15446 0.999739
0.660399 -0.687529 4.34788 0.999897
0.40839 -0.71804 4.31359 0.999906
1.56012 0.434076 5.78984 0.999184
-0.966488 -0.10652 7.51583 0.999644
1.21964 1.4879 4.10411 0.480564
-1.9773 2.2957 8.25466 0.307241
1.08293 2.70827 4.58977 0.0556382
-0.831249 2.04797 4.23816 0.0697807
1.09016 3.18264 4.75839 0.064216
-0.682301 1.94659 3.52063 0.0814687
0.942277 3.39693 5.1866 0.101135
-0.482267 1.77113 3.2687 0.123762
0.910031 3.1645 5.10443 0.105358
-0.513635 1.84254 3.56426 0.128782
0.544365 2.38376 4.06533 0.00479341
-0.783348 3.2518 5.75079 0.00626589
0.332606 4.75212 4.74262 0.000838631
-1.01608 5.73475 5.75893 0.000393096
-0.0417569 8.36332 6.12367 0.000190111
-1.34155 8.30919 6.03098 2.77175e-05
-0.0960845 9.73466 6.82555 0.000164807
-1.54427 9.20221 6.42179 0.000103392
-0.356966 8.95466 5.97922 9.92264e-05
-1.14661 8.16196 5.46088 7.12936e-05
