camera0:
0.564181 0.26949 0.99986
0.598235 0.213217 0.999732
0.616338 0.216687 0.999734
0.635292 0.220571 0.999759
0.546527 0.206637 0.999744
0.526213 0.205322 0.999723
0.507921 0.204006 0.999731
0.664753 0.249458 0.999781
0.482649 0.223937 0.999741
0.585018 0.332828 0.99992
0.524777 0.32787 0.99991
0.741859 0.596773 0.999372
0.358292 0.548089 0.999645
0.79411 0.972829 0.446438
0.294769 0.919174 0.267622
0.802927 1.30358 0.0582688
0.270079 1.15364 0.0664875
0.821174 1.41243 0.0667269
0.246136 1.23603 0.0799636
0.772041 1.40108 0.105164
0.275454 1.22786 0.116293
0.759025 1.35348 0.109634
0.291252 1.19422 0.124055
0.643789 1.30566 0.00432247
0.388998 1.27937 0.00493645
0.618795 1.88206 0.00050331
0.378697 1.86503 0.000148222
0.592445 2.39552 8.45391e-05
0.36161 2.37796 1.1276e-05
0.594511 2.47624 7.92533e-05
0.353673 2.46132 2.94786e-05
0.545181 2.56749 5.71653e-05
0.382511 2.54635 3.47051e-05
camera1:
0.638838 0.241372 0.999667
0.67723 0.180566 0.999397
0.69667 0.183462 0.99947
0.715305 0.186376 0.999495
0.618611 0.174922 0.999368
0.600718 0.17437 0.999346
0.585384 0.174134 0.999321
0.759516 0.217418 0.999647
0.578262 0.196477 0.999361
0.671761 0.312015 0.999867
0.604081 0.311869 0.999796
0.869981 0.617392 0.998374
0.487108 0.527412 0.999506
0.900304 1.03486 0.48833
0.421094 0.897376 0.281206
0.865993 1.37473 0.051474
0.411094 1.1617 0.0673612
0.869507 1.50845 0.0569824
0.38918 1.26597 0.0800678
0.830294 1.48351 0.0920968
0.418614 1.25598 0.122647
0.820017 1.42935 0.093847
0.436182 1.22005 0.127968
0.752649 1.33952 0.00442506
0.497762 1.29285 0.00589002
0.707221 1.9478 0.000840784
0.473552 1.90434 0.000406633
0.673509 2.48544 0.000194263
0.452972 2.44712 2.80691e-05
0.685871 2.57004 0.000168352
0.451634 2.52879 0.000105415
0.597648 2.64635 9.87186e-05
0.438971 2.62257 6.97434e-05
fused:
0.267428 -1.07853 4.91939 0.99986
0.472467 -1.36681 5.18412 0.999732
0.573073 -1.35258 5.19978 0.999734
0.664208 -1.30729 5.10276 0.999759
0.179965 -1.33264 4.91699 0.999744
0.0774511 -1.38691 5.07634 0.999723
-0.0210469 -1.45033 5.27041 0.999731
0.948369 -1.36688 5.88665 0.999781
-0.202364 -1.73093 6.62094 0.999741
0.413102 -0.911632 5.47612 0.99992
0.0588826 -0.891007 5.20724 0.99991
1.61843 0.40038 6.79141 0.999372
-1.68468 -0.0789881 10.1325 0.999645
1.06262 1.29274 3.6258 0.48833
-1.91732 2.26842 8.03398 0.281206
0.743149 1.49778 2.50746 0.0582688
-2.49834 4.47623 9.33582 0.0673612
0.701934 1.52673 2.24107 0.0667269
-2.61472 4.93385 8.92254 0.0800678
0.655981 1.68691 2.50998 0.105164
-2.39553 4.97585 9.14156 0.122647
0.64645 1.65445 2.59514 0.109634
-2.37862 5.02643 9.71138 0.127968
0.55284 2.59219 4.37646 0.00442506
-0.799225 3.15784 5.54886 0.00589002
0.273285 3.95678 3.9576 0.000840784
-0.857806 4.73188 4.77299 0.000406633
-0.0214069 6.48295 4.76017 0.000194263
-1.17176 7.09521 5.15831 2.80691e-05
-0.0429116 7.83635 5.4989 0.000168352
-1.4037 8.22901 5.74884 0.000105415
-0.30492 6.65108 4.46769 9.87186e-05
-0.949447 6.37126 4.27068 6.97434e-05
