camera0:
0.592384 0.287288 0.99985
0.623718 0.228415 0.999713
0.638635 0.233109 0.99971
0.652532 0.238623 0.999724
0.572113 0.218639 0.999749
0.555306 0.217091 0.99974
0.539254 0.216345 0.999752
0.678306 0.269325 0.999723
0.517383 0.235552 0.999776
0.617172 0.348984 0.999907
0.552224 0.339733 0.999918
0.764951 0.611823 0.999223
0.363089 0.554329 0.999678
0.793554 0.979402 0.397104
0.29178 0.916046 0.312288
0.794482 1.28318 0.0514938
0.30285 1.16542 0.0746726
0.80207 1.38421 0.0602643
0.283101 1.24921 0.085687
0.759951 1.36798 0.0952261
0.318915 1.23469 0.124421
0.749666 1.32493 0.099655
0.33394 1.20302 0.131622
0.649696 1.30956 0.00433132
0.384824 1.2882 0.00520536
0.626688 1.8744 0.00051427
0.385477 1.86674 0.000155385
0.605072 2.38846 8.54282e-05
0.374249 2.37468 1.15686e-05
0.603254 2.46849 8.49303e-05
0.364913 2.45716 3.00219e-05
0.575208 2.55699 6.21768e-05
0.401142 2.53436 3.51993e-05
camera1:
0.654168 0.260653 0.999736
0.692856 0.197812 0.999513
0.712455 0.202823 0.999562
0.731478 0.208385 0.999582
0.637743 0.188313 0.9995
0.622286 0.186223 0.999484
0.605498 0.183958 0.99947
0.76189 0.240268 0.999688
0.595598 0.207448 0.999504
0.685014 0.324198 0.999891
0.620338 0.32091 0.999842
0.876422 0.613455 0.998564
0.478037 0.533324 0.999591
0.911918 1.01124 0.447606
0.423213 0.926659 0.338009
0.894795 1.38778 0.0448964
0.408851 1.22332 0.0738852
0.907128 1.50689 0.0503915
0.381869 1.32146 0.0837878
0.859876 1.49629 0.0815465
0.41698 1.31327 0.126549
0.847888 1.44587 0.0837624
0.436215 1.27748 0.13139
0.774848 1.3478 0.00464201
0.505666 1.31345 0.0060927
0.739249 1.95413 0.000756917
0.492625 1.933 0.000347029
0.710292 2.49282 0.000168582
0.477615 2.4713 2.4533e-05
0.713015 2.57531 0.000146659
0.469895 2.55457 8.94784e-05
0.658734 2.66935 9.15095e-05
0.50484 2.65113 6.6066e-05
fused:
0.354937 -0.859131 4.25311 0.99985
0.538151 -1.14034 4.59047 0.999713
0.633429 -1.16297 4.76435 0.99971
0.733924 -1.18975 4.97087 0.999724
0.287233 -1.18002 4.55796 0.999749
0.211157 -1.21363 4.6418 0.99974
0.132929 -1.21627 4.61572 0.999752
0.880172 -1.07718 5.04169 0.999723
0.0288213 -1.30968 5.25951 0.999776
0.472622 -0.658169 4.32507 0.999907
0.182765 -0.72914 4.53974 0.999918
1.3251 0.323909 5.02319 0.999223
-1.24741 -0.0177512 7.73327 0.999678
1.19837 1.43082 4.10584 0.447606
-2.10674 2.55009 8.70845 0.338009
0.888741 1.82538 3.05477 0.0514938
-1.22284 2.67975 5.29106 0.0746726
0.898113 2.04002 3.01559 0.0602643
-1.19003 2.7215 4.72131 0.085687
0.782073 2.05466 3.07475 0.0952261
-0.999204 2.65076 4.67759 0.126549
0.762859 1.98651 3.1267 0.099655
-0.975549 2.67044 4.93682 0.131622
0.676152 3.03954 5.09388 0.00464201
-0.934942 3.68723 6.32908 0.0060927
0.383214 4.65157 4.61181 0.000756917
-0.834089 5.07852 5.01679 0.000347029
0.0941578 7.66627 5.58785 0.000168582
-1.0907 7.38832 5.31304 2.4533e-05
0.066203 8.96156 6.24272 0.000146659
-1.25362 8.09925 5.60361 8.94784e-05
-0.120957 7.78298 5.17205 9.15095e-05
-1.03719 8.40872 5.56073 6.6066e-05
