camera0:
0.334346 0.256783 0.999818
0.360208 0.162147 0.999697
0.386376 0.156823 0.999711
0.411122 0.151834 0.999743
0.302035 0.179453 0.999629
0.283573 0.186559 0.999579
0.26526 0.192991 0.999548
0.467983 0.170481 0.999831
0.265367 0.21717 0.999648
0.387402 0.317758 0.999905
0.314103 0.335985 0.999861
0.681502 0.547493 0.99949
0.194222 0.578662 0.998859
0.836467 0.94293 0.754179
-0.016435 0.887481 0.61379
0.979294 1.36444 0.156489
-0.315803 1.08654 0.257485
1.0412 1.48248 0.135103
-0.415511 1.13042 0.220978
0.997691 1.4824 0.213646
-0.398216 1.11238 0.309557
0.96196 1.44891 0.252514
-0.34927 1.11271 0.371281
0.619961 1.43566 0.00303974
0.332001 1.47263 0.00311746
0.628491 2.15315 0.0012334
0.314549 2.15551 0.000607267
0.650041 2.80956 7.60407e-05
0.3407 2.80498 2.44017e-05
0.669862 2.90144 6.1326e-05
0.338708 2.89388 3.84523e-05
0.594011 3.00356 5.721e-05
0.374475 3.01009 3.12543e-05
camera1:
0.458837 0.319594 0.996871
0.489924 0.199604 0.994548
0.516363 0.188902 0.995433
0.539516 0.179475 0.995327
0.429049 0.219669 0.992806
0.410464 0.222545 0.992764
0.395132 0.225268 0.99244
0.622805 0.166882 0.997116
0.424353 0.217617 0.995358
0.518895 0.363373 0.998775
0.458516 0.398498 0.997479
0.890482 0.538235 0.996805
0.422262 0.567254 0.999025
0.948415 0.987276 0.371869
0.199501 0.864592 0.656769
0.961544 1.49328 0.0886377
-0.0612053 0.932758 0.661172
0.990715 1.63229 0.104051
-0.17813 0.957018 0.56767
0.949026 1.62348 0.159118
-0.178262 0.936134 0.675357
0.926859 1.57323 0.173146
-0.12687 0.949557 0.710595
0.824707 1.48537 0.00172
0.495046 1.47253 0.00346834
0.801981 2.22453 0.00113384
0.504546 2.21758 0.00149059
0.837148 2.91204 0.000185949
0.543159 2.92925 3.24824e-05
0.861019 3.00268 0.000150802
0.554204 3.02516 6.89185e-05
0.769661 3.11504 0.000101614
0.546089 3.14668 3.75342e-05
fused:
-2.70907 -2.90664 13.8231 0.999818
-2.83753 -5.07955 17.1575 0.999697
-2.45027 -5.37881 17.8621 0.999711
-1.90389 -5.25581 17.2081 0.999743
-3.11751 -3.88911 13.7214 0.999629
-3.15962 -3.59278 12.8286 0.999579
-3.48043 -3.63821 13.122 0.999548
-6.07222 -39.3251 130.466 0.999831
-11.0549 -11.4948 42.2822 0.999648
-2.27073 -2.71602 16.3903 0.999905
-5.79771 -3.95539 26.6764 0.999861
-2.6363 -0.0486414 -14.9054 0.99949
3.27652 -0.124508 -9.60057 0.999025
1.214 1.2 3.58791 0.754179
33.9472 -15.217 -59.5863 0.656769
0.702593 0.947456 1.45159 0.156489
-88.953 29.8382 99.9116 0.661172
0.683633 0.914088 1.26796 0.135103
-11.2252 3.60757 11.2486 0.56767
0.658386 0.964363 1.33154 0.213646
-8.42044 2.68608 8.60175 0.675357
0.657025 1.00684 1.42913 0.252514
-10.5026 3.74287 11.323 0.710595
4.07794 28.1421 39.1864 0.00303974
-3.13639 10.8158 15.0443 0.00346834
1.10917 17.3527 14.0108 0.0012334
-7.15146 35.9264 28.8771 0.00149059
-0.644371 -49.5238 -29.4555 0.000185949
-93.5417 681.613 388.19 3.24824e-05
-0.475072 -28.6026 -16.3924 0.000150802
11.3713 -82.1572 -45.1899 6.89185e-05
1.14871 -49.1425 -26.7022 0.000101614
-8.74061 73.8897 38.8538 3.75342e-05
