camera0:
0.356044 0.258596 0.999886
0.387037 0.165327 0.999811
0.415781 0.159791 0.999819
0.442418 0.154986 0.99983
0.318273 0.182549 0.99978
0.29361 0.18877 0.999756
0.269478 0.193279 0.999722
0.493668 0.172528 0.999902
0.256524 0.214452 0.999796
0.410522 0.324784 0.999936
0.331408 0.350149 0.999916
0.686735 0.548432 0.999471
0.191235 0.577826 0.998719
0.849453 0.958227 0.722197
-0.0268288 0.909886 0.549443
1.00812 1.36764 0.165958
-0.238123 1.0914 0.198417
1.0701 1.4779 0.148238
-0.312546 1.14985 0.187604
1.02994 1.48296 0.233222
-0.282316 1.1298 0.268128
0.992291 1.45273 0.270949
-0.243863 1.12305 0.316734
0.616518 1.43481 0.0025106
0.294758 1.43295 0.00242422
0.594221 2.13555 0.00184018
0.270383 2.13331 0.000763783
0.593773 2.75766 0.000100673
0.282665 2.75403 3.11226e-05
0.609193 2.84908 7.6875e-05
0.28121 2.84048 4.44901e-05
0.531789 2.95607 8.52158e-05
0.327571 2.97287 4.63912e-05
camera1:
0.465985 0.284721 0.995983
0.490446 0.179759 0.9933
0.510829 0.171491 0.994456
0.538916 0.161986 0.994079
0.441863 0.201425 0.99074
0.428426 0.20714 0.990795
0.415004 0.209761 0.989973
0.61985 0.161551 0.996569
0.440148 0.214731 0.994229
0.523335 0.333723 0.998495
0.472948 0.363166 0.996834
0.892142 0.529487 0.997133
0.422016 0.562496 0.999025
0.959402 0.950231 0.380445
0.180957 0.874696 0.666596
0.903382 1.40029 0.0984493
-0.11728 0.914197 0.657149
0.945911 1.56877 0.117404
-0.2457 0.868411 0.567421
0.904772 1.55755 0.178874
-0.242443 0.877161 0.680004
0.886733 1.50502 0.19248
-0.184678 0.885633 0.70891
0.811512 1.43847 0.00166081
0.480233 1.43678 0.00310896
0.800234 2.1848 0.000937939
0.513842 2.18655 0.00106337
0.840015 2.87259 0.00019322
0.552971 2.90188 2.45278e-05
0.85747 2.96242 0.000164269
0.561924 2.99652 6.21102e-05
0.788177 3.07502 0.000113435
0.553349 3.11152 3.53924e-05
fused:
-1.51712 -1.97159 8.93235 0.999886
-1.12208 -2.47528 8.2948 0.999811
-0.767598 -2.20733 7.31725 0.999819
-0.573245 -2.29941 7.51543 0.99983
-2.45111 -3.39368 11.7899 0.99978
-3.6085 -4.40144 15.4422 0.999756
-5.57414 -6.11663 21.54 0.999722
-0.264408 -4.04221 13.5429 0.999902
9.252 9.46204 -34.2386 0.999796
-1.0006 -1.54737 9.00495 0.999936
-3.57033 -2.83876 18.3119 0.999916
-3.32942 -0.0105269 -18.186 0.999471
3.14868 -0.0968327 -9.14727 0.999025
1.22772 1.17168 3.49053 0.722197
-144.158 65.2348 248.182 0.666596
0.603978 0.744274 1.1918 0.165958
-3.21845 1.08906 3.99274 0.657149
0.611073 0.749807 1.08849 0.148238
-2.29919 0.638916 2.60498 0.567421
0.587486 0.78458 1.13101 0.233222
-2.02402 0.617789 2.37568 0.680004
0.588701 0.825258 1.21768 0.270949
-2.19555 0.741483 2.70306 0.70891
3.47276 25.209 35.887 0.0025106
-12.2842 34.32 49.7628 0.00310896
-76.3456 -1553.35 -1233.73 0.00184018
4.40292 -19.4677 -15.5634 0.00106337
0.0316833 -15.5093 -9.22038 0.00019322
3.56481 -23.3915 -13.2752 3.11226e-05
0.00581869 -13.5543 -7.7771 0.000164269
3.02588 -19.6837 -10.821 6.21102e-05
0.462853 -13.0071 -7.0197 0.000113435
5.63283 -44.7078 -23.3592 4.63912e-05
