camera0:
0.333882 0.256748 0.999822
0.359514 0.161784 0.999703
0.38557 0.156608 0.999717
0.41036 0.151724 0.999746
0.301907 0.178609 0.999635
0.283549 0.185577 0.999589
0.265429 0.191949 0.999557
0.467664 0.170376 0.999832
0.266652 0.216182 0.999657
0.386213 0.317845 0.999905
0.313901 0.335967 0.999862
0.682897 0.553519 0.999496
0.19448 0.578029 0.998907
0.830376 0.940782 0.748412
-0.0145018 0.887544 0.60673
0.958757 1.36526 0.151603
-0.315898 1.09333 0.259422
1.01724 1.48384 0.131562
-0.415463 1.14118 0.223588
0.968886 1.48383 0.208914
-0.398169 1.12582 0.313761
0.936549 1.45059 0.246332
-0.349559 1.12431 0.375405
0.615337 1.43585 0.00294999
0.29124 1.4486 0.00303355
0.61185 2.15326 0.00115902
0.29659 2.15396 0.000570926
0.629383 2.8074 7.2318e-05
0.313294 2.80497 2.28641e-05
0.646393 2.90122 5.81345e-05
0.310449 2.89461 3.59336e-05
0.576144 3.00054 5.5248e-05
0.349727 3.01094 2.95626e-05
camera1:
0.46097 0.306541 0.996959
0.490572 0.195558 0.994685
0.516944 0.185511 0.995546
0.539753 0.176905 0.995471
0.43093 0.214572 0.993004
0.412505 0.217992 0.992936
0.396668 0.22099 0.992652
0.622796 0.166115 0.997179
0.424475 0.217269 0.995409
0.519118 0.355746 0.998781
0.459559 0.389164 0.997498
0.885028 0.537149 0.996861
0.411556 0.572382 0.998998
0.942211 0.985144 0.377486
0.18437 0.86467 0.656212
0.960059 1.47423 0.0883825
-0.0973036 0.925394 0.659374
0.988229 1.60576 0.103893
-0.200251 0.953601 0.566973
0.945517 1.59682 0.159452
-0.206657 0.930624 0.6749
0.923962 1.54781 0.17397
-0.155969 0.944568 0.710567
0.816756 1.48005 0.00164055
0.4897 1.47181 0.00330214
0.796594 2.22313 0.00112979
0.502815 2.21644 0.00149006
0.832694 2.9118 0.000181113
0.54152 2.92875 3.2266e-05
0.855386 3.00235 0.000146405
0.551125 3.02446 6.77486e-05
0.76891 3.11391 9.96561e-05
0.54376 3.14306 3.67815e-05
fused:
-2.77778 -3.06676 14.2312 0.999822
-2.92387 -5.2576 17.6498 0.999703
-2.54281 -5.59226 18.4771 0.999717
-1.95436 -5.39172 17.5874 0.999746
-3.24762 -4.09344 14.3179 0.999635
-3.29807 -3.7876 13.4131 0.999589
-3.56805 -3.76708 13.481 0.999557
-6.47096 -41.7409 138.307 0.999832
-10.1091 -10.5797 38.8555 0.999657
-2.31957 -2.81447 16.6776 0.999905
-5.87169 -4.11679 27.0884 0.999862
-3.75351 -0.117436 -20.9993 0.999496
4.26749 -0.18832 -12.5014 0.998998
1.2047 1.20758 3.63001 0.748412
-29.3342 13.1704 51.6774 0.656212
0.732895 1.03327 1.58795 0.151603
-10.5642 3.48501 11.8672 0.659374
0.712997 0.99815 1.39089 0.131562
-7.49918 2.40117 7.51454 0.566973
0.688591 1.07335 1.48725 0.208914
-5.67436 1.80111 5.79644 0.6749
0.685788 1.11453 1.58875 0.246332
-6.36116 2.25794 6.85472 0.710567
3.31315 24.024 33.4808 0.00294999
-190905 550768 769297 0.00330214
1.29856 25.9852 20.9762 0.00115902
-40.5087 191.666 153.488 0.00149006
-0.127907 -29.8793 -17.6966 0.000181113
7.80297 -52.1663 -29.5702 3.2266e-05
-0.137143 -20.1946 -11.5155 0.000146405
4.79103 -31.9624 -17.4803 6.77486e-05
0.926287 -31.2118 -16.9066 9.96561e-05
42.4299 -329.103 -172.445 3.67815e-05
