camera0:
0.33888 0.261897 0.99988
0.365543 0.167879 0.9998
0.392634 0.161993 0.99981
0.41873 0.156639 0.999821
0.306323 0.185126 0.999763
0.286888 0.191267 0.999739
0.266905 0.196387 0.999703
0.474779 0.1733 0.999895
0.261858 0.217023 0.999784
0.391009 0.325422 0.999932
0.318799 0.349284 0.999911
0.687227 0.555341 0.999474
0.191507 0.582889 0.998748
0.852523 0.959139 0.72154
-0.0414712 0.89769 0.557141
0.974703 1.40373 0.163094
-0.305534 1.08924 0.206775
1.03283 1.53157 0.145155
-0.393999 1.14146 0.192393
0.976558 1.53683 0.22918
-0.36935 1.1266 0.275243
0.94372 1.49518 0.267001
-0.32756 1.12176 0.32615
0.619396 1.45909 0.00248795
0.294608 1.45988 0.00242827
0.610354 2.17601 0.0017183
0.287805 2.1725 0.000712772
0.61883 2.81075 9.50904e-05
0.301836 2.80722 2.89498e-05
0.637614 2.90384 7.3146e-05
0.298459 2.89731 4.19242e-05
0.55264 3.01143 7.95505e-05
0.342018 3.0241 4.30079e-05
camera1:
0.470248 0.286334 0.996215
0.50137 0.180314 0.99365
0.526913 0.171551 0.994747
0.550593 0.162382 0.994415
0.440266 0.201891 0.991277
0.420541 0.207326 0.991308
0.402577 0.210667 0.990553
0.633169 0.159842 0.996743
0.421665 0.216539 0.994496
0.526759 0.341286 0.998576
0.468484 0.379517 0.997007
0.890164 0.529525 0.997137
0.422063 0.563764 0.999021
0.969135 0.956661 0.380506
0.191424 0.859885 0.66207
0.915631 1.42843 0.0970936
-0.0715001 0.913295 0.653706
0.956092 1.57012 0.115109
-0.174282 0.922101 0.562035
0.906826 1.5571 0.175685
-0.181165 0.900673 0.674817
0.889948 1.5045 0.189469
-0.131133 0.91193 0.705572
0.815907 1.45018 0.00163234
0.487101 1.44465 0.00307104
0.79921 2.19788 0.000999997
0.506631 2.19565 0.00111904
0.833505 2.87807 0.000199054
0.547103 2.90201 2.55169e-05
0.854801 2.96809 0.00016703
0.557639 2.99654 6.39572e-05
0.77086 3.08443 0.000110847
0.550617 3.11563 3.55093e-05
fused:
-2.76452 -3.26127 14.7514 0.99988
-2.95016 -5.66225 18.8107 0.9998
-2.36145 -5.63759 18.4596 0.99981
-1.72238 -5.33186 17.222 0.999821
-3.38708 -4.43225 15.3919 0.999763
-3.47367 -4.10173 14.4386 0.999739
-3.78358 -4.07406 14.4673 0.999703
-11.6588 -92.6056 305.868 0.999895
-11.633 -11.9601 43.8887 0.999784
-2.21193 -2.86717 16.7564 0.999932
-6.21316 -4.44745 29.6311 0.999911
-3.956 -0.0741521 -21.499 0.999474
3.17846 -0.122459 -9.24492 0.999021
1.29856 1.23436 3.65768 0.72154
12.952 -5.4894 -21.7228 0.66207
0.650991 0.904395 1.38369 0.163094
-17.6769 5.53332 20.1328 0.653706
0.666705 0.928311 1.29122 0.145155
-8.35458 2.47797 8.58387 0.562035
0.638943 1.01256 1.39406 0.22918
-5.6046 1.66316 5.92188 0.674817
0.638556 1.04913 1.48814 0.267001
-6.78957 2.23592 7.51893 0.705572
4.77818 34.8006 48.4484 0.00248795
4686.52 -13221.4 -18817.3 0.00307104
7.69802 141.175 110.668 0.0017183
7.21269 -32.7883 -26.0867 0.00111904
0.0585346 -16.3859 -9.71078 0.000199054
3.33797 -22.2895 -12.5248 2.89498e-05
0.0127184 -13.6759 -7.81894 0.00016703
2.69635 -17.2742 -9.43087 6.39572e-05
0.556693 -14.4618 -7.75585 0.000110847
4.09443 -32.5628 -16.8373 4.30079e-05
