camera0:
0.337574 0.262102 0.999823
0.364038 0.167979 0.999701
0.3904 0.162222 0.999717
0.41458 0.157027 0.999745
0.304573 0.185584 0.999635
0.285709 0.192217 0.999591
0.266912 0.198471 0.999555
0.468392 0.174779 0.999836
0.265319 0.219599 0.999661
0.391695 0.322928 0.999906
0.316594 0.342133 0.999867
0.681347 0.550403 0.999497
0.192488 0.578395 0.99886
0.843405 0.951526 0.751813
-0.0183044 0.907225 0.608951
0.975471 1.36669 0.154896
-0.31315 1.16889 0.245828
1.03768 1.4872 0.133625
-0.410224 1.23201 0.212561
0.988765 1.4927 0.211897
-0.385682 1.22784 0.299643
0.954549 1.45517 0.249771
-0.339526 1.21894 0.359172
0.613758 1.44356 0.0029816
0.290296 1.45537 0.00301343
0.621169 2.16547 0.00130438
0.302023 2.16895 0.000622225
0.641144 2.8179 7.9926e-05
0.322416 2.82045 2.54345e-05
0.659974 2.91273 6.43259e-05
0.318836 2.91282 3.95263e-05
0.581291 3.02002 6.11398e-05
0.362161 3.03365 3.30479e-05
camera1:
0.459008 0.312008 0.996694
0.491605 0.194551 0.994261
0.519061 0.184182 0.995194
0.543143 0.175219 0.995054
0.42907 0.214894 0.992388
0.410091 0.218199 0.992359
0.393854 0.220465 0.991976
0.629821 0.164983 0.996965
0.423407 0.216001 0.995103
0.51894 0.357892 0.998716
0.458025 0.393581 0.997345
0.890492 0.53793 0.996734
0.422453 0.564824 0.998996
0.945915 0.985251 0.367549
0.201279 0.861449 0.652688
0.915619 1.4801 0.0916108
-0.0644181 0.912926 0.662377
0.93173 1.63077 0.107598
-0.179014 0.941967 0.570014
0.886851 1.61605 0.164292
-0.182002 0.920111 0.679042
0.869623 1.5636 0.178413
-0.131481 0.934039 0.713944
0.821284 1.48536 0.00175522
0.492911 1.46632 0.00348937
0.790951 2.22079 0.00111019
0.495054 2.21246 0.00133978
0.814965 2.90447 0.000186406
0.525586 2.92052 2.8455e-05
0.835693 2.99288 0.000152775
0.537374 3.01556 6.46891e-05
0.747062 3.11141 9.86697e-05
0.52427 3.13847 3.54724e-05
fused:
-2.31865 -2.54969 12.1115 0.999823
-2.40667 -4.43074 15.0189 0.999701
-2.1143 -4.81316 16.0328 0.999717
-1.73158 -4.97797 16.3441 0.999745
-2.73444 -3.45297 12.2356 0.999635
-2.81319 -3.2275 11.5719 0.999591
-3.06542 -3.22657 11.6757 0.999555
9.75153 64.8717 -215.645 0.999836
-9.67568 -10.0532 37.0519 0.999661
-1.81637 -2.25305 13.6419 0.999906
-4.56818 -3.1457 21.3606 0.999867
-2.65933 -0.0643847 -15.0322 0.999497
3.17785 -0.109355 -9.26489 0.998996
1.13675 1.11549 3.28884 0.751813
23.7953 -10.8921 -41.6179 0.652688
0.628978 0.851414 1.31597 0.154896
-43.1666 14.1424 48.6406 0.662377
0.603794 0.810646 1.13446 0.133625
-10.2787 3.29793 10.3462 0.570014
0.57825 0.865322 1.20229 0.211897
-6.89226 2.24789 7.12707 0.679042
0.575844 0.896848 1.28313 0.249771
-8.42928 3.0861 9.16955 0.713944
6.4958 48.4475 67.0908 0.0029816
19.5834 -55.8798 -78.1678 0.00348937
1.06679 18.798 15.0664 0.00130438
-13.6188 64.4851 51.6357 0.00133978
-0.297661 -69.3212 -41.2624 0.000186406
19.5667 -133.266 -75.3272 2.8455e-05
-0.211938 -33.2975 -19.1017 0.000152775
6.23772 -41.2623 -22.5723 6.46891e-05
1.57153 -48.7279 -26.3474 9.86697e-05
-14.0939 111.605 58.2551 3.54724e-05
