camera0:
0.338136 0.261969 0.999852
0.364686 0.16793 0.999758
0.391694 0.16187 0.999771
0.417329 0.156284 0.999789
0.305101 0.186111 0.999705
0.286157 0.192926 0.999672
0.266618 0.199203 0.999633
0.472165 0.173078 0.999875
0.262479 0.219843 0.999736
0.39167 0.325368 0.999921
0.317897 0.349051 0.999891
0.686914 0.555389 0.999457
0.191694 0.58409 0.998687
0.855962 0.959168 0.726586
-0.0301655 0.897654 0.570657
0.970906 1.41296 0.161288
-0.327571 1.07262 0.220274
1.02467 1.54437 0.143137
-0.420116 1.11578 0.199912
0.972479 1.54505 0.225998
-0.403915 1.10011 0.28464
0.939704 1.50448 0.264853
-0.358112 1.10061 0.339
0.620177 1.45859 0.00259529
0.296914 1.46358 0.00254159
0.631644 2.17541 0.00163817
0.310908 2.17228 0.000701391
0.656742 2.82067 8.9813e-05
0.341682 2.81484 2.78356e-05
0.676642 2.91141 6.90746e-05
0.341729 2.90481 4.03866e-05
0.597142 3.0247 7.42197e-05
0.378051 3.02788 4.02682e-05
camera1:
0.468566 0.293267 0.996092
0.499631 0.181958 0.993262
0.526865 0.173448 0.994475
0.550588 0.165661 0.994095
0.436316 0.201875 0.990811
0.416368 0.206576 0.990935
0.398773 0.209048 0.990096
0.635451 0.161359 0.996532
0.418453 0.211127 0.994148
0.526535 0.3494 0.998495
0.464527 0.381121 0.996829
0.88835 0.534865 0.996989
0.416574 0.564678 0.998981
0.96867 0.959226 0.374388
0.187842 0.859118 0.660322
0.934533 1.43957 0.0947092
-0.0987557 0.912935 0.648171
0.957605 1.5773 0.110951
-0.195469 0.928132 0.55211
0.909559 1.56425 0.169801
-0.206746 0.905101 0.666623
0.89343 1.50869 0.184126
-0.161817 0.915164 0.700238
0.813039 1.45713 0.00155006
0.482943 1.44867 0.00292843
0.792081 2.20476 0.000974066
0.496305 2.1982 0.00109124
0.827911 2.87892 0.000192373
0.535446 2.90198 2.49222e-05
0.851112 2.96965 0.000160756
0.544679 2.99647 6.35332e-05
0.758405 3.08683 0.000105369
0.540865 3.11734 3.50362e-05
fused:
-2.77887 -3.21263 14.7118 0.999852
-2.89023 -5.49574 18.2988 0.999758
-2.50391 -5.91175 19.3911 0.999771
-1.8958 -5.74509 18.6092 0.999789
-3.09686 -4.02096 13.9929 0.999705
-3.10512 -3.6482 12.8738 0.999672
-3.34043 -3.58597 12.7751 0.999633
4.86569 36.0016 -118.866 0.999875
-7.80494 -8.08112 29.6029 0.999736
-2.22276 -2.8261 16.8297 0.999921
-5.24616 -3.71777 24.8827 0.999891
-4.17025 -0.127672 -22.7532 0.999457
3.61198 -0.150165 -10.5111 0.998981
1.26017 1.18868 3.51302 0.726586
33.9688 -14.7358 -58.1441 0.660322
0.690193 0.980935 1.4786 0.161288
-12.913 3.94668 14.3234 0.648171
0.679854 0.97792 1.3401 0.143137
-8.44841 2.47501 8.4376 0.55211
0.648428 1.04877 1.42802 0.225998
-5.91302 1.7038 6.01312 0.666623
0.651133 1.09313 1.53355 0.264853
-6.38919 2.04373 6.82979 0.700238
3.0891 22.1775 30.6719 0.00259529
-17.392 50.0291 70.6436 0.00292843
1.30317 18.5539 14.6058 0.00163817
-10.941 53.3866 42.7628 0.00109124
-0.354299 -38.6528 -23.1303 0.000192373
21.6655 -161.668 -91.4169 2.78356e-05
-0.302563 -25.1789 -14.5379 0.000160756
8.32205 -58.2225 -32.1311 6.35332e-05
0.83649 -32.16 -17.4051 0.000105369
-893.615 7836.93 4081.9 4.02682e-05
