camera0:
0.337672 0.264004 0.999825
0.364083 0.170832 0.999713
0.390655 0.164154 0.999726
0.415341 0.158128 0.999757
0.304678 0.191623 0.999645
0.28577 0.1993 0.999594
0.266708 0.206415 0.999562
0.469117 0.174865 0.999849
0.263165 0.225304 0.999667
0.391676 0.324719 0.999909
0.317105 0.347094 0.999869
0.682921 0.551656 0.999465
0.194038 0.579659 0.998744
0.850375 0.957225 0.743575
-0.0165516 0.893547 0.591904
0.975849 1.4017 0.159154
-0.349853 1.05919 0.247165
1.03318 1.52528 0.139474
-0.45122 1.09705 0.217229
0.985758 1.52725 0.220223
-0.439807 1.08031 0.304843
0.951262 1.49169 0.260431
-0.390423 1.08396 0.365177
0.620123 1.4548 0.0028802
0.296063 1.46532 0.00292344
0.630588 2.17292 0.00144663
0.310301 2.17832 0.0006824
0.649435 2.82558 8.33086e-05
0.332601 2.82747 2.68275e-05
0.666649 2.91563 6.67365e-05
0.331217 2.91762 3.99561e-05
0.597484 3.02905 6.52509e-05
0.368547 3.03932 3.54268e-05
camera1:
0.458371 0.316533 0.996334
0.490448 0.193812 0.993613
0.518155 0.183855 0.994704
0.542024 0.175312 0.994462
0.426495 0.213272 0.991476
0.407459 0.216451 0.99154
0.390968 0.218196 0.990974
0.631852 0.166594 0.996638
0.419202 0.214197 0.994576
0.520293 0.358347 0.998577
0.457642 0.394613 0.997045
0.890354 0.537444 0.996801
0.421306 0.565335 0.999006
0.940311 0.983839 0.35776
0.206598 0.855403 0.651325
0.906252 1.47695 0.0886176
-0.0382233 0.915873 0.649946
0.920159 1.60513 0.104556
-0.157386 0.946021 0.554737
0.869834 1.58735 0.160431
-0.16208 0.924741 0.667324
0.85741 1.53258 0.173961
-0.113133 0.935199 0.702598
0.816055 1.48981 0.00159668
0.491262 1.45801 0.00314862
0.792091 2.2126 0.00100528
0.499585 2.20263 0.00114837
0.824896 2.88833 0.000184482
0.537948 2.90383 2.56637e-05
0.847158 2.97775 0.000150828
0.549646 2.99492 6.30954e-05
0.753461 3.09146 9.83831e-05
0.535755 3.12262 3.47622e-05
fused:
-2.29228 -2.48729 11.9632 0.999825
-2.26398 -4.1627 14.1626 0.999713
-1.99644 -4.54841 15.1938 0.999726
-1.59966 -4.62473 15.221 0.999757
-2.46732 -3.10158 11.0798 0.999645
-2.54215 -2.89865 10.4936 0.999594
-2.75855 -2.88115 10.5345 0.999562
5.41332 36.4362 -121.349 0.999849
-7.63559 -7.8289 29.0582 0.999667
-1.8803 -2.32252 14.1339 0.999909
-4.25954 -2.89282 19.9946 0.999869
-2.90896 -0.076913 -16.2804 0.999465
3.34923 -0.124131 -9.81206 0.999006
1.04929 1.01765 2.97265 0.743575
17.5976 -7.80397 -30.8881 0.651325
0.623735 0.873702 1.31262 0.159154
9.88392 -3.01762 -10.6779 0.649946
0.606226 0.845749 1.16498 0.139474
131.167 -39.287 -126.72 0.554737
0.571333 0.883516 1.21289 0.220223
-51.2666 15.0549 50.1443 0.667324
0.575306 0.930365 1.30966 0.260431
231.839 -75.6474 -238.892 0.702598
2.55767 18.0901 24.7812 0.0028802
95.1607 -277.141 -387.022 0.00314862
1.15554 17.3587 13.7732 0.00144663
-17.4618 84.7136 67.7363 0.00114837
-0.200233 -35.712 -21.2873 0.000184482
6.88347 -49.0138 -27.615 2.68275e-05
-0.190858 -23.1004 -13.2692 0.000150828
4.17451 -28.1331 -15.4397 6.30954e-05
1.06085 -37.6794 -20.4151 9.83831e-05
27.5426 -224.819 -117.051 3.54268e-05
