camera0:
0.335175 0.256181 0.999825
0.360544 0.16126 0.999707
0.387025 0.156387 0.999721
0.411953 0.151648 0.99975
0.302048 0.178046 0.99964
0.283663 0.185291 0.999595
0.265461 0.191895 0.999564
0.46815 0.170388 0.999834
0.265136 0.216467 0.999662
0.388778 0.317764 0.999906
0.314032 0.335647 0.999863
0.685385 0.555187 0.999483
0.194572 0.578139 0.998924
0.830403 0.94054 0.734874
-0.00759555 0.889079 0.582235
0.953889 1.38311 0.147837
-0.26812 1.082 0.260234
1.01203 1.50227 0.130087
-0.356882 1.12826 0.228036
0.961612 1.50349 0.206977
-0.334049 1.11324 0.31885
0.92822 1.465 0.242959
-0.289426 1.11034 0.379939
0.615412 1.43471 0.00286956
0.283743 1.43601 0.00296045
0.607719 2.15311 0.00107133
0.289718 2.15208 0.000523425
0.617851 2.80512 6.66654e-05
0.298224 2.80462 2.08544e-05
0.632121 2.89913 5.36112e-05
0.29438 2.89496 3.27096e-05
0.565712 3.0005 5.12395e-05
0.339106 3.0115 2.71809e-05
camera1:
0.45716 0.293695 0.997064
0.483333 0.18708 0.99488
0.507632 0.179628 0.995703
0.529103 0.172712 0.995667
0.428921 0.202709 0.993288
0.412181 0.20541 0.993203
0.396775 0.207409 0.992982
0.616105 0.165591 0.997278
0.428733 0.208577 0.9956
0.516899 0.347511 0.99881
0.459667 0.379061 0.997578
0.887572 0.537022 0.996832
0.414437 0.57172 0.99899
0.941874 0.98486 0.383813
0.183746 0.863364 0.654034
0.949429 1.47213 0.0880123
-0.100081 0.948767 0.656288
0.971131 1.60481 0.10339
-0.21529 0.992884 0.564437
0.92599 1.593 0.158599
-0.215662 0.970531 0.672485
0.908255 1.54318 0.173471
-0.163785 0.978267 0.709419
0.81796 1.48017 0.00166864
0.489788 1.47206 0.0034205
0.79878 2.22892 0.00115585
0.504754 2.218 0.00156449
0.834615 2.91798 0.000177118
0.544544 2.92891 3.36861e-05
0.8561 3.01154 0.000143486
0.554564 3.02453 6.89223e-05
0.771954 3.11427 0.000100349
0.545442 3.14284 3.71417e-05
fused:
-2.27605 -2.60044 11.8093 0.999825
-2.11992 -3.88726 12.9351 0.999707
-1.70588 -3.81979 12.5682 0.999721
-1.28456 -3.60727 11.7512 0.99975
-2.88722 -3.71861 12.804 0.99964
-3.07972 -3.61841 12.5986 0.999595
-3.36353 -3.63693 12.7795 0.999564
-1.96707 -12.767 42.3717 0.999834
-16.0657 -17.0067 61.6287 0.999662
-1.87138 -2.3651 13.7896 0.999906
-5.49731 -3.9742 25.4746 0.999863
-3.89079 -0.134764 -21.4371 0.999483
3.95597 -0.171215 -11.5939 0.99899
1.20144 1.2026 3.61996 0.734874
-16.7009 7.55243 29.8108 0.654034
0.722388 1.04668 1.58995 0.147837
-5.04934 1.85547 6.01137 0.656288
0.693843 0.99622 1.37706 0.130087
-3.72533 1.37419 3.97848 0.564437
0.66637 1.07318 1.47449 0.206977
-3.17634 1.16755 3.48475 0.672485
0.668365 1.12206 1.58923 0.242959
-3.38456 1.35893 3.91613 0.709419
3.58898 25.9864 36.2937 0.00286956
20.7359 -57.8875 -81.3598 0.0034205
1.468 31.9388 25.8151 0.00115585
37.0843 -172.175 -137.63 0.00156449
-0.0192099 -24.005 -14.1633 0.000177118
4.64458 -29.6299 -16.7629 3.36861e-05
-0.0486637 -17.5862 -9.98026 0.000143486
3.36819 -21.5738 -11.7572 6.89223e-05
0.811148 -23.771 -12.8558 0.000100349
11.4756 -85.3935 -44.7209 3.71417e-05
