camera0:
0.337614 0.265347 0.999824
0.36404 0.171671 0.999707
0.390406 0.164735 0.999723
0.414594 0.158631 0.99975
0.304653 0.193234 0.99964
0.285788 0.200913 0.999594
0.266914 0.208016 0.999557
0.468422 0.175423 0.999843
0.265221 0.22585 0.999667
0.391681 0.324933 0.999907
0.31703 0.347424 0.999868
0.682243 0.551464 0.999483
0.194086 0.578793 0.998809
0.847218 0.958938 0.74328
-0.0338119 0.90375 0.6042
0.967085 1.40272 0.15507
-0.325283 1.18669 0.24338
1.02834 1.52832 0.135147
-0.415329 1.25759 0.211755
0.976724 1.53948 0.21418
-0.387495 1.25933 0.2988
0.942169 1.49986 0.253194
-0.344595 1.24673 0.35885
0.619331 1.45527 0.00289767
0.334002 1.49521 0.00293543
0.624076 2.17709 0.00137075
0.302952 2.18234 0.000647563
0.643649 2.82647 8.15655e-05
0.32398 2.83055 2.581e-05
0.663249 2.91947 6.57157e-05
0.321337 2.92338 3.94831e-05
0.581155 3.03102 6.32307e-05
0.360512 3.04539 3.38475e-05
camera1:
0.459707 0.312964 0.996582
0.492324 0.194343 0.994056
0.519989 0.183855 0.995057
0.543928 0.174801 0.994867
0.429121 0.214976 0.992099
0.410018 0.218461 0.992115
0.393528 0.220877 0.991634
0.63133 0.16462 0.996871
0.420169 0.216252 0.994916
0.520266 0.357283 0.99868
0.458238 0.393463 0.997261
0.890396 0.535608 0.996947
0.421287 0.565376 0.999037
0.940304 0.987948 0.379241
0.207413 0.857509 0.659869
0.908698 1.48089 0.0935152
-0.0455878 0.913072 0.661755
0.922053 1.63031 0.10878
-0.159512 0.938576 0.567065
0.871888 1.61722 0.165953
-0.163539 0.919689 0.676441
0.8569 1.56478 0.179664
-0.117051 0.934262 0.710887
0.816075 1.48645 0.00181663
0.491909 1.45996 0.00359607
0.78631 2.2202 0.00113355
0.492829 2.20929 0.00135721
0.800625 2.90508 0.000193814
0.516208 2.92092 2.93772e-05
0.819696 2.99337 0.000158635
0.527414 3.01626 6.74625e-05
0.730979 3.11196 0.000101844
0.507734 3.13898 3.63194e-05
fused:
-2.33196 -2.54685 12.1971 0.999824
-2.40087 -4.40942 15.022 0.999707
-2.1387 -4.86638 16.2587 0.999723
-1.75207 -5.04113 16.5775 0.99975
-2.63289 -3.29665 11.8239 0.99964
-2.69864 -3.06339 11.1404 0.999594
-2.92238 -3.03689 11.166 0.999557
5.95155 39.7556 -132.162 0.999843
-7.2515 -7.45905 27.8065 0.999667
-1.86751 -2.31326 14.0503 0.999907
-4.35505 -2.96559 20.4478 0.999868
-2.82441 -0.0614052 -15.86 0.999483
3.34869 -0.120718 -9.81089 0.999037
1.06633 1.04736 3.05015 0.74328
8.8359 -3.87497 -15.0221 0.659869
0.633059 0.903889 1.36024 0.15507
22.9747 -7.47436 -25.509 0.661755
0.606382 0.85905 1.17541 0.135147
-20.6291 6.60766 20.643 0.567065
0.57455 0.920741 1.24523 0.21418
-9.77947 3.2335 10.0842 0.676441
0.573923 0.960192 1.3341 0.253194
-13.1897 4.88741 14.2503 0.710887
2.80881 20.1335 27.7208 0.00289767
-3.20489 10.8898 15.2023 0.00359607
1.00251 17.5491 14.002 0.00137075
-17.5352 82.0367 65.6238 0.00135721
-0.690071 -421.135 -251.123 0.000193814
73.0846 -491.674 -277.746 2.93772e-05
-0.264352 -64.0182 -36.8215 0.000158635
8.58636 -55.9134 -30.6039 6.74625e-05
2.96644 -82.3775 -44.5372 0.000101844
-8.07019 62.1351 32.3923 3.63194e-05
