camera0:
0.33761 0.262368 0.999824
0.363568 0.168238 0.999711
0.390109 0.162033 0.999726
0.41491 0.156164 0.999755
0.30432 0.18671 0.999644
0.2855 0.193342 0.999595
0.266109 0.199426 0.99956
0.469128 0.172545 0.999849
0.262878 0.219569 0.999671
0.391653 0.32331 0.999908
0.317147 0.345292 0.999868
0.686337 0.552934 0.99945
0.193223 0.581964 0.998706
0.853437 0.95725 0.735921
-0.0175965 0.90167 0.583329
0.972851 1.39842 0.158407
-0.347387 1.05629 0.236903
1.02894 1.52113 0.139432
-0.448387 1.09012 0.210201
0.981906 1.52279 0.220177
-0.441026 1.06917 0.296337
0.947791 1.48705 0.259676
-0.391436 1.07473 0.35436
0.620134 1.45968 0.0027538
0.29592 1.4671 0.00278443
0.629896 2.18013 0.00151242
0.307612 2.17863 0.000696168
0.645166 2.8265 8.53223e-05
0.325534 2.82632 2.73252e-05
0.662067 2.9168 6.77944e-05
0.324138 2.91701 4.05784e-05
0.589522 3.03004 6.78345e-05
0.357049 3.03944 3.69157e-05
camera1:
0.460831 0.316844 0.996274
0.493785 0.193971 0.993492
0.520985 0.183963 0.994617
0.544275 0.175448 0.994364
0.432342 0.21395 0.991237
0.413773 0.217313 0.991313
0.397155 0.219111 0.990716
0.63268 0.167111 0.996579
0.423498 0.214741 0.994418
0.521935 0.358516 0.998526
0.460354 0.394362 0.996937
0.890754 0.536068 0.996758
0.421394 0.564252 0.998975
0.939568 0.98641 0.361952
0.190218 0.858381 0.65653
0.898409 1.48744 0.0903746
-0.0906472 0.913911 0.65622
0.917491 1.62763 0.106878
-0.208216 0.943919 0.561567
0.866176 1.61693 0.164062
-0.205078 0.923652 0.674439
0.85294 1.56355 0.17793
-0.152496 0.935459 0.708884
0.810523 1.5084 0.00156163
0.49086 1.45402 0.00307039
0.792056 2.21287 0.000967124
0.499616 2.19699 0.0011016
0.826404 2.88844 0.000173759
0.540052 2.89386 2.37628e-05
0.849119 2.97891 0.000143542
0.552025 2.98605 5.839e-05
0.753461 3.08566 9.50475e-05
0.535808 3.10581 3.21278e-05
fused:
-2.47738 -2.69543 12.9162 0.999824
-2.62669 -4.83125 16.3574 0.999711
-2.29673 -5.22521 17.3842 0.999726
-1.79373 -5.17438 16.9702 0.999755
-2.98581 -3.7726 13.3616 0.999644
-3.08734 -3.54471 12.7028 0.999595
-3.38632 -3.56251 12.8717 0.99956
3.95214 26.5159 -88.0474 0.999849
-11.8348 -12.2186 44.9069 0.999671
-2.00155 -2.47954 15.0304 0.999908
-4.88695 -3.342 22.9358 0.999868
-3.47538 -0.0944397 -19.0479 0.99945
3.31214 -0.12738 -9.68312 0.998975
1.02689 0.987134 2.88253 0.735921
-501.383 224.668 878.283 0.65653
0.610697 0.859124 1.29229 0.158407
-43.8594 13.1857 47.532 0.65622
0.599734 0.844495 1.15744 0.139432
-10.2595 3.02339 9.94366 0.561567
0.562136 0.877848 1.19699 0.220177
-9.66046 2.77874 9.44004 0.674439
0.56366 0.919665 1.28706 0.259676
-12.865 4.12498 13.2454 0.708884
1.78469 12.6703 17.2261 0.0027538
62.8358 -181.916 -254.707 0.00307039
1.28358 19.1604 15.0867 0.00151242
-38.2743 183.771 146.896 0.0011016
-0.146928 -29.446 -17.4917 0.000173759
4.52733 -31.8885 -17.9179 2.73252e-05
-0.152901 -20.301 -11.6216 0.000143542
3.25929 -21.6677 -11.8661 5.839e-05
0.84189 -28.0236 -15.1279 9.50475e-05
6.59913 -52.8054 -27.3748 3.69157e-05
