camera0:
0.339065 0.266977 0.999871
0.365071 0.178298 0.999783
0.391062 0.170076 0.999776
0.415437 0.163144 0.999817
0.308213 0.199653 0.99977
0.291248 0.2061 0.999717
0.274396 0.212317 0.999735
0.469421 0.174433 0.999861
0.273228 0.226175 0.999799
0.39679 0.327029 0.999926
0.322718 0.352143 0.999916
0.677906 0.530099 0.999739
0.210543 0.570553 0.999564
0.854088 0.918687 0.739298
0.0186242 0.897183 0.676757
0.985611 1.32922 0.154677
-0.237329 1.16935 0.264621
1.04695 1.44409 0.142839
-0.329337 1.23249 0.227166
0.998979 1.44532 0.2202
-0.307925 1.22263 0.304802
0.963495 1.41454 0.251769
-0.26078 1.21413 0.360185
0.631762 1.43169 0.00231784
0.34635 1.4565 0.00254087
0.650652 2.15802 0.000584047
0.341417 2.16822 0.000514983
0.681906 2.82903 4.33337e-05
0.376021 2.83781 1.96507e-05
0.700263 2.92217 3.90715e-05
0.376393 2.93189 3.1035e-05
0.635403 3.02201 3.86943e-05
0.420456 3.03852 2.4761e-05
camera1:
0.490499 0.298317 0.997432
0.514834 0.181627 0.99617
0.539391 0.170286 0.996586
0.566036 0.160143 0.99666
0.460938 0.214739 0.994473
0.442799 0.224997 0.993997
0.42525 0.233323 0.993888
0.63928 0.159362 0.997446
0.450384 0.230704 0.995552
0.545331 0.346949 0.999043
0.487093 0.382462 0.997955
0.886563 0.519289 0.997875
0.427715 0.566225 0.999231
0.950905 0.94264 0.373344
0.194868 0.864285 0.629207
0.987345 1.44431 0.0836902
-0.0936283 0.921294 0.576325
1.01956 1.5791 0.105259
-0.196019 0.93746 0.486815
0.973982 1.56921 0.162029
-0.196872 0.917456 0.600301
0.950492 1.52336 0.163543
-0.144433 0.929658 0.633624
0.818722 1.46557 0.0024127
0.490996 1.46062 0.00434213
0.791393 2.2362 0.00178743
0.502987 2.22627 0.00259434
0.816334 2.95894 0.000486307
0.530151 2.96469 5.87724e-05
0.833827 3.05377 0.000318455
0.537043 3.05981 0.000175849
0.765579 3.15929 0.000164412
0.542054 3.18122 6.09863e-05
fused:
-8.6457 -9.9494 46.0978 0.999871
-5.95567 -11.3445 38.1671 0.999783
-4.73272 -11.2124 36.9201 0.999776
-4.9954 -15.1638 48.9961 0.999817
-8.80789 -11.2622 40.4742 0.99977
-8.10156 -9.34173 34.319 0.999717
-7.65468 -8.04026 30.1133 0.999735
1.9811 13.9237 -45.833 0.999861
13.3024 13.8618 -52.507 0.999799
-4.25088 -5.69522 33.719 0.999926
-363.327 -262.792 1769.23 0.999916
-2.51554 0.161783 -14.5154 0.999739
3.87187 -0.117664 -11.9417 0.999564
1.1234 0.981247 3.14569 0.739298
-9.04996 4.49878 16.9944 0.676757
0.753792 0.960774 1.53281 0.154677
-4.02444 1.54138 4.97993 0.576325
0.730567 0.926672 1.33387 0.142839
-3.59483 1.30968 3.95771 0.486815
0.705481 0.988395 1.41791 0.2202
-3.07658 1.12509 3.47685 0.600301
0.705644 1.03698 1.52372 0.251769
-3.24119 1.32664 3.87808 0.633624
1.93135 12.0204 17.3601 0.0024127
-1.87457 6.64754 9.59227 0.00434213
0.586466 8.98653 7.53764 0.00178743
-2.82164 15.2429 12.3492 0.00259434
0.521092 25.0638 15.0113 0.000486307
-3.22205 24.1807 13.8812 5.87724e-05
0.803547 36.0263 20.7831 0.000318455
-4.7327 35.2201 19.4978 0.000175849
-0.607086 40.3708 22.1702 0.000164412
-2.22762 19.6476 10.4651 6.09863e-05
