camera0:
0.359151 0.253446 0.999865
0.385211 0.159889 0.999774
0.409129 0.155605 0.999766
0.434381 0.152387 0.999809
0.32496 0.17859 0.999763
0.302455 0.186739 0.999707
0.280187 0.193522 0.999727
0.487089 0.17169 0.999855
0.270187 0.216468 0.999795
0.403098 0.315845 0.999923
0.337476 0.34123 0.999915
0.678267 0.520603 0.999734
0.201413 0.56974 0.999563
0.838963 0.91506 0.731426
-0.0153172 0.902596 0.687709
1.01872 1.28677 0.144857
-0.262756 1.2044 0.255408
1.08834 1.3831 0.133086
-0.34719 1.27841 0.215974
1.05505 1.38046 0.206697
-0.3189 1.26172 0.290246
1.01498 1.35902 0.237598
-0.273785 1.24985 0.345227
0.63194 1.42319 0.00230423
0.305266 1.44508 0.00254641
0.650976 2.14874 0.000604304
0.333025 2.16789 0.000529984
0.681297 2.80774 4.53808e-05
0.369753 2.82282 2.05568e-05
0.700049 2.8992 4.11305e-05
0.368465 2.91304 3.28921e-05
0.633391 3.01164 3.90389e-05
0.421644 3.03376 2.57088e-05
camera1:
0.490728 0.273927 0.997288
0.514165 0.174871 0.996002
0.539518 0.166119 0.996429
0.565956 0.158329 0.9965
0.463586 0.195138 0.994181
0.448748 0.200466 0.99367
0.434291 0.204444 0.993544
0.638796 0.161975 0.997308
0.453058 0.213648 0.995286
0.545333 0.327463 0.999008
0.487426 0.35353 0.997859
0.888871 0.536902 0.99781
0.432969 0.550923 0.999235
0.942903 0.928178 0.364876
0.226846 0.869517 0.629417
0.956264 1.42908 0.0824281
-0.0573933 0.951317 0.571695
0.985992 1.56063 0.104161
-0.159541 0.990496 0.481063
0.946585 1.55349 0.159639
-0.156605 0.969962 0.594791
0.923113 1.50493 0.158729
-0.100259 0.938161 0.627115
0.804081 1.44017 0.00256038
0.47547 1.43058 0.00462538
0.782582 2.22184 0.00181198
0.50403 2.20817 0.0026505
0.81283 2.94797 0.000515984
0.529062 2.96251 6.09065e-05
0.827947 3.04 0.0003346
0.535458 3.05897 0.000187628
0.763938 3.15508 0.000169616
0.522012 3.17311 6.3224e-05
fused:
-2.52147 -3.48209 15.2342 0.999865
-2.11211 -4.72 15.4748 0.999774
-1.83352 -5.11919 16.5635 0.999766
-1.46331 -5.4695 17.5218 0.999809
-3.87374 -5.66993 19.3543 0.999763
-5.63184 -7.2826 25.1967 0.999707
-8.9546 -10.3893 36.3053 0.999727
-1.58544 -18.5216 61.4491 0.999855
8.77535 9.45587 -34.3493 0.999795
-2.64512 -4.02266 22.2984 0.999923
-5.38964 -4.66198 28.6291 0.999915
-2.13163 0.101079 -12.4081 0.999734
2.95033 -0.0250244 -8.8585 0.999563
1.16716 1.05251 3.42271 0.731426
7.67726 -3.64929 -13.4978 0.687709
0.650105 0.733004 1.2312 0.144857
-9.97505 3.99415 11.9133 0.571695
0.62947 0.690505 1.05825 0.133086
-6.24683 2.50394 6.71124 0.481063
0.604531 0.703941 1.07889 0.206697
-4.78202 1.92917 5.31468 0.594791
0.60501 0.74519 1.16412 0.237598
-5.74855 2.38813 6.75486 0.627115
1.31607 8.12407 12.0235 0.00256038
-5.27377 14.9033 21.9961 0.00462538
0.521514 7.99958 6.7728 0.00181198
-4.41648 22.61 18.414 0.0026505
0.471081 20.0279 12.0805 0.000515984
-3.09274 23.189 13.3327 6.09065e-05
0.62378 25.1227 14.6167 0.0003346
-4.24575 31.6924 17.5694 0.000187628
-0.512908 35.4735 19.5331 0.000169616
-1.72111 14.8224 7.94348 6.3224e-05
