camera0:
0.330563 0.268039 0.999867
0.359735 0.17943 0.999773
0.386104 0.171206 0.999771
0.41124 0.164128 0.999811
0.301578 0.199885 0.999748
0.284795 0.206091 0.999694
0.268091 0.211886 0.999705
0.46707 0.175702 0.999858
0.273693 0.22475 0.999772
0.385856 0.329939 0.999924
0.313401 0.352978 0.999902
0.6824 0.543916 0.999729
0.217703 0.567435 0.99954
0.8692 0.928538 0.744892
0.0277445 0.891432 0.643302
0.981165 1.35723 0.16253
-0.233441 1.16027 0.268456
1.04041 1.47955 0.150434
-0.32961 1.21946 0.235574
0.9892 1.47905 0.230555
-0.309102 1.20653 0.316212
0.953918 1.44632 0.26351
-0.259781 1.20038 0.372035
0.631207 1.4557 0.00217099
0.309966 1.46574 0.00238915
0.63752 2.19521 0.000507148
0.323436 2.19082 0.000448775
0.669093 2.86081 3.7565e-05
0.35888 2.86461 1.68496e-05
0.690289 2.95402 3.37068e-05
0.360181 2.95764 2.66048e-05
0.613742 3.05086 3.4289e-05
0.396059 3.07029 2.15382e-05
camera1:
0.476527 0.306469 0.997437
0.505997 0.183126 0.995849
0.528755 0.17245 0.996361
0.549187 0.16302 0.996363
0.450518 0.211527 0.99418
0.433848 0.216351 0.993832
0.417949 0.219422 0.993643
0.633777 0.157113 0.997328
0.449268 0.207057 0.995498
0.532414 0.355441 0.998983
0.477407 0.389748 0.997851
0.887514 0.547569 0.997627
0.431144 0.552126 0.999184
0.973717 0.979162 0.365767
0.194173 0.867635 0.634002
1.00034 1.50746 0.0879286
-0.0943538 0.924275 0.597236
1.02948 1.64962 0.10832
-0.203888 0.952796 0.505923
0.983638 1.64102 0.167717
-0.211537 0.927762 0.619883
0.961138 1.58426 0.174778
-0.163716 0.938049 0.654463
0.818578 1.50106 0.0020969
0.486238 1.49138 0.0037997
0.789012 2.2629 0.00156791
0.495025 2.25281 0.0022414
0.814923 2.96465 0.000415134
0.520862 2.97862 5.08024e-05
0.834049 3.05837 0.000278627
0.527488 3.08046 0.000150668
0.742362 3.1767 0.000145449
0.522403 3.19356 5.4427e-05
fused:
-5.97584 -6.42665 30.2832 0.999867
-4.68472 -8.57267 28.9496 0.999773
-3.35141 -7.57294 25.0648 0.999771
-2.21634 -6.36131 20.7166 0.999811
-6.3648 -7.92541 28.3708 0.999748
-6.28832 -7.15963 25.983 0.999694
-6.36918 -6.69254 24.5483 0.999705
3.48267 23.3224 -76.7415 0.999858
29.7361 32.4611 -118.721 0.999772
-4.10371 -4.89144 29.6944 0.999924
-193.26 -130.483 895.626 0.999902
-2.93392 -0.0945193 -16.5842 0.999729
4.20818 -0.0435762 -13.3186 0.99954
1.19463 1.0381 3.20012 0.744892
-6.7545 3.37398 12.9209 0.643302
0.778686 1.04471 1.59457 0.16253
-3.84837 1.47672 4.78755 0.597236
0.747748 1.00789 1.37844 0.150434
-3.40035 1.26748 3.7413 0.505923
0.724884 1.08663 1.48131 0.230555
-2.82256 1.04288 3.18522 0.619883
0.731856 1.14714 1.612 0.26351
-2.80891 1.15642 3.36596 0.654463
1.78628 11.4853 16.0237 0.00217099
-4.97247 15.4967 21.5578 0.0037997
0.603959 12.1559 9.98104 0.00156791
-3.75626 19.2365 15.2929 0.0022414
0.609591 67.7751 40.1517 0.000415134
-4.92265 34.3603 19.5111 5.08024e-05
2.93428 243.084 138.831 0.000278627
-6.90744 48.5603 26.5705 0.000150668
-1.41459 49.0668 26.657 0.000145449
-3.17453 24.8559 13.0953 5.4427e-05
