camera0:
0.331901 0.26949 0.999867
0.360522 0.180769 0.999771
0.386566 0.172684 0.999768
0.411702 0.165659 0.99981
0.302636 0.201505 0.99974
0.28637 0.207726 0.999682
0.270466 0.213692 0.999692
0.466993 0.17706 0.999855
0.27832 0.226336 0.999755
0.387997 0.330178 0.999923
0.315104 0.353022 0.999896
0.682104 0.54364 0.999733
0.222666 0.566328 0.999539
0.864618 0.922202 0.752237
0.0295244 0.888501 0.637619
1.00344 1.35292 0.172353
-0.23627 1.14457 0.279603
1.06978 1.47157 0.159533
-0.331529 1.20228 0.246849
1.02702 1.4768 0.242588
-0.317315 1.19 0.330277
0.989212 1.44528 0.276575
-0.270202 1.18477 0.387329
0.63335 1.45169 0.00211601
0.31272 1.46325 0.00234893
0.637051 2.18922 0.000470699
0.324604 2.18826 0.000420059
0.663636 2.85741 3.48515e-05
0.353994 2.86415 1.55943e-05
0.683766 2.94857 3.11289e-05
0.353418 2.95659 2.46102e-05
0.609384 3.04494 3.20781e-05
0.38652 3.0679 2.00975e-05
camera1:
0.477261 0.308121 0.997432
0.506886 0.18937 0.99581
0.529789 0.178773 0.996301
0.550363 0.169278 0.996371
0.450098 0.214963 0.994201
0.432052 0.220092 0.993792
0.414865 0.223975 0.993697
0.633583 0.161804 0.997314
0.441313 0.217317 0.995454
0.532593 0.356607 0.99898
0.4765 0.394516 0.997836
0.881078 0.540063 0.997648
0.43149 0.557409 0.99918
0.978693 0.957306 0.376668
0.214903 0.865709 0.637015
0.980931 1.48025 0.0928893
-0.0475286 0.933624 0.61068
1.00574 1.62065 0.112636
-0.167627 0.961482 0.520194
0.954778 1.60714 0.173423
-0.171234 0.9373 0.632558
0.932766 1.55675 0.181709
-0.0859671 0.933231 0.667259
0.818571 1.49413 0.00206017
0.487925 1.4858 0.00377181
0.782947 2.25514 0.00155488
0.490925 2.24456 0.00224888
0.800926 2.9549 0.00039803
0.515251 2.96662 4.99113e-05
0.819841 3.04391 0.000266554
0.524299 3.06161 0.000146026
0.734594 3.16505 0.000139842
0.511323 3.18326 5.32709e-05
fused:
-5.72622 -6.16154 29.221 0.999867
-4.96142 -9.00229 30.7072 0.999771
-3.62485 -8.10462 27.0924 0.999768
-2.37978 -6.75955 22.2282 0.99981
-5.91227 -7.33291 26.4554 0.99974
-5.3496 -6.06994 22.2272 0.999682
-5.00502 -5.24249 19.4459 0.999692
3.27755 21.5334 -71.4061 0.999855
-15.6133 -16.9344 63.2586 0.999755
-3.6104 -4.35082 26.537 0.999923
-38.0933 -25.513 177.666 0.999896
-4.04426 -0.0673551 -22.8427 0.999733
4.68307 -0.0775431 -15.0557 0.999539
1.29056 1.10997 3.50342 0.752237
-14.2006 7.05745 27.2657 0.637619
0.711891 0.899028 1.39619 0.172353
-7.3108 2.85684 9.05829 0.61068
0.680481 0.851454 1.19437 0.159533
-4.69466 1.77802 5.15385 0.520194
0.645749 0.880592 1.23282 0.242588
-4.00153 1.496 4.47086 0.632558
0.646627 0.924692 1.32742 0.276575
-6.57788 2.66949 7.78226 0.667259
1.71194 10.744 15.0863 0.00211601
-4.81434 15.0886 21.107 0.00377181
0.537452 10.996 9.08395 0.00155488
-3.43509 17.4398 13.9405 0.00224888
0.206897 47.1424 28.0442 0.00039803
-5.65316 38.1092 21.7054 4.99113e-05
0.799705 114.385 65.6658 0.000266554
-12.2069 82.2761 45.1685 0.000146026
-1.43269 44.9093 24.4919 0.000139842
-3.32503 24.8076 13.1017 5.32709e-05
