camera0:
0.33191 0.267325 0.999865
0.360216 0.179456 0.999768
0.386528 0.1712 0.999766
0.411638 0.164106 0.999806
0.30254 0.199973 0.999746
0.285758 0.206249 0.999693
0.269002 0.212316 0.999705
0.467283 0.175689 0.999854
0.272933 0.226095 0.999773
0.388149 0.328058 0.999922
0.314886 0.352123 0.999902
0.679799 0.541668 0.999737
0.212534 0.570634 0.999544
0.868968 0.926384 0.743803
0.0279283 0.906488 0.654552
0.974754 1.35874 0.153662
-0.204513 1.24807 0.254193
1.03228 1.48299 0.1416
-0.290331 1.32912 0.2201
0.981638 1.49296 0.218616
-0.268118 1.32784 0.297403
0.949436 1.45449 0.249515
-0.225839 1.30844 0.351693
0.629271 1.45544 0.00223528
0.309993 1.46572 0.0024473
0.631456 2.19435 0.000543431
0.312853 2.18689 0.000479299
0.659252 2.85475 4.02271e-05
0.342575 2.85125 1.82297e-05
0.680302 2.95158 3.60367e-05
0.343334 2.94638 2.87652e-05
0.598786 3.04261 3.64711e-05
0.379065 3.05658 2.31536e-05
camera1:
0.477709 0.298916 0.997561
0.506553 0.182744 0.996293
0.529984 0.171949 0.996716
0.553087 0.162107 0.996777
0.452 0.21267 0.994712
0.434967 0.219986 0.994284
0.418671 0.225409 0.994165
0.633394 0.159964 0.997563
0.4494 0.220915 0.99579
0.531381 0.349222 0.999076
0.477173 0.383562 0.998037
0.886584 0.528044 0.9979
0.422179 0.566316 0.999244
0.956847 0.96152 0.375698
0.194316 0.869024 0.636696
1.01892 1.46578 0.0875155
-0.0989624 0.918216 0.592076
1.05944 1.59494 0.108722
-0.224865 0.932953 0.501406
1.02079 1.59217 0.167914
-0.231292 0.90992 0.614024
0.99282 1.54634 0.172622
-0.179488 0.925623 0.647462
0.818079 1.47851 0.00227477
0.490973 1.47619 0.00410716
0.789018 2.24121 0.00170036
0.499503 2.23621 0.00243778
0.815773 2.9578 0.000453973
0.529841 2.96807 5.52198e-05
0.833942 3.05105 0.000302982
0.537139 3.06478 0.000163729
0.756557 3.15819 0.000157
0.535533 3.18139 5.80493e-05
fused:
-5.56166 -6.13424 28.4857 0.999865
-4.67889 -8.59544 29.014 0.999768
-3.482 -7.90581 26.145 0.999766
-2.60633 -7.54096 24.5062 0.999806
-6.64794 -8.2983 29.7543 0.999746
-6.54562 -7.43307 27.1189 0.999693
-6.60109 -6.88264 25.4782 0.999705
3.55048 23.6139 -77.9862 0.999854
17.6262 18.6778 -69.7699 0.999773
-3.22704 -3.99382 23.8307 0.999922
-35.6349 -24.7177 166.692 0.999902
-2.83708 0.0483111 -16.1745 0.999737
4.81071 -0.152424 -14.9332 0.999544
1.07 0.917086 2.86881 0.743803
-6.74286 3.4638 12.9009 0.654552
0.86389 1.16844 1.8023 0.153662
-2.95089 1.18794 3.81129 0.592076
0.856867 1.16571 1.61844 0.1416
-2.38736 0.915738 2.74831 0.501406
0.862167 1.32043 1.81026 0.218616
-2.06254 0.80071 2.44229 0.614024
0.849347 1.34793 1.90393 0.249515
-2.13903 0.93323 2.66987 0.647462
2.18233 14.3966 20.3653 0.00227477
-7.45245 22.7805 32.0784 0.00410716
0.678173 16.1136 13.3215 0.00170036
-8.12313 39.5976 31.591 0.00243778
1.03057 183.582 108.713 0.000453973
-14.8306 100.499 56.9984 5.52198e-05
-1.3442 -170.183 -97.1138 0.000302982
136.598 -927.305 -506.89 0.000163729
5.63794 -170.82 -92.6721 0.000157
-6.68163 50.9958 26.8218 5.80493e-05
