camera0:
0.375666 0.268538 0.999574
0.404104 0.171377 0.999096
0.431377 0.166627 0.999054
0.457577 0.162408 0.999295
0.343412 0.183437 0.998888
0.324315 0.187705 0.998542
0.30485 0.190925 0.998577
0.517733 0.176092 0.99941
0.313794 0.211859 0.9986
0.429264 0.330922 0.999791
0.360551 0.349334 0.999608
0.742001 0.516109 0.999297
0.269607 0.600432 0.999241
0.9293 0.880816 0.64779
0.296392 1.00203 0.13777
1.06359 1.26913 0.155263
0.235462 1.37701 0.066213
1.12826 1.36333 0.160459
0.198729 1.52152 0.0955277
1.0857 1.37963 0.23776
0.231741 1.51318 0.137897
1.04749 1.35145 0.249805
0.260169 1.469 0.149762
0.726774 1.38759 0.00132847
0.413571 1.40464 0.00152836
0.752178 2.07332 8.70192e-05
0.454163 2.09165 5.53434e-05
0.782737 2.67798 6.64463e-06
0.493858 2.6971 1.79192e-06
0.802199 2.76605 6.16906e-06
0.49741 2.78801 4.21081e-06
0.735668 2.86917 9.31782e-06
0.540094 2.89618 7.31919e-06
camera1:
0.0772455 0.842031 0.90622
0.0485857 0.832403 0.900231
0.0478298 0.82217 0.910543
0.0471714 0.811776 0.918941
0.0491083 0.860188 0.884156
0.0488126 0.872125 0.875236
0.0485175 0.884058 0.869526
0.0509264 0.815333 0.925307
0.0528891 0.909947 0.864794
0.094904 0.830174 0.898294
0.095467 0.869987 0.87969
0.149782 0.754463 0.95578
0.165191 1.01094 0.887081
0.309671 0.687353 0.265957
0.31957 0.930817 0.217825
0.382948 0.687059 0.0692377
0.22535 0.762908 0.112972
0.406764 0.677852 0.0837988
0.203001 0.700074 0.116114
0.39132 0.686613 0.107898
0.180734 0.734598 0.147851
0.381159 0.699342 0.109843
0.187373 0.749407 0.143492
0.42519 0.779211 0.191693
0.446941 0.90905 0.188788
0.51469 0.647056 0.0962959
0.56665 0.823332 0.0726679
0.623124 0.637712 0.0891185
0.645833 0.734038 0.0598072
0.627512 0.637667 0.086651
0.646491 0.718046 0.0611314
0.699961 0.604802 0.0920427
0.723592 0.710179 0.0775722
fused:
-0.215402 0.0160636 1.19301 0.999574
-0.177312 -0.0280879 1.10332 0.999096
-0.139264 -0.0253573 1.04841 0.999054
-0.106116 -0.0234939 1.00081 0.999295
-0.277249 -0.0292811 1.24442 0.998888
-0.31396 -0.0291943 1.29564 0.998542
-0.354886 -0.0286873 1.35257 0.998577
-0.0380341 -0.00560078 0.90771 0.99941
-0.333261 -0.00444249 1.32721 0.9986
-0.128969 0.0412589 1.08825 0.999791
-0.236586 0.0601203 1.24914 0.999608
0.157242 0.0787714 0.695658 0.999297
-0.477306 0.343278 1.76532 0.999241
0.271347 0.153963 0.619143 0.64779
-0.702596 0.896391 2.95284 0.217825
0.326974 0.254624 0.584691 0.155263
-0.743883 0.673239 2.47012 0.112972
0.34437 0.241897 0.55814 0.160459
-1.07282 1.08952 2.98867 0.116114
0.336021 0.286101 0.590201 0.23776
-0.784851 0.980656 2.37554 0.147851
0.325147 0.295897 0.609615 0.249805
-0.65661 0.952382 2.18766 0.149762
0.233371 0.172331 0.928484 0.191693
-0.330313 0.793267 3.04839 0.188788
0.311913 0.100188 0.895718 0.0962959
0.228232 0.35532 1.73184 0.0726679
0.335384 0.138274 1.67401 0.0891185
0.372497 0.221507 1.46551 0.0598072
0.340775 0.139528 1.69317 0.086651
0.37173 0.212562 1.5205 0.0611314
0.45337 0.110319 1.78187 0.0920427
0.480138 0.232378 1.73094 0.0775722
