camera0:
0.404968 0.248949 0.999745
0.437777 0.154478 0.999451
0.466107 0.150811 0.999421
0.492723 0.148142 0.999561
0.368333 0.169008 0.999348
0.349246 0.17409 0.99915
0.329436 0.178446 0.999167
0.543332 0.166328 0.999612
0.326121 0.208024 0.999145
0.464116 0.312814 0.99987
0.381071 0.334205 0.999772
0.750855 0.520175 0.999451
0.268952 0.604374 0.999354
0.942088 0.886158 0.668977
0.295743 0.991654 0.123611
1.08339 1.26512 0.141132
0.245756 1.38669 0.0571545
1.14666 1.35645 0.149169
0.212471 1.51532 0.0858621
1.10067 1.36623 0.224776
0.24743 1.50937 0.122095
1.06352 1.33641 0.231416
0.275596 1.46181 0.131225
0.733158 1.37703 0.00147534
0.416433 1.40644 0.00158592
0.764638 2.06028 9.9251e-05
0.463172 2.09017 5.89343e-05
0.788821 2.67428 6.68795e-06
0.498643 2.70084 1.90854e-06
0.805456 2.76234 5.07561e-06
0.501698 2.79247 4.0061e-06
0.746484 2.87388 9.8845e-06
0.552181 2.90069 7.07447e-06
camera1:
0.617889 0.304587 0.96631
0.647453 0.216071 0.964499
0.674494 0.211299 0.968166
0.701277 0.207288 0.971518
0.591344 0.225034 0.958727
0.575279 0.22779 0.955676
0.559856 0.229399 0.954611
0.770998 0.219667 0.975109
0.572043 0.245944 0.955192
0.677438 0.375041 0.966687
0.607192 0.388301 0.960354
0.976349 0.60499 0.984499
0.566691 0.619218 0.963142
1.01426 1.03985 0.372499
0.539846 0.991794 0.325882
0.953783 1.40964 0.0556316
0.496798 1.37334 0.111458
0.956324 1.53819 0.060534
0.452303 1.51157 0.118403
0.898425 1.53439 0.0755361
0.485922 1.48441 0.140588
0.897536 1.48242 0.0807379
0.510961 1.44062 0.143
0.915388 1.37862 0.419655
0.630767 1.36287 0.431853
0.892505 1.99474 0.0779766
0.641425 1.97279 0.108067
0.907045 2.51664 0.0652381
0.659392 2.49981 0.0703665
0.933824 2.61146 0.0983755
0.665894 2.5949 0.123212
0.818437 2.68983 0.0546246
0.66069 2.69572 0.0647907
fused:
0.873314 1.63514 -7.33516 0.999745
0.590887 2.07742 -7.00675 0.999451
0.381346 2.09169 -7.00835 0.999421
0.180819 2.06456 -6.88521 0.999561
0.972858 1.8051 -6.20859 0.999348
1.07855 1.76149 -6.10779 0.99915
1.16571 1.69648 -5.91223 0.999167
-0.146965 1.50379 -5.25164 0.999612
1.00194 1.34933 -5.02428 0.999145
0.416375 1.19818 -7.22195 0.99987
0.921079 0.989897 -6.36658 0.999772
-2.13936 -0.175782 -8.75666 0.999451
0.921204 -0.157133 -3.49818 0.999354
1.03592 0.717825 2.29388 0.668977
1.76342 -2.46136 -7.38586 0.325882
0.601537 0.585593 1.00616 0.141132
2.36197 -5.07369 -7.88462 0.111458
0.570949 0.557715 0.863391 0.149169
3.77363 -8.52725 -11.2618 0.118403
0.542769 0.582489 0.883936 0.224776
3.09119 -7.71742 -10.3354 0.140588
0.555855 0.615012 0.965974 0.231416
2.89104 -7.6848 -10.7953 0.143
0.601213 0.630004 1.17254 0.419655
0.360575 0.518768 0.987378 0.431853
0.49701 0.595895 0.752035 0.0779766
0.384395 0.506682 0.660273 0.108067
0.475969 0.603009 0.628626 0.0652381
0.392107 0.537579 0.573768 0.0703665
0.482168 0.611395 0.618965 0.0983755
0.394144 0.541917 0.562363 0.123212
0.439944 0.580733 0.580631 0.0546246
0.392778 0.543206 0.548796 0.0647907
