camera0:
0.413129 0.245596 0.999731
0.44693 0.153434 0.999421
0.475094 0.149126 0.999388
0.498403 0.146211 0.999539
0.372784 0.170177 0.999307
0.353528 0.176463 0.999094
0.335012 0.182252 0.999118
0.542052 0.163981 0.999595
0.325679 0.212758 0.999106
0.475003 0.309684 0.999863
0.383842 0.332202 0.999757
0.746238 0.515673 0.999433
0.265811 0.607463 0.999341
0.943027 0.88564 0.664424
0.287655 1.00875 0.11965
1.10076 1.25363 0.147899
0.248552 1.40247 0.059278
1.17295 1.3464 0.156142
0.216767 1.55077 0.0890645
1.1297 1.36059 0.234072
0.253649 1.54025 0.126574
1.08799 1.33228 0.24074
0.28117 1.49156 0.135652
0.732455 1.37994 0.0013724
0.412697 1.40933 0.00150743
0.762244 2.06873 9.08754e-05
0.463505 2.09849 5.49981e-05
0.787742 2.67659 6.35309e-06
0.497548 2.7057 1.82639e-06
0.803533 2.76563 4.89647e-06
0.498913 2.79953 3.80426e-06
0.746855 2.88186 9.65476e-06
0.554513 2.90785 7.12151e-06
camera1:
0.475321 0.217782 0.953902
0.490482 0.136954 0.951516
0.503554 0.128219 0.956577
0.525015 0.121781 0.961104
0.451868 0.170511 0.943647
0.435972 0.174033 0.939565
0.426601 0.177857 0.938018
0.590046 0.132494 0.965974
0.490258 0.227039 0.93877
0.534588 0.276224 0.954351
0.49096 0.312196 0.945713
0.868438 0.444958 0.979502
0.485785 0.520525 0.949973
1.00874 0.805583 0.311909
0.501404 0.856891 0.354885
1.05981 1.12015 0.0607481
0.550066 1.15248 0.130689
1.09209 1.19594 0.0688058
0.573474 1.24351 0.138307
1.05624 1.19873 0.0798125
0.57429 1.21554 0.152872
1.03472 1.17032 0.0829602
0.579113 1.17603 0.149789
0.80033 1.05987 0.574835
0.588938 1.07212 0.591172
0.77809 1.4435 0.106894
0.575149 1.42018 0.148156
0.767164 1.79419 0.0894833
0.576133 1.79628 0.0965227
0.772604 1.85303 0.13494
0.574298 1.85994 0.169006
0.749646 1.94435 0.0749239
0.608706 1.96227 0.0888658
fused:
-0.467212 -1.0831 4.43966 0.999731
-0.278442 -1.22331 3.94664 0.999421
-0.143169 -1.09386 3.50484 0.999388
-0.0551402 -1.08281 3.44636 0.999539
-0.836829 -1.66236 5.59079 0.999307
-0.96989 -1.68262 5.71587 0.999094
-1.19071 -1.84071 6.30459 0.999118
0.12451 -1.2051 3.98955 0.999595
54.5167 72.887 -273.385 0.999106
-0.169549 -0.813501 4.23735 0.999863
-1.03041 -1.32379 7.5131 0.999757
1.47367 -0.221301 5.90331 0.999433
3.04345 -0.136811 -11.6285 0.999341
1.03974 0.621629 2.29948 0.664424
3.60892 -3.49865 -14.8475 0.354885
0.79706 0.703273 1.30869 0.147899
1.04929 -1.7111 -3.38777 0.130689
0.769096 0.67083 1.13607 0.156142
0.793418 -1.41594 -2.24329 0.138307
0.777692 0.763258 1.22206 0.234072
0.842995 -1.72971 -2.69585 0.152872
0.79035 0.805189 1.33021 0.24074
0.885598 -1.95247 -3.1684 0.149789
0.522966 0.448475 1.25529 0.574835
0.330139 0.382157 1.05662 0.591172
0.463277 0.49769 0.896384 0.106894
0.347481 0.420218 0.783922 0.148156
0.441728 0.528474 0.748927 0.0894833
0.357222 0.470841 0.675891 0.0965227
0.442566 0.535005 0.733902 0.13494
0.357733 0.476793 0.661242 0.169006
0.429549 0.534339 0.700957 0.0749239
0.372143 0.495089 0.650631 0.0888658
