camera0:
0.373028 0.264123 0.999848
0.399551 0.175172 0.999632
0.424926 0.17104 0.999621
0.449152 0.167691 0.99971
0.342555 0.185498 0.999601
0.325048 0.189239 0.999514
0.307034 0.191634 0.999575
0.499728 0.185498 0.99971
0.300189 0.213511 0.99957
0.423251 0.324485 0.999908
0.351811 0.339048 0.999872
0.703168 0.565892 0.999471
0.229462 0.58352 0.999558
0.774095 0.968227 0.52759
0.209127 0.998215 0.273901
0.804923 1.37376 0.0623353
0.181063 1.38028 0.0715574
0.840736 1.48738 0.0741067
0.148641 1.51067 0.0826153
0.794394 1.48168 0.121455
0.1871 1.49582 0.121075
0.772852 1.43783 0.133822
0.227482 1.4641 0.137978
0.637883 1.41877 0.00405012
0.362595 1.40591 0.00511789
0.650927 2.04153 0.000299686
0.372074 2.04888 0.000172172
0.664095 2.61842 2.7542e-05
0.403878 2.62131 5.34253e-06
0.676906 2.70483 3.24979e-05
0.407799 2.71046 1.36713e-05
0.618258 2.81519 2.61826e-05
0.442212 2.81164 1.88682e-05
camera1:
0.708765 0.261087 0.999254
0.735477 0.159353 0.998679
0.758366 0.149245 0.998586
0.784828 0.139285 0.998596
0.674528 0.188645 0.998519
0.656924 0.196535 0.998305
0.641498 0.201389 0.998496
0.861869 0.15284 0.998904
0.655525 0.210851 0.998691
0.762684 0.318709 0.999689
0.70663 0.337596 0.999557
1.09724 0.532983 0.99148
0.661039 0.550161 0.997034
1.16766 1.01505 0.391635
0.638927 0.948621 0.305483
1.07988 1.32886 0.051786
0.643824 1.2871 0.0894994
1.08225 1.44763 0.0472129
0.634283 1.3937 0.0787708
1.02621 1.42554 0.0747528
0.656658 1.36423 0.1233
1.02055 1.36794 0.0792602
0.669421 1.32011 0.132717
1.01901 1.32991 0.006699
0.741692 1.30844 0.00747685
0.978805 1.91526 0.00233777
0.745545 1.89763 0.00198922
0.99935 2.45995 0.000288301
0.766489 2.4508 9.38436e-05
1.02437 2.56144 0.000156221
0.777144 2.5484 0.000356161
0.914617 2.6472 0.000193302
0.75165 2.66642 0.000432018
fused:
0.350267 0.591746 -2.42866 0.999848
0.271038 0.777866 -2.42002 0.999632
0.206318 0.797445 -2.44769 0.999621
0.138812 0.79582 -2.41037 0.99971
0.438045 0.769533 -2.50088 0.999601
0.489082 0.764368 -2.51695 0.999514
0.533656 0.753303 -2.49721 0.999575
0.00654749 0.649709 -2.04885 0.99971
0.492262 0.6496 -2.24092 0.99957
0.215909 0.452444 -2.34401 0.999908
0.370174 0.40139 -2.19697 0.999872
-0.365474 -0.00194674 -1.80079 0.999471
0.492169 -0.00524617 -1.63118 0.999558
-0.572069 -0.750135 -2.10354 0.52759
0.567679 -0.579874 -1.71457 0.305483
-2.27532 -4.90814 -7.7772 0.0623353
0.571544 -0.980141 -1.54932 0.0894994
-11.4881 -25.4365 -34.9236 0.0741067
0.584041 -1.0786 -1.44517 0.0826153
-9.2378 -23.8639 -32.9745 0.121455
0.546142 -1.08052 -1.49514 0.1233
-3.24145 -8.6511 -12.5081 0.133822
0.525479 -1.12744 -1.62857 0.137978
-0.229412 -1.33611 -2.12079 0.006699
0.385161 -1.3477 -2.13581 0.00747685
-0.157763 -2.6873 -2.58299 0.00233777
0.453043 -2.2087 -2.06597 0.00198922
-0.0192911 -2.98789 -2.04854 0.000288301
0.469458 -3.00079 -2.0061 9.38436e-05
-0.0406888 -2.99819 -1.94783 0.000156221
0.457138 -3.06622 -1.95168 0.000356161
0.14547 -3.68832 -2.30987 0.000193302
0.545624 -4.0921 -2.50838 0.000432018
