camera0:
0.371855 0.269614 0.999614
0.399868 0.172054 0.999175
0.426459 0.167276 0.999144
0.453484 0.162971 0.999357
0.340528 0.184884 0.998983
0.321798 0.189701 0.998675
0.302942 0.193416 0.998706
0.517166 0.177136 0.999462
0.314225 0.215806 0.998738
0.425634 0.332062 0.999809
0.358768 0.350895 0.999642
0.742422 0.516007 0.99933
0.270363 0.599775 0.999282
0.93073 0.880055 0.645656
0.29316 0.997038 0.141072
1.06161 1.27721 0.159576
0.243159 1.37618 0.0687273
1.12498 1.37702 0.164541
0.208455 1.51959 0.0985045
1.07827 1.39138 0.243437
0.24299 1.50913 0.142196
1.04076 1.36037 0.255752
0.270218 1.46382 0.154265
0.727132 1.38761 0.00137443
0.413743 1.40361 0.00158924
0.752083 2.0732 9.10679e-05
0.453986 2.0915 5.72751e-05
0.7819 2.67702 7.05103e-06
0.49321 2.69714 1.84689e-06
0.801203 2.76452 6.62152e-06
0.49665 2.78839 4.38697e-06
0.734457 2.86914 9.72655e-06
0.540187 2.896 7.63841e-06
camera1:
0.0299039 0.87848 0.899408
-0.00750148 0.864585 0.891948
-0.00865746 0.848433 0.902778
-0.00975561 0.83235 0.911998
-0.00621873 0.907126 0.876161
-0.00635254 0.924764 0.867173
-0.00646114 0.942262 0.861827
-0.00330091 0.852703 0.918371
0.00217122 0.971803 0.856052
0.0545034 0.851648 0.89128
0.0566694 0.912019 0.872361
0.0983618 0.755755 0.951278
0.137625 1.05087 0.878848
0.280538 0.685936 0.273452
0.320269 0.929841 0.223273
0.383298 0.675464 0.0599101
0.280909 0.737273 0.101237
0.4171 0.656318 0.0727896
0.279336 0.677762 0.103369
0.398485 0.677592 0.0975622
0.24579 0.695651 0.138104
0.385779 0.694907 0.0986466
0.246806 0.710596 0.137228
0.422215 0.78251 0.102293
0.447983 0.928756 0.100205
0.507901 0.629716 0.0506189
0.570196 0.824995 0.0333333
0.589126 0.595393 0.0343431
0.631285 0.724958 0.0223132
0.595773 0.596621 0.0319083
0.6308 0.704939 0.0227777
0.663473 0.547758 0.0335317
0.714407 0.701654 0.0317738
fused:
-0.202381 0.0311446 1.09571 0.999614
-0.166531 -0.0119374 1.00745 0.999175
-0.132987 -0.0120366 0.963118 0.999144
-0.101785 -0.0123566 0.922109 0.999357
-0.25275 -0.00498504 1.11844 0.998983
-0.283749 -0.00165689 1.1577 0.998675
-0.317425 0.00248751 1.20019 0.998706
-0.0356895 0.00896605 0.842662 0.999462
-0.296511 0.025187 1.18413 0.998738
-0.124913 0.047724 1.02043 0.999809
-0.221235 0.0742013 1.15604 0.999642
0.149963 0.0764498 0.662362 0.99933
-0.433488 0.334852 1.61032 0.999282
0.265535 0.14845 0.603604 0.645656
-0.72917 0.912775 3.02201 0.223273
0.33025 0.279851 0.592826 0.159576
-0.98232 0.965192 3.31269 0.101237
0.350914 0.275802 0.574947 0.164541
-2.0067 2.31949 5.65327 0.103369
0.340939 0.316934 0.607671 0.243437
-1.05638 1.42829 3.29653 0.142196
0.329001 0.324741 0.624611 0.255752
-0.819265 1.26058 2.82483 0.154265
0.232055 0.173543 0.924765 0.102293
-0.347645 0.855856 3.11486 0.100205
0.319307 0.088545 0.834602 0.0506189
0.0645037 0.605438 3.00068 0.0333333
0.322165 0.0825545 1.32931 0.0343431
0.354391 0.212317 1.46727 0.0223132
0.334552 0.0833502 1.27979 0.0319083
0.348022 0.204519 1.57784 0.0227777
0.464305 -0.044756 -9.81212 0.0335317
0.469691 0.234496 1.85047 0.0317738
