camera0:
0.37402 0.270813 0.999851
0.399868 0.177026 0.999635
0.425015 0.172434 0.999622
0.449167 0.168889 0.999713
0.342744 0.190603 0.999605
0.325155 0.196047 0.999517
0.307174 0.201062 0.999581
0.499787 0.186375 0.999708
0.298949 0.223827 0.999574
0.424422 0.329563 0.999909
0.35259 0.346534 0.999874
0.703122 0.566471 0.999479
0.228405 0.585997 0.999557
0.774654 0.972226 0.534304
0.214571 1.00187 0.27927
0.793445 1.37368 0.0606856
0.202716 1.38574 0.0728889
0.83914 1.48763 0.0717788
0.178753 1.51867 0.083217
0.792131 1.48255 0.118364
0.214288 1.50228 0.121684
0.771854 1.43803 0.130787
0.244799 1.46639 0.138901
0.638841 1.41326 0.00418244
0.366159 1.40938 0.00531085
0.651398 2.0413 0.000309347
0.376923 2.04873 0.000178468
0.664588 2.61642 2.76566e-05
0.410065 2.61838 5.46543e-06
0.677193 2.70351 3.29101e-05
0.413279 2.70709 1.39298e-05
0.620502 2.80865 2.62196e-05
0.452058 2.80748 1.89603e-05
camera1:
0.703097 0.261137 0.999418
0.728257 0.157946 0.998985
0.750365 0.147288 0.99891
0.771188 0.136599 0.998972
0.672673 0.186717 0.998777
0.655603 0.194217 0.998554
0.640447 0.198058 0.998708
0.851372 0.141303 0.999169
0.655147 0.197868 0.998803
0.759024 0.318713 0.999754
0.705253 0.336676 0.999633
1.09434 0.532105 0.99425
0.667335 0.54943 0.997414
1.17671 1.02666 0.41805
0.63946 0.949069 0.290172
1.11989 1.41002 0.055745
0.641251 1.29052 0.0882984
1.13376 1.54352 0.0505244
0.623766 1.39422 0.0787932
1.06989 1.53765 0.0800326
0.648106 1.36975 0.122936
1.06137 1.47934 0.0847743
0.663731 1.32923 0.133037
1.01609 1.31529 0.00728056
0.743073 1.30172 0.00803187
0.980831 1.92117 0.0020666
0.746781 1.90343 0.00179599
1.00387 2.44798 0.000260488
0.768386 2.43611 7.63562e-05
1.0301 2.53893 0.000148825
0.778643 2.52711 0.000300215
0.915886 2.6351 0.000180084
0.754023 2.6355 0.000368068
fused:
0.363878 0.611929 -2.54886 0.999851
0.283989 0.816059 -2.54653 0.999635
0.217476 0.841459 -2.58759 0.999622
0.152074 0.870916 -2.64379 0.999713
0.444912 0.780801 -2.55237 0.999605
0.495808 0.772624 -2.56421 0.999517
0.541288 0.760735 -2.54881 0.999581
0.00403278 0.704805 -2.20224 0.999708
0.498161 0.6611 -2.27885 0.999574
0.219658 0.461773 -2.42557 0.999909
0.373944 0.401801 -2.23822 0.999874
-0.371432 -0.00183612 -1.82974 0.999479
0.479057 -0.0060198 -1.58268 0.999557
-0.547752 -0.727332 -2.00885 0.534304
0.569152 -0.599883 -1.7494 0.290172
-1.26041 -2.89959 -4.39749 0.0606856
0.587883 -1.07804 -1.69753 0.0882984
-3.05807 -6.88339 -9.15162 0.0717788
0.622905 -1.24417 -1.66727 0.083217
-3.24582 -8.54306 -11.3923 0.118364
0.57663 -1.23777 -1.70951 0.122936
-1.99141 -5.39347 -7.53682 0.130787
0.546187 -1.24657 -1.79485 0.138901
-0.232535 -1.32725 -2.14839 0.00728056
0.380914 -1.34223 -2.14341 0.00803187
-0.164918 -2.71112 -2.59438 0.0020666
0.451184 -2.26993 -2.11795 0.00179599
-0.016728 -2.88025 -1.9815 0.000260488
0.463439 -2.97379 -2.00274 7.63562e-05
-0.0318291 -2.81989 -1.84203 0.000148825
0.451381 -2.9966 -1.92489 0.000300215
0.141584 -3.65244 -2.29873 0.000180084
0.533465 -3.96844 -2.46421 0.000368068
