camera0:
0.386803 0.266181 0.999661
0.412253 0.171683 0.99926
0.439172 0.166833 0.999227
0.464137 0.162277 0.999421
0.351126 0.184377 0.9991
0.331538 0.189537 0.998829
0.311467 0.193644 0.998854
0.520255 0.173553 0.99951
0.313811 0.217227 0.998867
0.443154 0.327613 0.99983
0.369993 0.348759 0.999685
0.740596 0.520033 0.999374
0.268583 0.598842 0.99933
0.936869 0.886918 0.65568
0.298568 0.99829 0.125717
1.07097 1.28653 0.141749
0.250573 1.38585 0.0617133
1.13288 1.3855 0.148688
0.217206 1.51476 0.0911095
1.08649 1.39911 0.223065
0.253652 1.5073 0.130194
1.05063 1.36801 0.23218
0.280332 1.46127 0.140207
0.728058 1.38728 0.00126028
0.411723 1.41452 0.00143828
0.758381 2.07266 7.99322e-05
0.455926 2.09868 5.39463e-05
0.789099 2.68091 5.75707e-06
0.493142 2.70912 1.76561e-06
0.806929 2.76999 4.84857e-06
0.49722 2.80378 3.78082e-06
0.746087 2.88004 8.6742e-06
0.542414 2.91057 6.73251e-06
camera1:
0.177026 0.399542 0.930867
0.168666 0.384182 0.926866
0.168691 0.384711 0.934377
0.164474 0.387875 0.940489
0.169035 0.385574 0.915154
0.173802 0.389108 0.908606
0.174545 0.390439 0.904467
0.1561 0.407219 0.945304
0.170236 0.406043 0.901202
0.180532 0.419241 0.925111
0.180158 0.42058 0.911709
0.135989 0.5116 0.967486
0.231199 0.492191 0.917416
0.131645 0.615002 0.303787
0.281864 0.597935 0.3039
0.148795 0.58127 0.0675802
0.298498 0.553647 0.111515
0.147887 0.578921 0.0818695
0.313908 0.54745 0.119551
0.156365 0.564269 0.0990236
0.302784 0.533166 0.141258
0.158965 0.567148 0.0992275
0.294799 0.536236 0.136549
0.220546 0.715805 0.410314
0.269269 0.701881 0.408271
0.240259 0.77555 0.101429
0.333865 0.73045 0.104367
0.236543 0.895582 0.0971097
0.375879 0.8254 0.0787509
0.248832 0.931243 0.126714
0.377036 0.853915 0.119672
0.250512 0.905755 0.0841832
0.404264 0.817211 0.077298
fused:
-0.211181 -0.210384 1.39391 0.999661
-0.178732 -0.255883 1.33431 0.99926
-0.134664 -0.23756 1.25757 0.999227
-0.0976657 -0.21891 1.18426 0.999421
-0.302941 -0.3032 1.55102 0.9991
-0.35706 -0.324543 1.6603 0.998829
-0.415624 -0.34638 1.76574 0.998854
-0.0264182 -0.170309 1.04353 0.99951
-0.397463 -0.30845 1.7145 0.998867
-0.107135 -0.136055 1.20901 0.99983
-0.232267 -0.160024 1.42544 0.999685
0.158512 0.0182352 0.68205 0.999374
-0.563234 0.0143152 2.17604 0.99933
0.241204 0.123811 0.538749 0.65568
-0.439303 0.160551 2.16041 0.3039
0.282375 0.196758 0.497953 0.141749
-0.704155 0.399988 2.81888 0.111515
0.296146 0.183692 0.473773 0.148688
-1.68698 1.4148 5.28044 0.119551
0.288478 0.23452 0.507722 0.223065
-1.18055 1.31892 4.01256 0.141258
0.280025 0.242932 0.52382 0.23218
-0.874074 1.14384 3.25132 0.140207
0.183894 0.110252 0.713207 0.410314
-0.0652166 0.155369 1.30531 0.408271
0.160634 0.143936 0.779392 0.101429
0.151468 0.145562 0.957504 0.104367
0.15637 0.197496 0.778193 0.0971097
0.198572 0.194156 0.913842 0.0787509
0.165404 0.212482 0.774537 0.126714
0.203345 0.206878 0.90031 0.119672
0.16249 0.203536 0.783584 0.0841832
0.209807 0.196546 0.947944 0.077298
