camera0:
0.331486 0.249901 0.99979
0.356935 0.154011 0.999504
0.384184 0.14928 0.999478
0.409962 0.145808 0.999577
0.294602 0.16979 0.99946
0.274175 0.176132 0.999355
0.252716 0.181772 0.999384
0.463851 0.167949 0.999586
0.24517 0.21166 0.999401
0.386683 0.314884 0.999866
0.312813 0.335972 0.999821
0.663218 0.518035 0.99931
0.187849 0.603858 0.999273
0.877121 0.886008 0.543518
0.196961 1.01821 0.204602
1.01487 1.26791 0.123319
0.190335 1.44586 0.0665497
1.08061 1.37094 0.132161
0.168816 1.58154 0.0852344
1.03262 1.38485 0.201048
0.208772 1.56709 0.125692
0.993714 1.3533 0.21361
0.231781 1.51811 0.139828
0.666582 1.37225 0.00285653
0.351444 1.41272 0.00328212
0.70542 2.05829 0.000229117
0.402991 2.10036 0.000114959
0.738096 2.66213 1.81655e-05
0.453427 2.69751 3.44223e-06
0.753447 2.75485 1.97162e-05
0.456727 2.79092 8.53365e-06
0.707602 2.86227 1.91935e-05
0.522609 2.9017 1.36235e-05
camera1:
0.117723 0.692609 0.950587
0.120162 0.65377 0.947799
0.123408 0.651873 0.954231
0.126738 0.650275 0.956751
0.111419 0.664294 0.944351
0.106821 0.669813 0.945345
0.102275 0.675212 0.942906
0.122652 0.686984 0.962331
0.0896416 0.720668 0.955894
0.118786 0.738286 0.940524
0.103989 0.752363 0.936575
0.14897 0.881662 0.956446
0.0573365 0.974133 0.924694
0.37082 1.12515 0.309831
0.132863 1.16915 0.249324
0.291948 1.0559 0.0485256
0.111046 1.06868 0.0801504
0.278455 1.04153 0.0552406
0.119728 1.06806 0.0792707
0.272594 0.992888 0.0811559
0.0948279 1.02314 0.120109
0.276645 1.00181 0.0810451
0.08438 1.02531 0.12452
0.272031 1.71269 0.00464284
0.164195 1.7386 0.00567289
0.321233 1.63524 0.00988406
0.189812 1.5497 0.00520771
0.331217 2.00695 0.00235229
0.287309 1.95693 0.00196637
0.338087 2.07405 0.00328208
0.304228 2.02053 0.00318626
0.337377 2.05667 0.00309878
0.297307 2.05117 0.00311221
fused:
-0.327926 -0.0718619 1.45163 0.99979
-0.296592 -0.143749 1.42599 0.999504
-0.243046 -0.132628 1.34732 0.999478
-0.197428 -0.123418 1.2808 0.999577
-0.443014 -0.161689 1.6336 0.99946
-0.497723 -0.164322 1.70474 0.999355
-0.561565 -0.169816 1.78931 0.999384
-0.109184 -0.0717138 1.1245 0.999586
-0.556018 -0.108329 1.7349 0.999401
-0.203968 -0.0015233 1.24849 0.999866
-0.341232 0.00632663 1.42607 0.999821
0.109831 0.118476 0.769911 0.99931
-0.578734 0.301715 1.61969 0.999273
0.266544 0.229363 0.695491 0.543518
-0.644882 0.813705 1.89375 0.249324
0.293284 0.29336 0.572063 0.123319
-0.762732 1.03434 2.03527 0.0801504
0.308179 0.296622 0.541615 0.132161
-1.04087 1.55656 2.54503 0.0852344
0.296137 0.320387 0.571582 0.201048
-0.715325 1.12221 1.95138 0.125692
0.286639 0.33225 0.593704 0.21361
-0.580226 0.979034 1.72042 0.139828
0.136907 0.58882 0.827363 0.00464284
-0.195911 0.968421 1.23068 0.00567289
0.0718854 0.744323 1.05409 0.00988406
-0.392857 1.14664 1.62958 0.00520771
-0.0611143 1.29902 1.34593 0.00235229
0.0528707 0.898554 1.00885 0.00196637
-0.0737658 1.40166 1.38736 0.00328208
-0.306792 1.81406 1.78816 0.00318626
-0.213733 1.75119 1.70356 0.00309878
-0.791495 2.96637 2.75461 0.00311221
