camera0:
0.383027 0.260115 0.999698
0.410361 0.16673 0.99935
0.43843 0.161997 0.999314
0.465183 0.157487 0.999486
0.347875 0.179402 0.999223
0.327666 0.184611 0.998985
0.307132 0.188774 0.999012
0.522525 0.171541 0.999552
0.30933 0.213135 0.999006
0.43685 0.321627 0.999851
0.366103 0.342553 0.999732
0.73673 0.513928 0.999421
0.265487 0.601626 0.99937
0.932863 0.87717 0.67447
0.298461 0.998436 0.121286
1.07269 1.25069 0.143935
0.254911 1.39141 0.06017
1.13908 1.34138 0.150524
0.21661 1.53035 0.0895783
1.09562 1.35372 0.22541
0.25241 1.52077 0.126958
1.05676 1.32509 0.231854
0.279118 1.47329 0.13613
0.722247 1.38081 0.00134793
0.407169 1.40659 0.00150562
0.75283 2.07072 8.83981e-05
0.455889 2.0942 5.64021e-05
0.783001 2.68117 6.41773e-06
0.49271 2.70534 1.92343e-06
0.801026 2.76954 4.8557e-06
0.495573 2.79738 4.00146e-06
0.738083 2.8768 9.68361e-06
0.540445 2.90733 7.31003e-06
camera1:
0.205817 0.376127 0.954074
0.197596 0.361841 0.951679
0.193674 0.36356 0.956564
0.191019 0.364934 0.960649
0.205165 0.35925 0.943938
0.2082 0.358462 0.939516
0.210984 0.357724 0.936911
0.187544 0.375776 0.963872
0.216758 0.364697 0.934849
0.205679 0.392589 0.95047
0.212576 0.391237 0.941701
0.167522 0.490994 0.97825
0.282383 0.440079 0.945433
0.162418 0.623003 0.273592
0.323968 0.534134 0.357027
0.199495 0.572145 0.0564842
0.307684 0.523076 0.134652
0.20561 0.560443 0.0686107
0.309357 0.519426 0.14577
0.213575 0.544348 0.0791253
0.297819 0.513178 0.160136
0.213526 0.549899 0.0805299
0.294825 0.51669 0.154757
0.244351 0.708621 0.611787
0.319157 0.673325 0.610563
0.27943 0.780461 0.11701
0.362469 0.794967 0.156773
0.313584 0.918181 0.0993192
0.396481 0.926725 0.106853
0.319254 0.946704 0.149829
0.394878 0.957111 0.187122
0.335118 0.921395 0.0830401
0.424256 0.934654 0.0979298
fused:
-0.233153 -0.247288 1.51294 0.999698
-0.193364 -0.290773 1.43517 0.99935
-0.142057 -0.264541 1.32984 0.999314
-0.0999844 -0.243611 1.24614 0.999486
-0.342344 -0.362006 1.73724 0.999223
-0.405596 -0.391656 1.86771 0.998985
-0.480777 -0.427164 2.02197 0.999012
-0.0229184 -0.192762 1.09435 0.999552
-0.472724 -0.401633 2.02386 0.999006
-0.121004 -0.162897 1.29123 0.999851
-0.258518 -0.199107 1.56488 0.999732
0.161885 0.0110189 0.706438 0.999421
-0.712919 -0.0414449 2.76165 0.99937
0.244505 0.130523 0.552295 0.67447
-0.459694 0.040759 2.46321 0.357027
0.29323 0.217256 0.51383 0.143935
-0.572618 0.205105 2.59025 0.134652
0.308662 0.20546 0.488837 0.150524
-1.15864 0.71113 3.94736 0.14577
0.305859 0.261245 0.524151 0.22541
-0.953051 0.894328 3.39432 0.160136
0.295548 0.265253 0.540595 0.231854
-0.76185 0.849704 2.95005 0.154757
0.176931 0.111617 0.754823 0.611787
-0.0134367 0.134722 1.3359 0.610563
0.167489 0.152937 0.819302 0.11701
0.181084 0.180808 0.935934 0.156773
0.186798 0.219584 0.821111 0.0993192
0.222403 0.240479 0.880405 0.106853
0.192872 0.23113 0.814161 0.149829
0.225685 0.251347 0.864488 0.187122
0.19558 0.225103 0.835342 0.0830401
0.236226 0.250364 0.900397 0.0979298
