camera0:
0.378504 0.267283 0.999861
0.402157 0.170341 0.999653
0.426824 0.165054 0.999635
0.450386 0.161015 0.999726
0.345943 0.18706 0.999623
0.328298 0.19397 0.999533
0.310306 0.200028 0.999598
0.500456 0.179248 0.999722
0.299008 0.224484 0.99959
0.428881 0.326327 0.999916
0.356636 0.344385 0.999883
0.702678 0.56667 0.999511
0.225664 0.59359 0.999545
0.779484 0.977606 0.553581
0.214001 1.00803 0.29054
0.816961 1.3775 0.0622948
0.20232 1.37809 0.0764252
0.8494 1.49603 0.0723717
0.177759 1.51266 0.0857403
0.800583 1.49528 0.120064
0.218094 1.51588 0.125452
0.780616 1.44831 0.13443
0.243655 1.46757 0.144019
0.637792 1.42007 0.00439085
0.362289 1.40425 0.00554089
0.663015 2.04481 0.000305129
0.381604 2.06256 0.00017438
0.675808 2.61729 2.31167e-05
0.414336 2.62866 4.91003e-06
0.687889 2.71118 2.91613e-05
0.416889 2.72285 1.26367e-05
0.637177 2.81958 2.22036e-05
0.462805 2.82475 1.72406e-05
camera1:
0.712807 0.263122 0.999553
0.736795 0.154341 0.999174
0.761141 0.143361 0.999125
0.788386 0.134818 0.999143
0.676935 0.186976 0.998955
0.657855 0.194918 0.998759
0.640829 0.199632 0.998835
0.856321 0.136059 0.999246
0.641476 0.199669 0.998832
0.77151 0.318607 0.999785
0.705113 0.335315 0.999687
1.06996 0.531502 0.996172
0.656265 0.550914 0.998011
1.15965 0.96815 0.453005
0.632977 0.928701 0.279599
1.1198 1.30536 0.0619187
0.624361 1.2002 0.0838465
1.13524 1.42102 0.0559569
0.611937 1.29765 0.0756989
1.0817 1.43506 0.0891295
0.623945 1.26566 0.117954
1.07044 1.37711 0.0942101
0.638442 1.22719 0.128469
0.991591 1.26504 0.00791065
0.718914 1.24531 0.00821945
0.948129 1.80522 0.00129278
0.718546 1.78777 0.000915857
0.950278 2.31163 0.000203102
0.720513 2.30273 3.73343e-05
0.970018 2.40485 0.000130021
0.728063 2.39131 0.000153914
0.87747 2.49488 0.000152091
0.718332 2.51136 0.000164931
fused:
0.338722 0.590196 -2.4474 0.999861
0.265837 0.79276 -2.43685 0.999653
0.199589 0.804404 -2.43205 0.999635
0.133309 0.793791 -2.36905 0.999726
0.431594 0.774797 -2.52035 0.999623
0.488463 0.774676 -2.56666 0.999533
0.540674 0.769556 -2.58219 0.999598
0.0021111 0.698206 -2.14437 0.999722
0.541134 0.711812 -2.47077 0.99959
0.197537 0.442013 -2.29906 0.999916
0.372609 0.41322 -2.28788 0.999883
-0.424096 -0.00383234 -2.09546 0.999511
0.502854 -0.0130937 -1.64615 0.999545
-0.62442 -0.778631 -2.25545 0.553581
0.584624 -0.611687 -1.79268 0.29054
-1.44257 -2.94587 -4.78072 0.0622948
0.615313 -1.04821 -1.75564 0.0838465
-2.15129 -4.63343 -6.45887 0.0723717
0.629603 -1.1853 -1.65966 0.0857403
-1.85895 -4.74998 -6.54576 0.120064
0.615246 -1.25595 -1.80801 0.125452
-1.43883 -3.75533 -5.4244 0.13443
0.589058 -1.25794 -1.89704 0.144019
-0.240468 -1.37927 -2.35529 0.00791065
0.429986 -1.37969 -2.32464 0.00821945
-0.146673 -2.7232 -2.81958 0.00129278
0.50019 -2.11904 -2.14098 0.000915857
0.0510153 -2.86372 -2.11189 0.000203102
0.551352 -2.83947 -2.03878 3.73343e-05
0.0397937 -2.81937 -1.95935 0.000130021
0.541277 -2.83073 -1.93417 0.000153914
0.213421 -3.39366 -2.26593 0.000152091
0.603686 -3.68185 -2.40556 0.000164931
