camera0:
0.386901 0.265885 0.999678
0.412448 0.171039 0.9993
0.439533 0.16618 0.999269
0.464676 0.161605 0.999451
0.351231 0.183945 0.99915
0.331627 0.189114 0.998894
0.311555 0.193189 0.998917
0.52067 0.173565 0.999533
0.314031 0.2168 0.998932
0.443795 0.327518 0.999838
0.370289 0.348658 0.999701
0.740669 0.521569 0.999392
0.267483 0.599128 0.99935
0.935977 0.885891 0.654035
0.298019 0.998317 0.123975
1.07098 1.28754 0.141344
0.252626 1.37846 0.060715
1.13332 1.38767 0.148528
0.21112 1.51647 0.0898772
1.08598 1.40286 0.223188
0.247519 1.51071 0.128718
1.04952 1.3702 0.231591
0.274174 1.46362 0.138597
0.727651 1.38645 0.00128686
0.415307 1.38617 0.00145803
0.755036 2.07091 7.78745e-05
0.450491 2.09464 5.2004e-05
0.782401 2.67793 5.58458e-06
0.482889 2.70335 1.68573e-06
0.800845 2.76767 4.66842e-06
0.486911 2.7984 3.61777e-06
0.732823 2.87817 8.52563e-06
0.525612 2.90603 6.52624e-06
camera1:
0.17433 0.40667 0.937752
0.16857 0.38831 0.934162
0.169114 0.388296 0.940916
0.172167 0.388337 0.946422
0.165373 0.39073 0.923622
0.16455 0.392783 0.917722
0.159598 0.396367 0.914005
0.170519 0.403144 0.950758
0.157295 0.407603 0.91107
0.180032 0.422768 0.932579
0.17224 0.42811 0.920526
0.212547 0.482426 0.970641
0.135851 0.52137 0.925637
0.244553 0.563257 0.288159
0.14404 0.638178 0.33455
0.240237 0.530405 0.0673304
0.142106 0.605095 0.14552
0.237014 0.522725 0.0814563
0.144623 0.594917 0.150452
0.236808 0.510547 0.0962689
0.139879 0.580702 0.1704
0.235772 0.517413 0.0967663
0.141488 0.585355 0.16528
0.241839 0.711383 0.469084
0.235673 0.717696 0.467211
0.307481 0.734542 0.113591
0.310717 0.756302 0.130447
0.304778 0.831134 0.0959132
0.342488 0.86584 0.0855267
0.304564 0.850647 0.128688
0.342761 0.891586 0.132835
0.31461 0.843217 0.0842162
0.367578 0.880377 0.0846403
fused:
-0.210826 -0.205078 1.38673 0.999678
-0.179209 -0.253457 1.33497 0.9993
-0.134899 -0.235727 1.25897 0.999269
-0.0985953 -0.222358 1.2022 0.999451
-0.300981 -0.296433 1.53712 0.99915
-0.348371 -0.311792 1.61621 0.998894
-0.398127 -0.32442 1.68615 0.998917
-0.0261878 -0.176711 1.06887 0.999533
-0.382178 -0.292914 1.64689 0.998932
-0.106512 -0.133821 1.2069 0.999838
-0.228348 -0.15226 1.39858 0.999701
0.172573 0.00944516 0.734984 0.999392
-0.414121 0.0305867 1.58098 0.99935
0.26034 0.131543 0.582334 0.654035
-0.295406 0.136671 1.40996 0.33455
0.297957 0.205822 0.525247 0.141344
-0.360686 0.179772 1.50298 0.14552
0.310638 0.190355 0.496185 0.148528
-0.562434 0.374996 1.82586 0.150452
0.303708 0.251424 0.535722 0.223188
-0.486418 0.451714 1.69715 0.1704
0.294629 0.259036 0.552688 0.231591
-0.422769 0.462983 1.60445 0.16528
0.187747 0.110512 0.730035 0.469084
-0.0571742 0.158029 1.2036 0.467211
0.178032 0.134152 0.842281 0.113591
0.151429 0.153888 0.909612 0.130447
0.17099 0.183336 0.848655 0.0959132
0.190605 0.20482 0.864764 0.0855267
0.173712 0.191475 0.840888 0.128688
0.194412 0.215239 0.853759 0.132835
0.176566 0.190099 0.851361 0.0842162
0.202829 0.216084 0.879831 0.0846403
