camera0:
0.405093 0.257413 0.999734
0.434993 0.159795 0.999422
0.461698 0.15561 0.999394
0.487248 0.151932 0.999535
0.368303 0.17465 0.99932
0.349531 0.180622 0.999126
0.330143 0.185914 0.999141
0.540217 0.170823 0.999586
0.328322 0.216462 0.999124
0.463554 0.318226 0.999865
0.382412 0.339478 0.999767
0.750084 0.520333 0.999423
0.274701 0.604256 0.999357
0.939771 0.884574 0.66489
0.296193 0.994255 0.126639
1.09046 1.26185 0.141705
0.25583 1.38327 0.0584936
1.15762 1.35058 0.148968
0.225861 1.5113 0.086487
1.11533 1.3628 0.223942
0.260466 1.50333 0.122572
1.07548 1.33381 0.231192
0.286451 1.45648 0.131703
0.73255 1.37712 0.00154063
0.415373 1.4061 0.00164862
0.761505 2.05772 0.000101147
0.459793 2.08821 5.96396e-05
0.787466 2.67115 7.12506e-06
0.495835 2.69859 1.95748e-06
0.803206 2.76038 5.48887e-06
0.499097 2.79088 4.10514e-06
0.747384 2.86892 1.04351e-05
0.551282 2.89707 7.40317e-06
camera1:
0.617932 0.311379 0.969649
0.644106 0.217116 0.967985
0.668438 0.211627 0.971277
0.694588 0.206885 0.974305
0.588853 0.229074 0.962795
0.571445 0.232801 0.960039
0.555689 0.235439 0.959097
0.77372 0.219465 0.977547
0.570984 0.250902 0.959632
0.672758 0.376195 0.970004
0.611905 0.3914 0.964298
0.977534 0.598223 0.985569
0.569247 0.62116 0.966752
1.10571 1.04767 0.360064
0.548404 0.9983 0.330131
1.03184 1.42817 0.0519732
0.49911 1.39686 0.112149
1.04539 1.55952 0.056767
0.460304 1.52105 0.118188
0.984426 1.55586 0.0718077
0.494056 1.50197 0.144836
0.974695 1.50294 0.0769662
0.51968 1.45771 0.148188
0.932835 1.39739 0.377747
0.639189 1.38364 0.388786
0.907452 2.02423 0.0702061
0.655357 2.00781 0.0972868
0.919036 2.5622 0.0587191
0.669636 2.54639 0.0633308
0.944439 2.65514 0.0885409
0.675789 2.64021 0.110895
0.830939 2.73993 0.0491657
0.665939 2.7435 0.0583174
fused:
0.880857 1.60574 -7.41263 0.999734
0.624771 2.1135 -7.19421 0.999422
0.43048 2.17519 -7.34297 0.999394
0.225855 2.13369 -7.14924 0.999535
1.01523 1.85669 -6.48005 0.99932
1.15097 1.84953 -6.52886 0.999126
1.25197 1.79037 -6.37237 0.999141
-0.125665 1.41035 -4.94684 0.999586
1.03574 1.38141 -5.25992 0.999124
0.457218 1.28437 -7.88805 0.999865
0.870955 0.926509 -6.08818 0.999767
-2.06192 -0.147087 -8.45307 0.999423
0.921154 -0.163624 -3.57989 0.999357
2.09291 1.45893 4.65944 0.66489
1.54942 -2.20071 -6.50194 0.330131
0.691543 0.667475 1.13926 0.141705
2.79708 -6.40736 -9.7665 0.112149
0.644859 0.620517 0.954221 0.148968
4.30632 -10.2357 -13.4734 0.118188
0.610784 0.640465 0.967229 0.223942
3.55901 -9.42431 -12.5584 0.144836
0.627699 0.68134 1.06436 0.231192
3.11449 -8.75054 -12.2294 0.148188
4.01024 11.3491 18.5091 0.377747
1.69844 -8.7331 -13.9231 0.388786
0.604214 1.37911 1.48565 0.0702061
0.377818 0.638215 0.773717 0.0972868
0.479024 0.61106 0.626662 0.0587191
0.395207 0.541692 0.569709 0.0633308
0.484357 0.615632 0.61502 0.0885409
0.396997 0.545686 0.558712 0.110895
0.443137 0.596071 0.583831 0.0491657
0.393956 0.549456 0.546676 0.0583174
