camera0:
0.392938 0.228358 0.999865
0.42525 0.147437 0.999673
0.450995 0.145249 0.999664
0.472468 0.144491 0.999735
0.356161 0.157395 0.999637
0.336744 0.16191 0.999563
0.318708 0.16583 0.999599
0.512438 0.173378 0.999729
0.303727 0.20216 0.999589
0.445403 0.300156 0.999911
0.359531 0.314145 0.999874
0.686922 0.526166 0.999429
0.224374 0.586608 0.999449
0.868748 0.881196 0.524705
0.20514 1.00494 0.228668
1.01506 1.22708 0.100884
0.194393 1.39973 0.0658341
1.0853 1.31287 0.112181
0.172328 1.52685 0.0822546
1.04759 1.31924 0.174428
0.212937 1.51634 0.122493
1.00651 1.29367 0.183497
0.235603 1.47628 0.136674
0.668349 1.37739 0.00326627
0.361458 1.40737 0.00388978
0.698054 2.04081 0.000252283
0.400959 2.07864 0.000131906
0.716206 2.63359 2.24168e-05
0.432008 2.65701 4.08006e-06
0.729746 2.72653 2.49452e-05
0.430827 2.74963 1.03306e-05
0.68173 2.82602 2.26843e-05
0.491888 2.85131 1.59248e-05
camera1:
0.667806 0.268246 0.998152
0.695495 0.173832 0.996448
0.71778 0.169451 0.996356
0.738309 0.165928 0.996117
0.633436 0.190626 0.996572
0.616122 0.197139 0.996488
0.602929 0.203162 0.996934
0.80443 0.184824 0.996642
0.611635 0.227981 0.997505
0.717853 0.328993 0.99885
0.654881 0.354944 0.998808
0.986704 0.536455 0.981779
0.570761 0.604156 0.996252
1.01845 0.984883 0.305833
0.551706 0.986751 0.305903
1.06798 1.4074 0.0368744
0.539608 1.36854 0.100458
1.08394 1.53765 0.0365409
0.517408 1.48501 0.0901327
1.03667 1.53993 0.0571265
0.549534 1.47524 0.135873
1.02175 1.48149 0.0597017
0.569416 1.42803 0.140176
0.959247 1.38039 0.00534555
0.660264 1.38123 0.00676764
0.953733 2.035 0.00316023
0.686186 2.03343 0.00287613
0.966309 2.59631 0.00036923
0.709838 2.60449 0.000185891
0.981372 2.6922 0.00020444
0.714227 2.70357 0.000461262
0.9107 2.79298 0.000300154
0.736576 2.80368 0.000714808
fused:
0.458405 0.898309 -3.57052 0.999865
0.334678 1.1791 -3.66455 0.999673
0.239435 1.20843 -3.74289 0.999664
0.153997 1.21435 -3.75509 0.999735
0.588728 1.12197 -3.56591 0.999637
0.658696 1.10246 -3.54336 0.999563
0.705621 1.0601 -3.43918 0.999599
-0.00794611 0.922255 -3.03562 0.999729
0.647371 0.838203 -2.9431 0.999589
0.267917 0.713517 -3.67296 0.999911
0.51479 0.571558 -3.1232 0.999874
-0.591203 0.0327778 -3.24495 0.999429
0.77894 -0.0705212 -2.50959 0.999449
1.83592 1.47348 4.9207 0.524705
0.912322 -0.951333 -2.7204 0.305903
0.890711 0.954578 1.6839 0.100884
1.04273 -1.95265 -2.95263 0.100458
0.769088 0.807259 1.27516 0.112181
1.14861 -2.34042 -3.04407 0.0901327
0.733544 0.831562 1.30297 0.174428
1.05563 -2.39227 -3.15524 0.135873
0.774972 0.921703 1.4927 0.183497
0.973565 -2.27684 -3.13942 0.140176
-0.759741 -3.25545 -5.12145 0.00534555
0.715659 -2.63791 -4.02134 0.00676764
-0.9013 -7.79365 -7.19291 0.00316023
0.775896 -4.97942 -4.39616 0.00287613
-0.305323 -6.50072 -4.35982 0.00036923
0.830767 -7.44541 -4.83935 0.000185891
-0.296253 -6.33445 -4.0604 0.00020444
0.799712 -7.12627 -4.41601 0.000461262
-0.0606331 -7.6207 -4.66962 0.000300154
0.796375 -9.34453 -5.616 0.000714808
