camera0:
0.373706 0.245948 0.999852
0.402675 0.160499 0.999645
0.428066 0.156776 0.999636
0.452573 0.154148 0.99972
0.343221 0.17137 0.999612
0.325707 0.17566 0.999528
0.308044 0.178797 0.999584
0.503032 0.18047 0.999719
0.30326 0.205188 0.999578
0.424406 0.312442 0.999909
0.351659 0.326793 0.999873
0.704816 0.567965 0.999477
0.22767 0.584974 0.999555
0.773753 0.977795 0.519006
0.205787 1.01001 0.258394
0.824898 1.40215 0.0663409
0.189675 1.41755 0.0700722
0.859953 1.52252 0.0804116
0.166452 1.54768 0.0833009
0.80801 1.51842 0.131318
0.209153 1.54303 0.122849
0.785082 1.47234 0.142576
0.235483 1.49361 0.13911
0.639416 1.42199 0.0038683
0.361636 1.42085 0.0048222
0.652125 2.06462 0.000295345
0.369135 2.07469 0.000162354
0.661359 2.64742 2.77045e-05
0.399822 2.65068 4.9807e-06
0.673219 2.7411 3.21234e-05
0.402626 2.74437 1.28286e-05
0.618142 2.84132 2.65084e-05
0.443234 2.84768 1.8163e-05
camera1:
0.712177 0.239186 0.998693
0.741412 0.140387 0.997599
0.764434 0.133008 0.997503
0.792759 0.125684 0.997453
0.67845 0.162242 0.997429
0.659699 0.169307 0.997244
0.643516 0.174235 0.997575
0.87318 0.138515 0.998087
0.659064 0.19589 0.998013
0.765323 0.307306 0.999444
0.707325 0.323649 0.999287
1.11505 0.536587 0.987004
0.657599 0.549878 0.996348
1.20492 1.02661 0.358606
0.634441 0.951012 0.309325
1.14341 1.39651 0.0457349
0.624846 1.29845 0.0941532
1.15589 1.52678 0.0422357
0.611557 1.40872 0.0813557
1.0941 1.51395 0.0666745
0.628217 1.37874 0.127209
1.08146 1.45228 0.0709422
0.646082 1.33424 0.135636
1.04091 1.34187 0.00588459
0.747229 1.31662 0.00676727
0.985933 1.93965 0.00252554
0.736929 1.91502 0.00210526
0.991741 2.49536 0.000323426
0.746307 2.49344 0.000112441
1.01682 2.59735 0.000172253
0.755565 2.58947 0.000412291
0.912953 2.68591 0.000221173
0.741257 2.69732 0.000519931
fused:
0.341151 0.623105 -2.39342 0.999852
0.256783 0.80012 -2.38638 0.999645
0.192875 0.814156 -2.40564 0.999636
0.125032 0.800037 -2.34196 0.99972
0.427868 0.804463 -2.48088 0.999612
0.482241 0.806213 -2.51763 0.999528
0.529749 0.799469 -2.51604 0.999584
-0.00391498 0.644053 -1.98035 0.999719
0.483427 0.67165 -2.24455 0.999578
0.210107 0.470195 -2.31835 0.999909
0.367872 0.423551 -2.1876 0.999873
-0.33939 -0.00476292 -1.6584 0.999477
0.499486 -0.00627706 -1.64531 0.999555
-0.464519 -0.62526 -1.70994 0.519006
0.577732 -0.587296 -1.72501 0.309325
-1.50752 -3.20202 -4.74275 0.0663409
0.622455 -1.10395 -1.71393 0.0941532
-2.76311 -6.04954 -7.79355 0.0804116
0.646679 -1.27011 -1.66467 0.0833009
-2.32155 -5.99131 -7.73972 0.131318
0.622304 -1.33212 -1.79607 0.127209
-1.61835 -4.32026 -5.85311 0.142576
0.585182 -1.30631 -1.84888 0.13911
-0.213725 -1.23391 -1.91745 0.00588459
0.374314 -1.32168 -2.05772 0.00676727
-0.151133 -2.63534 -2.48657 0.00252554
0.475125 -2.27115 -2.09836 0.00210526
-0.00916923 -3.11452 -2.10126 0.000323426
0.524561 -3.32704 -2.18791 0.000112441
-0.0237602 -3.06933 -1.96182 0.000172253
0.512242 -3.37977 -2.11925 0.000412291
0.149669 -3.82903 -2.36142 0.000221173
0.582138 -4.30128 -2.6042 0.000519931
