camera0:
0.387404 0.261757 0.999669
0.413796 0.167009 0.999285
0.441279 0.16226 0.99925
0.466752 0.157955 0.99944
0.351327 0.180002 0.999135
0.331731 0.185124 0.998871
0.311478 0.189135 0.998901
0.522104 0.171637 0.999523
0.312445 0.212429 0.998915
0.445033 0.324425 0.999838
0.370427 0.345509 0.999702
0.740784 0.522556 0.999395
0.265742 0.599972 0.999354
0.935585 0.886864 0.660829
0.297413 1.00086 0.125361
1.07072 1.30139 0.139319
0.255496 1.38357 0.0603884
1.13252 1.40725 0.14573
0.217339 1.52645 0.0888825
1.08409 1.41936 0.218979
0.252577 1.51734 0.126967
1.04818 1.38539 0.227312
0.279251 1.47012 0.136888
0.728544 1.38763 0.00136828
0.415199 1.40744 0.00154777
0.758753 2.07666 8.2635e-05
0.456306 2.10032 5.50084e-05
0.786302 2.68485 6.01802e-06
0.496101 2.70838 1.85701e-06
0.804516 2.77317 4.91098e-06
0.500047 2.80114 3.95629e-06
0.740179 2.88776 8.91956e-06
0.548412 2.91396 6.97474e-06
camera1:
0.174037 0.406643 0.943867
0.164974 0.389363 0.940682
0.165537 0.389582 0.946751
0.167728 0.389602 0.95172
0.165212 0.390512 0.931199
0.164855 0.392372 0.925873
0.161614 0.394413 0.922543
0.160494 0.403469 0.955643
0.158304 0.407137 0.919904
0.176338 0.424407 0.93923
0.172715 0.428008 0.928397
0.147292 0.499829 0.973465
0.201793 0.506512 0.93297
0.171788 0.585511 0.267505
0.217481 0.616746 0.330839
0.188839 0.543583 0.0636045
0.189406 0.559965 0.14778
0.188958 0.538192 0.0776044
0.187509 0.545618 0.157566
0.199044 0.524536 0.0906852
0.184266 0.533435 0.175145
0.200427 0.530242 0.0913942
0.187972 0.540636 0.168295
0.220051 0.71779 0.522034
0.248714 0.715679 0.520309
0.304582 0.749334 0.123813
0.313936 0.720356 0.133923
0.283706 0.86488 0.105999
0.346392 0.838438 0.0928805
0.30146 0.878375 0.148464
0.346066 0.866735 0.150155
0.299513 0.867412 0.0883882
0.370832 0.848984 0.0901415
fused:
-0.210694 -0.206773 1.38638 0.999669
-0.176592 -0.251277 1.32224 0.999285
-0.132239 -0.233421 1.24675 0.99925
-0.0957396 -0.219456 1.1881 0.99944
-0.301982 -0.298505 1.53897 0.999135
-0.349888 -0.314597 1.62036 0.998871
-0.402119 -0.330428 1.69991 0.998901
-0.0246728 -0.17221 1.04801 0.999523
-0.389488 -0.298631 1.66312 0.998915
-0.104607 -0.132546 1.19609 0.999838
-0.229004 -0.154114 1.40136 0.999702
0.160774 0.0156684 0.68851 0.999395
-0.516119 0.0234927 1.96544 0.999354
0.247012 0.130858 0.55403 0.660829
-0.356018 0.142111 1.7245 0.330839
0.289292 0.209223 0.512345 0.139319
-0.371447 0.146452 1.6532 0.14778
0.302534 0.195013 0.487149 0.14573
-0.568523 0.325595 1.98052 0.157566
0.297339 0.258825 0.528725 0.218979
-0.507697 0.433849 1.86772 0.175145
0.288551 0.265259 0.544734 0.227312
-0.449144 0.466833 1.78357 0.168295
0.181898 0.111332 0.716379 0.522034
-0.051986 0.158938 1.22402 0.520309
0.177093 0.14102 0.838818 0.123813
0.14783 0.1358 0.926744 0.133923
0.168202 0.193576 0.8199 0.105999
0.188133 0.194064 0.880464 0.0928805
0.176573 0.202074 0.827786 0.148464
0.192172 0.205903 0.867344 0.150155
0.174399 0.197312 0.830269 0.0883882
0.199696 0.203605 0.897789 0.0901415
