camera0:
0.407312 0.248737 0.999741
0.442085 0.154344 0.999439
0.470064 0.15078 0.999407
0.495866 0.148334 0.999551
0.371058 0.16868 0.999331
0.352416 0.173388 0.999126
0.333259 0.177427 0.999146
0.544539 0.166689 0.999605
0.328218 0.206546 0.999118
0.466566 0.312623 0.999867
0.381805 0.333981 0.999765
0.751331 0.519028 0.999441
0.267153 0.605946 0.999334
0.944837 0.893534 0.66792
0.284973 1.00384 0.123296
1.08178 1.29441 0.140532
0.238605 1.40965 0.0568727
1.14336 1.4019 0.148241
0.203936 1.54965 0.085481
1.09284 1.41641 0.224015
0.240445 1.54289 0.121985
1.05716 1.38092 0.230871
0.269039 1.4956 0.130974
0.732823 1.3842 0.00137874
0.415123 1.41278 0.001491
0.764614 2.07404 9.83549e-05
0.463335 2.10217 5.77741e-05
0.788855 2.68253 6.73649e-06
0.498806 2.70873 1.92415e-06
0.805798 2.77119 5.12076e-06
0.501709 2.8019 4.07197e-06
0.743597 2.88861 9.83339e-06
0.554845 2.91319 7.17941e-06
camera1:
0.587757 0.327018 0.962605
0.612402 0.240623 0.960622
0.634976 0.237379 0.964703
0.662485 0.233569 0.96841
0.558093 0.250968 0.954217
0.540707 0.254869 0.950849
0.523575 0.258144 0.949646
0.738133 0.247526 0.972378
0.532451 0.279416 0.950277
0.641306 0.393169 0.963
0.580783 0.41578 0.955975
0.946683 0.608448 0.982984
0.53664 0.650399 0.959116
1.05242 1.06629 0.352017
0.526956 0.994321 0.331496
0.996286 1.42208 0.0572845
0.516577 1.39224 0.117308
1.00967 1.55273 0.0635452
0.489371 1.51684 0.125269
0.951575 1.54809 0.078004
0.528405 1.5022 0.146178
0.943004 1.49795 0.0828325
0.547506 1.45819 0.147178
0.915591 1.37904 0.465879
0.627794 1.37523 0.479172
0.888553 1.96425 0.0866083
0.635032 1.95319 0.120037
0.906945 2.4497 0.0724821
0.658014 2.43667 0.0781837
0.934918 2.53976 0.109302
0.662848 2.52369 0.136896
0.820986 2.62578 0.0606895
0.672222 2.63243 0.0719834
fused:
1.76857 3.14292 -14.8134 0.999741
1.38749 4.716 -16.6077 0.999439
1.06835 5.59787 -19.6514 0.999407
0.479156 5.05533 -17.6659 0.999551
1.81382 3.20724 -11.5202 0.999331
2.05702 3.20455 -11.6218 0.999126
2.26971 3.15159 -11.5162 0.999146
-0.211317 2.29554 -8.41536 0.999605
1.77899 2.24023 -8.82577 0.999118
1.09821 2.99768 -19.1646 0.999867
1.46456 1.43545 -9.9939 0.999765
-6.38924 -0.590571 -26.1543 0.999441
1.21128 -0.264503 -4.54197 0.999334
1.26104 0.889951 2.77325 0.66792
1.93098 -2.58948 -7.70881 0.331496
0.657389 0.665279 1.1048 0.140532
1.64833 -3.54375 -5.35775 0.117308
0.629285 0.649025 0.961076 0.148241
1.76681 -3.93989 -5.09221 0.125269
0.602638 0.693041 0.998741 0.224015
1.46827 -3.6752 -4.77117 0.146178
0.613204 0.722502 1.0817 0.230871
1.43742 -3.82604 -5.20618 0.147178
0.594401 0.606948 1.13402 0.465879
0.362964 0.494398 0.936439 0.479172
0.496683 0.591249 0.757742 0.0866083
0.381871 0.502966 0.662042 0.120037
0.478688 0.602214 0.640812 0.0724821
0.39159 0.53503 0.58237 0.0781837
0.485691 0.611411 0.631726 0.109302
0.393178 0.539155 0.571213 0.136896
0.442093 0.580594 0.590425 0.0606895
0.395992 0.54437 0.558805 0.0719834
