camera0:
0.392683 0.230193 0.999862
0.424848 0.148196 0.999663
0.450659 0.146173 0.999655
0.472368 0.145563 0.999729
0.356211 0.157559 0.999627
0.3368 0.161978 0.999552
0.319181 0.165801 0.999594
0.512299 0.1744 0.999723
0.305123 0.201864 0.999582
0.44454 0.302958 0.999909
0.359563 0.316211 0.999872
0.692859 0.539839 0.999406
0.224397 0.589575 0.999474
0.876066 0.885072 0.512874
0.203897 1.02547 0.236394
1.00437 1.29199 0.0861279
0.180017 1.40885 0.0666128
1.06903 1.39814 0.0974359
0.152577 1.53265 0.0823377
1.01028 1.39908 0.155027
0.189258 1.52356 0.123137
0.973469 1.35399 0.16608
0.210777 1.50459 0.138014
0.667781 1.39651 0.00335034
0.364942 1.42057 0.00406663
0.698834 2.06084 0.000254184
0.403358 2.08692 0.000136761
0.717611 2.64487 2.31124e-05
0.432432 2.65978 4.23863e-06
0.731182 2.74268 2.63165e-05
0.431102 2.75605 1.08084e-05
0.680745 2.83792 2.32095e-05
0.49065 2.85601 1.63604e-05
camera1:
0.731144 0.214319 0.998032
0.755586 0.123482 0.996327
0.776629 0.118063 0.996191
0.801376 0.111898 0.995993
0.695458 0.139263 0.996418
0.673326 0.146928 0.996281
0.654069 0.153872 0.996777
0.871776 0.12586 0.99655
0.654894 0.181169 0.997373
0.777448 0.283613 0.998807
0.720444 0.296177 0.998749
1.04626 0.490618 0.981277
0.635714 0.570846 0.996041
1.12326 1.01531 0.328709
0.606603 0.971384 0.311411
1.07433 1.33838 0.0394729
0.577587 1.32099 0.099718
1.08241 1.44911 0.038384
0.555883 1.43711 0.0883944
1.04283 1.44323 0.0597169
0.583404 1.42692 0.132575
1.03499 1.39343 0.062283
0.602586 1.38111 0.137334
0.979121 1.32257 0.00585534
0.684554 1.31225 0.00736959
0.967305 1.96141 0.0033636
0.693335 1.95057 0.00312523
0.97125 2.52532 0.00036477
0.709884 2.52391 0.000198071
0.980029 2.61606 0.000195318
0.712129 2.61358 0.000489672
0.936655 2.70577 0.000303259
0.74661 2.71658 0.000756718
fused:
0.289346 0.660765 -2.39305 0.999862
0.208231 0.862624 -2.49686 0.999663
0.14257 0.887601 -2.55921 0.999655
0.0799184 0.874562 -2.50849 0.999729
0.381124 0.822819 -2.42752 0.999627
0.443055 0.831904 -2.48626 0.999552
0.499489 0.837047 -2.53018 0.999594
-0.0263928 0.698145 -2.10788 0.999723
0.498002 0.71792 -2.34842 0.999582
0.165721 0.525758 -2.44862 0.999909
0.33794 0.447837 -2.14349 0.999872
-0.441231 0.0554212 -2.28185 0.999406
0.550264 -0.0259482 -1.78536 0.999474
-11.7018 -9.53731 -30.6992 0.512874
0.660223 -0.686343 -1.95765 0.311411
1.01462 1.18023 1.98275 0.0861279
0.777641 -1.34635 -2.08938 0.099718
0.866641 1.01352 1.50159 0.0974359
0.836058 -1.58028 -2.08302 0.0883944
0.890048 1.17147 1.72495 0.155027
0.775697 -1.60075 -2.13787 0.132575
0.965481 1.30624 2.01583 0.16608
0.715411 -1.52414 -2.0981 0.138014
-0.502572 -2.18269 -3.58669 0.00585534
0.557696 -1.90395 -3.07402 0.00736959
-0.465887 -4.55134 -4.34825 0.0033636
0.665073 -3.7359 -3.45502 0.00312523
-0.166639 -4.83932 -3.31264 0.00036477
0.689608 -4.84507 -3.20806 0.000198071
-0.152974 -4.81465 -3.14847 0.000195318
0.68152 -4.7564 -3.00811 0.000489672
0.0277515 -4.6779 -2.91308 0.000303259
0.600942 -5.31303 -3.23677 0.000756718
