camera0:
0.385258 0.254986 0.999881
0.409392 0.163874 0.9997
0.434103 0.159673 0.999671
0.457553 0.156547 0.999761
0.352321 0.17663 0.999678
0.333767 0.181976 0.999585
0.314848 0.186523 0.999658
0.504426 0.176212 0.999754
0.30174 0.215016 0.999654
0.438035 0.317387 0.999929
0.362118 0.33447 0.999903
0.705791 0.569456 0.999522
0.231026 0.594648 0.999543
0.78208 0.972941 0.560801
0.206575 1.00377 0.308083
0.832891 1.37341 0.0624123
0.189872 1.38892 0.0818857
0.873264 1.50201 0.0727245
0.159698 1.51575 0.0902699
0.819632 1.50168 0.12143
0.212657 1.52565 0.131968
0.798079 1.45405 0.137483
0.238817 1.47787 0.151984
0.639786 1.39018 0.00443392
0.365068 1.39306 0.00563919
0.664627 2.03759 0.000307784
0.384219 2.0582 0.000179057
0.67526 2.60347 2.14002e-05
0.415176 2.61512 4.65823e-06
0.687062 2.69908 2.8601e-05
0.418206 2.71043 1.22341e-05
0.636944 2.80076 2.00979e-05
0.464949 2.81137 1.61898e-05
camera1:
0.722427 0.259198 0.999724
0.73703 0.171624 0.999424
0.756709 0.166544 0.999417
0.784076 0.160037 0.999351
0.682377 0.184163 0.999228
0.668573 0.188338 0.999143
0.653289 0.192769 0.999092
0.843848 0.166707 0.999403
0.65213 0.218856 0.999029
0.77895 0.323578 0.999849
0.717439 0.33917 0.999785
0.971826 0.530542 0.997706
0.63861 0.564364 0.998662
1.05668 0.95002 0.474213
0.615265 0.941335 0.277742
1.03447 1.22907 0.0704825
0.608261 1.25026 0.0884012
1.05918 1.33121 0.0636035
0.584216 1.34874 0.0808382
1.01142 1.33177 0.101559
0.606253 1.3448 0.12582
0.996119 1.28489 0.106952
0.623933 1.30398 0.136473
0.948939 1.21008 0.0081263
0.699942 1.21736 0.00788145
0.961889 1.73713 0.00104144
0.736924 1.74369 0.000628304
0.975001 2.19408 0.000181051
0.754503 2.21383 2.37412e-05
0.987509 2.2741 0.000122692
0.756307 2.30124 0.000106278
0.939893 2.36783 0.000138451
0.785083 2.3819 9.41962e-05
fused:
0.313237 0.589969 -2.37707 0.999881
0.258078 0.793157 -2.47106 0.9997
0.197629 0.81673 -2.52627 0.999671
0.129425 0.800181 -2.45108 0.999761
0.413717 0.784118 -2.50551 0.999678
0.454438 0.762969 -2.46081 0.999585
0.498243 0.747783 -2.43341 0.999658
0.00387029 0.712776 -2.26976 0.999754
0.501345 0.654399 -2.29005 0.999654
0.177217 0.443669 -2.28783 0.999929
0.343007 0.39912 -2.17062 0.999903
-1.0328 -0.0361447 -5.03654 0.999522
0.546464 -0.0261205 -1.81791 0.999543
-1.82381 -2.1769 -6.52583 0.560801
0.632411 -0.657343 -1.8943 0.308083
12.4675 22.5551 40.0249 0.0704825
0.662031 -1.14115 -1.8295 0.0884012
6.33638 12.2521 18.3123 0.0727245
0.710014 -1.31085 -1.79268 0.0902699
14.2757 33.1684 48.9252 0.12143
0.685594 -1.451 -2.00049 0.131968
54.9005 130.641 200.366 0.137483
0.64811 -1.43572 -2.07237 0.151984
-0.334113 -1.73147 -3.19808 0.0081263
0.479351 -1.52097 -2.63167 0.00788145
-0.117178 -2.24754 -2.41326 0.00104144
0.445634 -1.86452 -1.91716 0.000628304
0.0690683 -2.15063 -1.66264 0.000181051
0.456675 -2.21721 -1.63989 2.37412e-05
0.065831 -2.15817 -1.57301 0.000122692
0.465022 -2.2655 -1.5985 0.000106278
0.164257 -2.22001 -1.53574 0.000138451
0.418283 -2.35545 -1.59046 9.41962e-05
