camera0:
0.388654 0.261033 0.999679
0.416123 0.166592 0.999307
0.443989 0.161972 0.999271
0.469757 0.157797 0.999456
0.351865 0.179347 0.99916
0.332071 0.18444 0.998903
0.311676 0.188469 0.998933
0.523247 0.171558 0.999535
0.311608 0.211722 0.99894
0.446318 0.32416 0.999843
0.370622 0.344786 0.999711
0.739366 0.521354 0.99941
0.264441 0.599883 0.999353
0.935882 0.887199 0.666412
0.299711 1.00044 0.123638
1.0605 1.30561 0.141257
0.25563 1.38712 0.0599091
1.12086 1.41534 0.147431
0.221216 1.52643 0.0886007
1.0677 1.42788 0.221408
0.257266 1.51726 0.12652
1.03226 1.3932 0.229166
0.284258 1.47005 0.136357
0.727878 1.38528 0.00135709
0.412141 1.40791 0.00152355
0.758237 2.07596 8.38667e-05
0.456296 2.09985 5.56375e-05
0.785618 2.68403 6.04899e-06
0.497014 2.70784 1.86899e-06
0.803161 2.77171 4.84275e-06
0.501101 2.79994 3.96461e-06
0.741046 2.88695 8.97686e-06
0.551919 2.91296 7.0492e-06
camera1:
0.16396 0.401253 0.949367
0.15296 0.386986 0.946559
0.152827 0.387715 0.952014
0.153245 0.388186 0.956502
0.155843 0.386043 0.938013
0.155546 0.387077 0.933197
0.155528 0.38814 0.930223
0.145189 0.403307 0.960051
0.154849 0.403138 0.927863
0.167533 0.421195 0.945228
0.166443 0.422924 0.935485
0.134066 0.506821 0.976031
0.205407 0.490142 0.939594
0.139204 0.608806 0.254115
0.235741 0.593565 0.339588
0.155071 0.558282 0.0593211
0.204902 0.54518 0.144293
0.157614 0.550046 0.0724549
0.20967 0.532881 0.155752
0.165687 0.530816 0.0841938
0.205661 0.521385 0.171845
0.166355 0.535618 0.085227
0.202734 0.528211 0.165202
0.212716 0.725545 0.569397
0.24881 0.715171 0.567823
0.29486 0.760897 0.124186
0.34162 0.739054 0.148651
0.32097 0.887424 0.100678
0.378617 0.88519 0.0924163
0.326114 0.912589 0.144237
0.374596 0.919588 0.151072
0.346016 0.883769 0.0837841
0.421536 0.890567 0.0894438
fused:
-0.202894 -0.202399 1.34745 0.999679
-0.168009 -0.241946 1.27907 0.999307
-0.124833 -0.22431 1.20604 0.999271
-0.0891779 -0.209917 1.14676 0.999456
-0.292781 -0.290969 1.49623 0.99916
-0.339127 -0.306805 1.57343 0.998903
-0.393104 -0.325964 1.66444 0.998933
-0.0231216 -0.165442 1.01872 0.999535
-0.387375 -0.297658 1.64836 0.99894
-0.100815 -0.130088 1.17105 0.999843
-0.224654 -0.153637 1.37788 0.999711
0.157727 0.0173639 0.68148 0.99941
-0.523977 0.0105849 1.99269 0.999353
0.241766 0.132292 0.542493 0.666412
-0.357674 0.115627 1.79471 0.339588
0.282064 0.221152 0.510642 0.141257
-0.380715 0.1406 1.71852 0.144293
0.295573 0.210519 0.489103 0.147431
-0.594167 0.337803 2.11273 0.155752
0.289689 0.27659 0.532034 0.221408
-0.529746 0.461463 1.98493 0.171845
0.280054 0.280152 0.546248 0.229166
-0.454369 0.482334 1.84355 0.165202
0.177862 0.114209 0.715705 0.569397
-0.0479874 0.157787 1.21618 0.567823
0.175243 0.144896 0.826775 0.124186
0.16131 0.149783 0.948063 0.148651
0.185329 0.209234 0.838492 0.100678
0.208631 0.220188 0.885969 0.0924163
0.190837 0.219956 0.832274 0.144237
0.211685 0.232829 0.866266 0.151072
0.194782 0.212694 0.85931 0.0837841
0.228843 0.232485 0.92267 0.0894438
