camera0:
0.382367 0.267269 0.999633
0.40892 0.171765 0.999206
0.436257 0.167143 0.999171
0.462019 0.162707 0.999383
0.347835 0.183749 0.999029
0.328073 0.188417 0.998726
0.308069 0.192016 0.998754
0.520187 0.173295 0.999485
0.312375 0.214483 0.998767
0.437051 0.329641 0.999817
0.365479 0.349712 0.999659
0.741912 0.519177 0.999355
0.268396 0.598378 0.99929
0.932515 0.881345 0.658202
0.295909 0.998204 0.128621
1.06838 1.2914 0.147936
0.246036 1.38334 0.0637907
1.1343 1.39236 0.155205
0.212197 1.51474 0.0944115
1.08467 1.4074 0.231976
0.250064 1.50663 0.135521
1.04675 1.37555 0.2417
0.277676 1.46089 0.145899
0.72643 1.38338 0.00117838
0.410605 1.40915 0.00134433
0.756452 2.07027 7.88337e-05
0.45833 2.09264 5.27204e-05
0.786725 2.67528 5.75494e-06
0.499662 2.69823 1.72952e-06
0.80569 2.76299 4.99509e-06
0.503352 2.79001 3.81786e-06
0.742507 2.87078 8.52324e-06
0.551587 2.89825 6.76188e-06
camera1:
0.205544 0.428763 0.915507
0.193117 0.414413 0.910163
0.192742 0.415285 0.919442
0.192864 0.416266 0.927003
0.198575 0.414981 0.895687
0.202778 0.415989 0.887653
0.203487 0.417647 0.882522
0.184964 0.43514 0.932754
0.202209 0.432457 0.87828
0.207183 0.452041 0.908381
0.211079 0.450855 0.891643
0.158809 0.547439 0.96016
0.269829 0.525212 0.89834
0.127166 0.65685 0.27649
0.322587 0.635673 0.272778
0.157149 0.62994 0.068316
0.348197 0.579795 0.121238
0.159207 0.629449 0.082422
0.36461 0.567258 0.123894
0.170195 0.616713 0.103947
0.353607 0.551649 0.15187
0.171072 0.61929 0.105246
0.346415 0.557009 0.146966
0.223565 0.76194 0.272469
0.290214 0.755465 0.269866
0.261638 0.787227 0.097722
0.381636 0.748998 0.0877676
0.278531 0.910716 0.0915758
0.406403 0.856594 0.0671561
0.279614 0.93732 0.101697
0.398858 0.883398 0.0818254
0.302013 0.920233 0.0902239
0.441021 0.859753 0.0798888
fused:
-0.240973 -0.219619 1.53077 0.999633
-0.199744 -0.266497 1.43977 0.999206
-0.150098 -0.244821 1.34683 0.999171
-0.109033 -0.227048 1.27114 0.999383
-0.345573 -0.328077 1.72777 0.999029
-0.409612 -0.356003 1.86353 0.998726
-0.480253 -0.383714 1.99997 0.998754
-0.0292622 -0.173512 1.10448 0.999485
-0.455391 -0.342322 1.94175 0.998767
-0.126059 -0.134953 1.3073 0.999817
-0.267293 -0.164643 1.58098 0.999659
0.161965 0.0267802 0.697749 0.999355
-0.688778 0.0483075 2.64017 0.99929
0.23879 0.13022 0.5401 0.658202
-0.587954 0.296 2.74329 0.272778
0.283125 0.208661 0.503168 0.147936
-1.06763 0.60905 4.16509 0.121238
0.298079 0.197218 0.478813 0.155205
-5.16636 4.43843 15.7378 0.123894
0.29003 0.243217 0.513456 0.231976
-2.1705 2.392 7.28498 0.15187
0.280569 0.250466 0.529868 0.2417
-1.37185 1.77593 5.05084 0.146966
0.180572 0.129753 0.721263 0.272469
-0.106377 0.223013 1.45226 0.269866
0.165466 0.152455 0.797634 0.097722
0.169391 0.165931 1.01979 0.0877676
0.172855 0.21026 0.800011 0.0915758
0.217075 0.214428 0.926385 0.0671561
0.176923 0.220131 0.791545 0.101697
0.217374 0.22403 0.904937 0.0818254
0.182702 0.218136 0.812397 0.0902239
0.234246 0.224212 0.960399 0.0798888
