camera0:
0.366476 0.229323 0.999835
0.39362 0.143624 0.999612
0.419241 0.141314 0.999598
0.443109 0.140079 0.999678
0.330437 0.15466 0.999564
0.309661 0.160282 0.999471
0.288102 0.164869 0.999496
0.488361 0.167614 0.999676
0.270212 0.199865 0.999489
0.417141 0.300234 0.999891
0.339757 0.315286 0.999847
0.66958 0.519497 0.999412
0.192825 0.600292 0.999335
0.861768 0.884421 0.531332
0.196076 1.02477 0.21152
1.01059 1.23652 0.120133
0.182828 1.4264 0.0650517
1.07843 1.32557 0.131252
0.168254 1.54319 0.0830456
1.03612 1.3344 0.199605
0.198765 1.54065 0.123585
0.995871 1.30811 0.209773
0.224239 1.49274 0.137713
0.661838 1.37862 0.00304938
0.358949 1.4064 0.00355355
0.692992 2.04557 0.000244733
0.393842 2.08676 0.000123828
0.717187 2.64251 2.0352e-05
0.433266 2.66965 3.679e-06
0.731473 2.73549 2.22692e-05
0.432512 2.76246 9.39603e-06
0.683728 2.83936 2.08494e-05
0.500164 2.86632 1.4733e-05
camera1:
0.562188 0.281802 0.99827
0.591059 0.186575 0.996723
0.615603 0.183006 0.99663
0.641579 0.179998 0.99653
0.531293 0.198657 0.996816
0.516678 0.202967 0.99667
0.504649 0.20659 0.997126
0.710318 0.195082 0.997041
0.52266 0.227512 0.997621
0.618648 0.348115 0.998976
0.557123 0.376382 0.99888
0.94049 0.556064 0.98443
0.516992 0.605166 0.996585
0.987579 1.019 0.322536
0.50147 0.993787 0.295146
0.961647 1.47452 0.0356424
0.453422 1.35986 0.0928002
0.972911 1.60792 0.0357981
0.415833 1.45487 0.0861697
0.912098 1.60199 0.0561105
0.434139 1.4251 0.130589
0.905386 1.54472 0.0585975
0.457961 1.38888 0.135076
0.890685 1.4185 0.00464511
0.595182 1.40542 0.00603246
0.873219 2.09503 0.00266073
0.606734 2.07008 0.00241394
0.898484 2.66811 0.000319516
0.645511 2.64556 0.000156048
0.925845 2.76842 0.000178778
0.656284 2.73885 0.000390763
0.812936 2.84579 0.000257936
0.640866 2.85267 0.000596461
fused:
1.74127 2.62936 -10.9201 0.999835
1.26164 3.07236 -9.79726 0.999612
0.990255 3.06441 -9.74026 0.999598
0.694846 2.87227 -9.10986 0.999678
1.96616 3.09094 -10.0561 0.999564
1.99438 2.79748 -9.18178 0.999471
1.90425 2.40717 -7.94461 0.999496
0.165087 1.82984 -6.15467 0.999676
1.28901 1.42006 -5.01861 0.999489
1.02075 1.76014 -9.62685 0.999891
1.40894 1.2654 -7.45939 0.999847
-0.671714 0.0186798 -4.15334 0.999412
1.03146 -0.103576 -3.00178 0.999335
1.40618 1.189 3.84301 0.531332
1.29732 -1.33898 -3.75508 0.295146
0.647142 0.711285 1.23322 0.120133
2.11753 -3.77383 -5.72929 0.0928002
0.602319 0.651539 1.00994 0.131252
3.10666 -6.06291 -8.02364 0.0861697
0.562086 0.664332 1.02005 0.199605
3.20782 -6.6339 -8.97335 0.130589
0.578695 0.717949 1.13858 0.209773
3.04763 -6.60677 -9.30203 0.137713
-4.55296 -20.5426 -31.6095 0.00464511
1.86071 -6.87672 -10.3763 0.00603246
2.29914 20.2494 18.4596 0.00266073
2.96988 -18.289 -16.0827 0.00241394
-1.30862 -26.98 -17.957 0.000319516
2.12585 -17.898 -11.5868 0.000156048
-0.85722 -17.1417 -10.8786 0.000178778
1.59816 -13.3932 -8.2781 0.000390763
-0.215768 -125.291 -77.1648 0.000257936
658.346 -6951.98 -4188.05 0.000596461
