camera0:
0.373841 0.241972 0.999847
0.402783 0.158063 0.999633
0.4282 0.154669 0.999624
0.452803 0.152229 0.99971
0.343331 0.167447 0.999593
0.32577 0.171535 0.999507
0.308048 0.174648 0.99956
0.503106 0.178391 0.999706
0.303155 0.203911 0.999546
0.424434 0.30996 0.999905
0.35169 0.324328 0.999865
0.704587 0.568074 0.999462
0.222457 0.586853 0.999523
0.777704 0.977791 0.513066
0.207507 1.00939 0.249066
0.834639 1.40131 0.066843
0.189799 1.40568 0.067882
0.87121 1.52151 0.080485
0.16768 1.54444 0.0810505
0.818928 1.52011 0.131094
0.208993 1.54228 0.119756
0.795954 1.47354 0.142212
0.23417 1.49255 0.135741
0.642396 1.42665 0.00389516
0.361821 1.4278 0.00479192
0.661876 2.06499 0.000286464
0.373954 2.08117 0.000155844
0.675158 2.64845 2.69577e-05
0.404549 2.65894 4.80393e-06
0.686599 2.74433 3.1075e-05
0.406911 2.75579 1.23738e-05
0.636063 2.84634 2.61531e-05
0.452035 2.8564 1.79423e-05
camera1:
0.710842 0.237594 0.998479
0.73895 0.140509 0.997198
0.761455 0.133442 0.997127
0.789783 0.126128 0.99716
0.677732 0.155761 0.996925
0.659 0.159732 0.99663
0.642754 0.162365 0.997034
0.871886 0.137401 0.997889
0.659949 0.172246 0.997611
0.763335 0.310666 0.99936
0.707056 0.323944 0.99916
1.11501 0.557113 0.987291
0.657585 0.550603 0.996257
1.19811 1.07529 0.354213
0.626454 0.956058 0.296419
1.14039 1.44793 0.0426174
0.608671 1.30896 0.0880707
1.15968 1.58108 0.0397221
0.587124 1.41845 0.0769275
1.09639 1.5771 0.0628688
0.61326 1.39989 0.120614
1.08435 1.51515 0.0666699
0.63048 1.3569 0.128517
1.01447 1.35816 0.00556139
0.708195 1.3309 0.00646552
0.985518 2.00992 0.00237046
0.720517 1.97977 0.00195918
0.991256 2.56375 0.000304562
0.73121 2.54961 0.000104118
1.01189 2.66078 0.000162609
0.736075 2.64419 0.000380034
0.91468 2.75992 0.00020946
0.739271 2.76264 0.000477242
fused:
0.343499 0.632674 -2.40902 0.999847
0.260616 0.812397 -2.417 0.999633
0.196584 0.8287 -2.44492 0.999624
0.127403 0.814364 -2.38105 0.99971
0.429931 0.821134 -2.50048 0.999593
0.485287 0.828524 -2.54457 0.999507
0.534053 0.82591 -2.54906 0.99956
-0.00388673 0.650512 -1.99265 0.999706
0.484993 0.703708 -2.27939 0.999546
0.212897 0.472792 -2.33471 0.999905
0.368089 0.425473 -2.18648 0.999865
-0.333353 -0.0177449 -1.64286 0.999462
0.498612 -0.00760125 -1.61313 0.999523
-0.511677 -0.699132 -1.84927 0.513066
0.600871 -0.618085 -1.80413 0.296419
-2.24701 -4.66091 -6.77381 0.066843
0.673961 -1.20493 -1.86591 0.0880707
-5.04813 -10.7208 -13.648 0.080485
0.725134 -1.43472 -1.87701 0.0810505
-4.4308 -11.0576 -14.0711 0.131094
0.673491 -1.46455 -1.95238 0.120614
-2.50351 -6.44548 -8.60056 0.142212
0.636343 -1.43935 -2.01237 0.135741
-0.26434 -1.4951 -2.29286 0.00556139
0.471864 -1.68646 -2.59693 0.00646552
-0.260472 -3.36354 -3.06445 0.00237046
0.537361 -2.85905 -2.55421 0.00195918
-0.0813877 -3.84104 -2.54505 0.000304562
0.589479 -4.0294 -2.60773 0.000104118
-0.0851236 -3.73765 -2.35592 0.000162609
0.584914 -4.08868 -2.52818 0.000380034
0.0959188 -4.8179 -2.92144 0.00020946
0.623422 -5.16882 -3.07438 0.000477242
