camera0:
0.383132 0.23106 0.999843
0.415917 0.149067 0.999633
0.441387 0.147253 0.999619
0.465009 0.146513 0.999698
0.347908 0.158261 0.999589
0.328534 0.162551 0.9995
0.309868 0.166441 0.999531
0.505851 0.17355 0.999697
0.296782 0.201468 0.999523
0.436621 0.301176 0.999901
0.353196 0.315754 0.999859
0.683302 0.523288 0.999418
0.217279 0.587695 0.999386
0.864093 0.884651 0.527574
0.203377 1.00688 0.22024
1.00962 1.24252 0.112201
0.1831 1.39887 0.0658601
1.07468 1.3373 0.123433
0.151909 1.51821 0.0829978
1.03355 1.34492 0.189229
0.188587 1.51127 0.123539
0.994449 1.31543 0.19873
0.222047 1.48025 0.137716
0.667001 1.37823 0.00317346
0.36358 1.40475 0.00373609
0.696849 2.04387 0.000252751
0.401108 2.08209 0.000128954
0.718719 2.64091 2.17902e-05
0.438613 2.66622 3.89634e-06
0.732716 2.73227 2.40135e-05
0.438919 2.75888 9.98827e-06
0.683994 2.83852 2.19673e-05
0.50053 2.86168 1.54869e-05
camera1:
0.641262 0.262461 0.998221
0.665672 0.167586 0.996571
0.687053 0.162839 0.996477
0.707767 0.15987 0.996312
0.607178 0.18624 0.996705
0.589737 0.192919 0.996605
0.575103 0.198876 0.997065
0.772934 0.183204 0.996819
0.583868 0.222674 0.997598
0.689691 0.325426 0.998913
0.63341 0.34824 0.998859
0.987235 0.53551 0.983191
0.551191 0.600648 0.996555
1.03477 1.01522 0.316919
0.538202 0.986104 0.313695
1.05105 1.4352 0.0346047
0.51552 1.37784 0.0971152
1.06955 1.57187 0.0344707
0.48707 1.49656 0.0882968
1.01153 1.57617 0.0539593
0.515792 1.48112 0.13286
0.997326 1.51974 0.0566615
0.539632 1.43524 0.1374
0.92129 1.37146 0.00504772
0.623223 1.36997 0.00654299
0.911326 2.02473 0.00291289
0.646414 2.01339 0.00265203
0.927161 2.59708 0.000348846
0.675573 2.5936 0.000172042
0.945437 2.6872 0.00019458
0.681549 2.68601 0.000428452
0.866829 2.78504 0.000281328
0.690369 2.79673 0.000653917
fused:
0.589482 1.07266 -4.26289 0.999843
0.461573 1.47276 -4.57511 0.999633
0.349564 1.53039 -4.73936 0.999619
0.236476 1.56919 -4.85936 0.999698
0.7444 1.34834 -4.28485 0.999589
0.828012 1.32478 -4.25679 0.9995
0.888898 1.27797 -4.14471 0.999531
0.0184962 1.1375 -3.76205 0.999697
0.795632 1.00036 -3.5009 0.999523
0.370066 0.873973 -4.5028 0.999901
0.612915 0.659542 -3.58354 0.999859
-0.555611 0.0374855 -3.11676 0.999418
0.870863 -0.075141 -2.74058 0.999386
2.39553 2.00704 6.50336 0.527574
0.995842 -1.02639 -2.95215 0.313695
0.846261 0.937215 1.61736 0.112201
1.20105 -2.1957 -3.29714 0.0971152
0.753309 0.830997 1.27267 0.123433
1.34688 -2.61456 -3.39225 0.0882968
0.701881 0.843908 1.2806 0.189229
1.25061 -2.64427 -3.4815 0.13286
0.732821 0.919728 1.44666 0.19873
1.16939 -2.63071 -3.60566 0.137716
-1.31522 -5.67926 -9.05157 0.00504772
1.1008 -4.00141 -6.2122 0.00654299
-1.88953 -17.2677 -16.1823 0.00291289
1.16528 -6.94879 -6.2606 0.00265203
-0.395292 -9.41172 -6.36522 0.000348846
1.17232 -9.76276 -6.41074 0.000172042
-0.350834 -8.40914 -5.44127 0.00019458
1.05577 -8.67911 -5.44102 0.000428452
0.0079046 -10.8443 -6.71307 0.000281328
1.41391 -14.8255 -8.99842 0.000653917
