camera0:
0.407782 0.247693 0.999735
0.442754 0.154219 0.999426
0.470783 0.150734 0.999391
0.496715 0.148358 0.999541
0.371394 0.168704 0.999316
0.35272 0.173339 0.999106
0.334328 0.177262 0.999131
0.543471 0.167235 0.999593
0.328971 0.206666 0.999105
0.466769 0.312085 0.999864
0.381808 0.332769 0.999759
0.747849 0.516938 0.999422
0.266864 0.607582 0.999337
0.942747 0.885476 0.661533
0.288951 1.01101 0.122802
1.10104 1.26781 0.143728
0.23879 1.40319 0.0587319
1.17229 1.36301 0.152129
0.204348 1.55232 0.0883636
1.12841 1.38002 0.228975
0.241718 1.54446 0.125898
1.08698 1.35027 0.23596
0.270727 1.49743 0.134996
0.736223 1.38316 0.00133797
0.420097 1.41185 0.00147199
0.768892 2.07397 9.20421e-05
0.47471 2.10206 5.50755e-05
0.797126 2.68241 6.42981e-06
0.513866 2.70836 1.83385e-06
0.814765 2.77108 4.94721e-06
0.515206 2.80118 3.86361e-06
0.753343 2.88474 9.63996e-06
0.569392 2.91125 7.07807e-06
camera1:
0.532296 0.296528 0.958474
0.561461 0.213549 0.956297
0.582545 0.208659 0.960838
0.60717 0.203801 0.964943
0.504719 0.224324 0.949192
0.487139 0.226642 0.945475
0.47253 0.228903 0.944126
0.682552 0.217942 0.969343
0.492351 0.248234 0.944817
0.580207 0.372355 0.958902
0.525823 0.387946 0.951113
0.911103 0.598529 0.981422
0.485765 0.620972 0.954827
1.04646 0.985247 0.359248
0.469385 0.980437 0.349321
1.00129 1.3584 0.0593997
0.42411 1.32702 0.124974
1.01375 1.48419 0.0660998
0.400247 1.45455 0.132666
0.951322 1.48773 0.0789199
0.425162 1.44587 0.151272
0.943095 1.43835 0.082629
0.44743 1.40569 0.15003
0.842898 1.29074 0.517591
0.576631 1.27959 0.532341
0.807776 1.8413 0.0962261
0.567767 1.81835 0.133369
0.800607 2.29391 0.0805354
0.572498 2.27019 0.0868707
0.819576 2.37737 0.121447
0.57439 2.34598 0.152106
0.734127 2.46267 0.0674324
0.593298 2.47007 0.0799805
fused:
-1.72846 -3.23649 14.7454 0.999735
-1.23572 -4.39391 15.1957 0.999426
-0.653816 -3.655 12.5868 0.999391
-0.300043 -3.56797 12.233 0.999541
-3.59763 -6.55193 23.1153 0.999316
-3.94183 -6.33643 22.5153 0.999106
-4.91429 -7.08308 25.3019 0.999131
1.285 -13.8607 49.8146 0.999593
18.8682 24.8704 -95.0153 0.999105
-0.605384 -1.71822 10.7402 0.999864
-4.4795 -4.6543 30.8546 0.999759
5.8576 0.474303 24.3277 0.999422
2.72752 -0.505625 -10.261 0.999337
1.26209 0.840789 2.79273 0.661533
-29.1965 38.4045 118.503 0.349321
0.654402 0.613156 1.06482 0.143728
-309.165 599.349 985.422 0.124974
0.618671 0.577707 0.903585 0.152129
14.9913 -30.7962 -42.2045 0.132666
0.587075 0.606322 0.916452 0.228975
229.824 -537.344 -732.48 0.151272
0.600211 0.64271 1.00365 0.23596
-21.2106 53.2075 75.6467 0.15003
0.533363 0.533467 1.09832 0.517591
0.331254 0.438509 0.922982 0.532341
0.460806 0.551704 0.75786 0.0962261
0.354217 0.471991 0.669305 0.133369
0.442445 0.567187 0.64094 0.0805354
0.36374 0.507209 0.587863 0.0868707
0.447513 0.575116 0.6306 0.121447
0.365353 0.511654 0.577313 0.152106
0.415896 0.554735 0.595511 0.0674324
0.372365 0.52147 0.564361 0.0799805
