camera0:
0.385359 0.2557 0.999881
0.411407 0.164069 0.9997
0.436176 0.159776 0.999672
0.459601 0.156644 0.999761
0.352152 0.177708 0.999676
0.333237 0.183565 0.999584
0.314045 0.188428 0.999655
0.504778 0.176285 0.999753
0.298959 0.215941 0.999646
0.43792 0.318631 0.999929
0.360611 0.336155 0.999902
0.703714 0.569696 0.999527
0.224396 0.594528 0.999545
0.779107 0.979179 0.559556
0.213208 1.00866 0.299363
0.832476 1.39782 0.0623634
0.194071 1.40488 0.0794099
0.871383 1.52331 0.072754
0.163577 1.52684 0.0885044
0.815787 1.52114 0.121316
0.215968 1.53144 0.129482
0.794083 1.47292 0.136673
0.241415 1.48318 0.148949
0.645897 1.40205 0.00446061
0.363511 1.3986 0.00563838
0.665887 2.04998 0.000313439
0.384696 2.06946 0.000178663
0.675677 2.62155 2.22468e-05
0.414806 2.63179 4.76962e-06
0.687423 2.71534 2.87437e-05
0.417046 2.7269 1.24141e-05
0.636933 2.82211 2.0701e-05
0.464534 2.82951 1.64369e-05
camera1:
0.714245 0.241069 0.999567
0.737958 0.148529 0.999162
0.761335 0.141544 0.99912
0.790106 0.134187 0.999129
0.67794 0.169171 0.998931
0.65935 0.175493 0.998742
0.641798 0.180667 0.998807
0.854436 0.13472 0.999212
0.640062 0.193783 0.99877
0.77598 0.309601 0.99978
0.704261 0.331053 0.999686
1.04338 0.507951 0.997191
0.656235 0.553439 0.998473
1.09359 0.968522 0.46883
0.633391 0.947548 0.276557
1.04549 1.31502 0.0655881
0.634814 1.26625 0.0848826
1.06606 1.43268 0.0593103
0.612513 1.3665 0.0772097
1.01271 1.43777 0.0946957
0.634358 1.3557 0.120215
1.00029 1.38561 0.0997628
0.652176 1.31515 0.13061
0.96699 1.21356 0.00831662
0.708263 1.20401 0.00848468
0.955672 1.7802 0.00111236
0.727417 1.75421 0.000727781
0.959902 2.25496 0.00018786
0.731209 2.24549 2.83132e-05
0.974437 2.3376 0.000125478
0.734434 2.33334 0.000121354
0.899994 2.4324 0.000141446
0.73863 2.43244 0.000103189
fused:
0.330805 0.647708 -2.54931 0.999881
0.253715 0.840484 -2.55256 0.9997
0.185992 0.850615 -2.55721 0.999672
0.116017 0.827944 -2.46245 0.999761
0.428505 0.832619 -2.62083 0.999676
0.485587 0.828092 -2.64223 0.999584
0.539965 0.819706 -2.64331 0.999655
-0.00725064 0.723756 -2.21535 0.999753
0.544704 0.731122 -2.48575 0.999646
0.179395 0.467998 -2.3578 0.999929
0.372158 0.434466 -2.3421 0.999902
-0.523592 0.0123825 -2.55085 0.999527
0.502614 -0.0151962 -1.63753 0.999545
-1.06764 -1.32813 -3.8634 0.559556
0.5847 -0.627231 -1.7888 0.299363
19.1905 37.489 61.1368 0.0655881
0.591989 -1.05886 -1.65614 0.0848826
5.40623 11.097 15.4587 0.072754
0.6336 -1.20934 -1.62023 0.0885044
7.10484 17.5433 24.1758 0.121316
0.603785 -1.31427 -1.78499 0.129482
18.4797 46.771 67.2159 0.136673
0.567277 -1.29025 -1.8351 0.148949
-0.316824 -1.57646 -2.88928 0.00831662
0.452884 -1.38605 -2.4433 0.00848468
-0.134957 -2.50183 -2.61563 0.00111236
0.470141 -1.94823 -2.00035 0.000727781
0.0678348 -2.4626 -1.85441 0.00018786
0.510211 -2.47559 -1.81435 2.83132e-05
0.0625528 -2.44766 -1.74077 0.000125478
0.513339 -2.50686 -1.75019 0.000121354
0.197733 -2.74856 -1.86658 0.000141446
0.519565 -2.93415 -1.96031 0.000103189
