camera0:
0.384035 0.266204 0.999645
0.410093 0.171546 0.99923
0.437048 0.166774 0.999196
0.462335 0.162267 0.9994
0.349288 0.183808 0.999057
0.329338 0.188659 0.998766
0.309216 0.192589 0.998792
0.519845 0.17321 0.999496
0.312521 0.215509 0.9988
0.438375 0.327758 0.999822
0.366752 0.348595 0.999668
0.740662 0.520668 0.999354
0.268418 0.59842 0.999286
0.93933 0.889543 0.655998
0.297378 0.997614 0.125535
1.08778 1.29131 0.148669
0.249154 1.39073 0.0625322
1.15911 1.39076 0.155512
0.216344 1.52291 0.0927468
1.11188 1.40733 0.232496
0.253999 1.51795 0.133179
1.07145 1.37581 0.242448
0.280541 1.47039 0.143563
0.728268 1.39059 0.00120398
0.411719 1.417 0.00136512
0.756508 2.07762 7.86554e-05
0.454423 2.10319 5.24809e-05
0.785045 2.68368 5.64356e-06
0.488448 2.71093 1.70721e-06
0.802788 2.77432 4.86937e-06
0.492143 2.80652 3.73148e-06
0.741475 2.88309 8.49613e-06
0.537446 2.91334 6.71478e-06
camera1:
0.161114 0.394715 0.923705
0.146497 0.3787 0.919037
0.146634 0.379289 0.927384
0.146879 0.380103 0.93419
0.150347 0.378577 0.905986
0.150238 0.380042 0.898719
0.150727 0.381566 0.894102
0.13896 0.396352 0.93942
0.151242 0.39608 0.89036
0.164128 0.413503 0.917217
0.163572 0.417518 0.902184
0.107577 0.511926 0.964089
0.223411 0.486946 0.908409
0.0673025 0.63899 0.317656
0.281185 0.589161 0.300607
0.088685 0.622816 0.0697486
0.297905 0.578406 0.113948
0.0889896 0.620759 0.0830863
0.309678 0.573119 0.116952
0.0987308 0.605401 0.102294
0.299424 0.560579 0.141907
0.100472 0.609069 0.102563
0.293625 0.563299 0.137788
0.194658 0.736119 0.344968
0.256319 0.724603 0.342654
0.248791 0.790945 0.0979135
0.350331 0.771087 0.0992187
0.267508 0.919141 0.0886007
0.397403 0.887285 0.0697205
0.272889 0.94434 0.105366
0.395678 0.915335 0.0981266
0.279619 0.92546 0.0848943
0.431962 0.892473 0.0776514
fused:
-0.207898 -0.205287 1.34842 0.999645
-0.173164 -0.245627 1.27305 0.99923
-0.131379 -0.228707 1.20394 0.999196
-0.0962062 -0.214337 1.14599 0.9994
-0.291119 -0.292233 1.47832 0.999057
-0.337483 -0.3083 1.55528 0.998766
-0.390617 -0.327334 1.64541 0.998792
-0.0255509 -0.168619 1.01283 0.999496
-0.377109 -0.297516 1.62011 0.9988
-0.110081 -0.13488 1.17955 0.999822
-0.229089 -0.155693 1.37775 0.999668
0.15431 0.0188309 0.664193 0.999354
-0.545077 0.0111779 2.10576 0.999286
0.232744 0.11959 0.516888 0.655998
-0.438345 0.149504 2.15517 0.300607
0.278003 0.191807 0.476265 0.148669
-0.74104 0.450432 2.89969 0.113948
0.294137 0.180127 0.452327 0.155512
-1.8213 1.65589 5.56043 0.116952
0.285984 0.224833 0.482075 0.232496
-1.21599 1.43147 4.07728 0.141907
0.276373 0.233772 0.497831 0.242448
-0.901732 1.23172 3.31766 0.143563
0.178518 0.115845 0.695419 0.344968
-0.0807887 0.174555 1.30134 0.342654
0.16586 0.151045 0.779376 0.0979135
0.159507 0.171739 0.969342 0.0992187
0.170169 0.211378 0.789952 0.0886007
0.217334 0.225229 0.901357 0.0697205
0.175509 0.221377 0.784943 0.105366
0.220391 0.23601 0.885707 0.0981266
0.175284 0.215869 0.795635 0.0848943
0.234113 0.235916 0.931848 0.0776514
