camera0:
0.376917 0.271338 0.999855
0.401602 0.176511 0.999639
0.426543 0.171729 0.999623
0.450342 0.168119 0.999716
0.344964 0.190356 0.999609
0.327357 0.195842 0.99952
0.309564 0.200947 0.999586
0.5002 0.184306 0.999711
0.299273 0.223955 0.999579
0.427282 0.329665 0.999911
0.3554 0.347291 0.999877
0.703144 0.566816 0.99949
0.22795 0.593308 0.999548
0.779396 0.978734 0.543674
0.214455 1.00971 0.285188
0.809203 1.37795 0.0608761
0.203381 1.38584 0.0745661
0.84272 1.49614 0.0712425
0.178189 1.53731 0.0842699
0.793676 1.49451 0.117976
0.219402 1.52718 0.123249
0.774002 1.44833 0.131542
0.244275 1.4793 0.14126
0.643342 1.41853 0.00428263
0.36612 1.41432 0.00543791
0.668835 2.04885 0.000307388
0.388846 2.06667 0.000177879
0.686036 2.62492 2.4923e-05
0.426352 2.63852 5.27836e-06
0.698438 2.71579 3.06469e-05
0.429734 2.73093 1.3293e-05
0.647381 2.82309 2.40915e-05
0.47372 2.83343 1.81771e-05
camera1:
0.712743 0.26318 0.999524
0.737302 0.154579 0.999179
0.761139 0.143695 0.99912
0.789135 0.135172 0.999147
0.677074 0.186806 0.998969
0.658188 0.194717 0.998767
0.641695 0.198928 0.99886
0.862443 0.136406 0.999276
0.650897 0.199222 0.998893
0.771662 0.319226 0.999791
0.706639 0.33612 0.999688
1.09476 0.532189 0.994791
0.665787 0.549589 0.99758
1.18299 0.988083 0.437855
0.634515 0.929096 0.285343
1.1302 1.34566 0.0606978
0.620025 1.1867 0.0918684
1.14094 1.46756 0.0546577
0.608168 1.28394 0.0818823
1.08337 1.45242 0.0863782
0.617364 1.24433 0.127084
1.07306 1.3963 0.0916343
0.63371 1.20573 0.137848
1.01821 1.29575 0.00797745
0.744293 1.26777 0.00871885
0.953258 1.82088 0.00208117
0.724339 1.79064 0.0017243
0.962217 2.34753 0.000246353
0.729127 2.32126 6.71874e-05
0.987777 2.45123 0.000144943
0.740883 2.41415 0.000262842
0.879845 2.52427 0.000178671
0.717902 2.53887 0.00035907
fused:
0.340301 0.583217 -2.43553 0.999855
0.265921 0.78616 -2.43765 0.999639
0.199953 0.801297 -2.44601 0.999623
0.132198 0.788296 -2.37625 0.999716
0.432113 0.769289 -2.51326 0.999609
0.487801 0.768834 -2.55278 0.99952
0.537764 0.763277 -2.56114 0.999586
0.00122537 0.673503 -2.08047 0.999711
0.510729 0.675922 -2.33733 0.999579
0.199424 0.435194 -2.28204 0.999911
0.370034 0.404359 -2.25631 0.999877
-0.370793 -0.00208988 -1.8262 0.99949
0.482887 -0.0114459 -1.594 0.999548
-0.544722 -0.694202 -1.96653 0.543674
0.580661 -0.606087 -1.7829 0.285343
-1.22833 -2.62229 -4.13858 0.0608761
0.626216 -1.03806 -1.78074 0.0918684
-2.00977 -4.46111 -6.08855 0.0712425
0.634184 -1.17542 -1.65416 0.0842699
-1.66661 -4.37941 -5.98333 0.117976
0.630671 -1.25089 -1.84032 0.127084
-1.29349 -3.47848 -4.97914 0.131542
0.598698 -1.24186 -1.91118 0.14126
-0.235049 -1.28755 -2.13207 0.00797745
0.375374 -1.25587 -2.07426 0.00871885
-0.159055 -2.75986 -2.84696 0.00208117
0.489061 -2.08877 -2.11749 0.0017243
0.0207226 -2.98981 -2.17186 0.000246353
0.537855 -2.89635 -2.06716 6.71874e-05
0.00231829 -2.94483 -2.0109 0.000144943
0.518057 -2.87212 -1.94465 0.000262842
0.197623 -3.67969 -2.43783 0.000178671
0.622473 -3.98031 -2.58255 0.00035907
