camera0:
0.371121 0.258426 0.999845
0.397652 0.170327 0.999628
0.422769 0.16713 0.999618
0.447266 0.164329 0.999707
0.341922 0.177743 0.999594
0.324402 0.180666 0.999506
0.306312 0.182385 0.999565
0.499098 0.18374 0.999706
0.300282 0.205025 0.999558
0.417953 0.319709 0.999906
0.350201 0.332314 0.999868
0.702645 0.565804 0.999479
0.229524 0.583442 0.999563
0.77423 0.97216 0.532588
0.209513 1.00595 0.268948
0.821849 1.38155 0.0649495
0.190236 1.41097 0.070933
0.856584 1.49946 0.0771083
0.166763 1.53947 0.0827754
0.806464 1.49666 0.125756
0.207444 1.53043 0.121423
0.783917 1.45204 0.137473
0.235253 1.48419 0.137968
0.639408 1.427 0.00407041
0.363181 1.41968 0.00509342
0.653859 2.05774 0.000304342
0.372712 2.06875 0.000170151
0.669926 2.64091 2.85998e-05
0.408123 2.64515 5.27265e-06
0.683822 2.73229 3.31872e-05
0.41196 2.73548 1.36063e-05
0.624823 2.83667 2.67343e-05
0.452881 2.84469 1.87582e-05
camera1:
0.709891 0.238973 0.998745
0.737611 0.139092 0.997656
0.760462 0.132093 0.997601
0.788089 0.125404 0.99754
0.677677 0.160316 0.997442
0.65967 0.167485 0.997277
0.643798 0.172496 0.997582
0.865743 0.1415 0.998146
0.660331 0.196761 0.997987
0.762899 0.309226 0.999447
0.706688 0.32301 0.999292
1.09695 0.546958 0.988934
0.657577 0.549867 0.996553
1.15138 1.04701 0.377484
0.623993 0.948748 0.298192
1.06799 1.39685 0.0480518
0.612532 1.29367 0.0857025
1.07484 1.52505 0.0441199
0.595057 1.39709 0.0756943
1.01625 1.51541 0.069847
0.613171 1.37733 0.118753
1.00889 1.45165 0.0739304
0.628833 1.33386 0.127387
1.00075 1.34228 0.00631537
0.713317 1.31255 0.00716687
0.966287 1.96107 0.00240191
0.716829 1.9322 0.00202335
0.967039 2.50917 0.000297483
0.723464 2.49869 0.000103653
0.981631 2.61019 0.000161541
0.726215 2.59852 0.000370572
0.902753 2.70036 0.000210412
0.732021 2.70968 0.000444262
fused:
0.34922 0.617226 -2.42183 0.999845
0.268655 0.796834 -2.40342 0.999628
0.204957 0.809906 -2.42235 0.999618
0.137058 0.797987 -2.36574 0.999707
0.431944 0.804253 -2.49667 0.999594
0.483936 0.802469 -2.51758 0.999506
0.529711 0.792703 -2.50092 0.999565
0.00482138 0.651377 -2.0199 0.999706
0.479325 0.65668 -2.19318 0.999558
0.22118 0.454397 -2.27961 0.999906
0.370527 0.419204 -2.18949 0.999868
-0.359769 -0.011635 -1.78693 0.999479
0.49976 -0.00529262 -1.65667 0.999563
-0.646637 -0.871095 -2.37277 0.532588
0.608671 -0.627558 -1.83976 0.298192
-13.6306 -28.4643 -43.3363 0.0649495
0.657271 -1.17118 -1.81746 0.0857025
5.27864 11.3673 15.0787 0.0771083
0.692222 -1.35271 -1.78535 0.0827754
4.86009 12.3027 16.335 0.125756
0.667562 -1.42259 -1.92572 0.121423
29.89 78.2208 108.833 0.137473
0.637028 -1.4228 -2.0189 0.137968
-0.263882 -1.53521 -2.40279 0.00631537
0.454484 -1.59627 -2.51061 0.00716687
-0.203164 -3.2144 -3.01621 0.00240191
0.536629 -2.65968 -2.44828 0.00202335
-0.0315526 -3.76641 -2.55398 0.000297483
0.601728 -3.89016 -2.57558 0.000103653
-0.0494133 -3.8722 -2.49632 0.000161541
0.608384 -4.08861 -2.58237 0.000370572
0.146206 -4.30231 -2.65536 0.000210412
0.62981 -4.85408 -2.94325 0.000444262
