camera0:
0.327968 0.251779 0.999776
0.352292 0.156135 0.999474
0.378773 0.151711 0.999441
0.403926 0.148446 0.999553
0.291037 0.171354 0.999424
0.27068 0.177712 0.999307
0.249424 0.183415 0.999341
0.459136 0.168117 0.999562
0.242214 0.211663 0.999357
0.382408 0.317036 0.999857
0.308868 0.339169 0.999809
0.663304 0.517485 0.999289
0.187333 0.604414 0.999229
0.877831 0.897805 0.554685
0.201187 1.02017 0.200353
1.05161 1.26005 0.129288
0.193127 1.44489 0.06574
1.13085 1.34612 0.136836
0.169017 1.57871 0.085058
1.08819 1.36652 0.207378
0.209653 1.56667 0.124961
1.0434 1.34315 0.222134
0.23289 1.51866 0.139241
0.668862 1.37413 0.00278753
0.353499 1.41582 0.00316717
0.709006 2.06089 0.000216657
0.409475 2.10358 0.000109373
0.738976 2.66629 1.68785e-05
0.457877 2.70192 3.29465e-06
0.75418 2.75934 1.8321e-05
0.460469 2.79529 8.07239e-06
0.708552 2.86413 1.82179e-05
0.5266 2.90613 1.30379e-05
camera1:
-0.0155216 0.926075 0.910897
-0.0145337 0.876486 0.904997
-0.00411363 0.868921 0.914009
0.0119064 0.863903 0.921899
-0.0422801 0.902239 0.900388
-0.048992 0.910439 0.898139
-0.0625596 0.918331 0.896195
0.0228886 0.865619 0.929764
-0.107318 0.946146 0.89616
0.0226057 0.943648 0.900153
-0.0139105 0.961332 0.888503
0.135266 0.980341 0.947137
-0.165904 1.17544 0.876492
0.269019 1.25199 0.286654
-0.0393681 1.45741 0.224771
0.230795 1.23236 0.0518284
0.035904 1.47487 0.07258
0.242267 1.08431 0.0626131
0.0381777 1.49829 0.0724706
0.218255 1.10555 0.0885877
0.0345488 1.46208 0.109662
0.20756 1.17152 0.0879103
0.0424561 1.44524 0.113719
0.182745 1.77213 0.00434303
-0.047335 1.82823 0.00517528
0.281241 2.36805 0.00954604
0.0818464 2.40194 0.00499353
0.357756 2.95531 0.00219523
0.169591 2.98355 0.00179185
0.36268 3.03045 0.00300774
0.175935 3.06199 0.00290748
0.376811 3.13126 0.00288619
0.213492 3.14085 0.00285593
fused:
-0.254952 0.0431161 1.09661 0.999776
-0.235321 -0.0180997 1.0856 0.999474
-0.200139 -0.0164047 1.05548 0.999441
-0.170075 -0.014539 1.03862 0.999553
-0.320566 -0.0099578 1.14809 0.999424
-0.352489 -0.00692482 1.17543 0.999307
-0.382509 -0.00354418 1.18947 0.999341
-0.0993642 0.00398082 0.956282 0.999562
-0.357423 0.0237025 1.09516 0.999357
-0.176716 0.0764857 1.0443 0.999857
-0.27243 0.0886115 1.11259 0.999809
0.108775 0.143191 0.754319 0.999289
-0.352441 0.25577 0.994005 0.999229
0.242527 0.224423 0.628761 0.554685
-0.363037 0.620424 1.13587 0.224771
0.290025 0.274976 0.523299 0.129288
-0.526485 1.0129 1.47471 0.07258
0.311138 0.258725 0.499839 0.136836
-0.646837 1.26426 1.65424 0.085058
0.297938 0.282162 0.515843 0.207378
-0.520311 1.09685 1.48447 0.124961
0.284963 0.29803 0.530828 0.222134
-0.453688 1.01249 1.41116 0.139241
0.127065 0.537155 0.740101 0.00434303
-0.132634 0.694298 0.866229 0.00517528
0.111615 0.932214 0.862875 0.00954604
-0.160782 1.21753 1.03097 0.00499353
0.0604245 1.54266 1.06275 0.00219523
0.125855 0.928735 0.703188 0.00179185
0.0545865 1.61714 1.08037 0.00300774
-0.0488517 1.4692 0.97149 0.00290748
-0.000450211 1.95404 1.22754 0.00288619
-0.19142 2.04852 1.24937 0.00285593
