camera0:
0.343312 0.245318 0.999827
0.366162 0.151468 0.999586
0.39115 0.148091 0.999577
0.415377 0.145528 0.999657
0.306506 0.164885 0.999536
0.286338 0.171421 0.999444
0.264907 0.177522 0.99946
0.46752 0.170125 0.999661
0.252005 0.210157 0.999459
0.393864 0.310171 0.999886
0.321087 0.328175 0.999839
0.662196 0.517994 0.999421
0.187812 0.60099 0.999318
0.860277 0.876504 0.545129
0.196989 1.00976 0.206974
0.988405 1.26579 0.124886
0.190436 1.40337 0.0654172
1.04913 1.37174 0.134245
0.169929 1.54181 0.0835506
0.995804 1.38608 0.204021
0.208341 1.53721 0.123887
0.960463 1.35288 0.215011
0.230966 1.48624 0.137963
0.661295 1.36953 0.0029854
0.350941 1.40608 0.00343831
0.694188 2.04258 0.000238814
0.394273 2.08519 0.000120134
0.722897 2.64164 1.93296e-05
0.438524 2.67392 3.58893e-06
0.738256 2.735 2.10666e-05
0.441055 2.7685 9.01126e-06
0.691226 2.83922 2.01022e-05
0.506563 2.87129 1.41727e-05
camera1:
0.234324 0.526098 0.998431
0.252072 0.430506 0.997033
0.271553 0.420782 0.99695
0.289272 0.411829 0.996866
0.204753 0.456471 0.997108
0.191204 0.464138 0.996968
0.179252 0.471647 0.997381
0.364115 0.411942 0.997327
0.207991 0.479588 0.997827
0.289727 0.570705 0.999064
0.241129 0.606003 0.998951
0.634513 0.692304 0.985935
0.230072 0.816119 0.996765
0.744042 1.05472 0.333907
0.186371 1.20707 0.275514
0.764959 1.55288 0.0439204
0.150702 1.56123 0.086801
0.799341 1.67501 0.0476211
0.141706 1.68611 0.0837989
0.749222 1.6947 0.0748893
0.180703 1.68882 0.128435
0.730944 1.64956 0.0757866
0.201735 1.63919 0.133576
0.63483 1.56953 0.00420418
0.343712 1.57604 0.00546127
0.621871 2.24484 0.00239733
0.355515 2.23535 0.00217615
0.660127 2.81198 0.000287707
0.407623 2.80315 0.000140525
0.693884 2.90126 0.000160987
0.423676 2.88617 0.000351881
0.57061 2.98198 0.000232727
0.406606 3.00906 0.000537478
fused:
-0.407652 -0.229888 1.97246 0.999827
-0.375063 -0.382616 2.01013 0.999586
-0.316345 -0.381839 1.97301 0.999577
-0.26 -0.377813 1.9277 0.999657
-0.518875 -0.373406 2.08424 0.999536
-0.573408 -0.372256 2.12573 0.999444
-0.64038 -0.376335 2.19391 0.99946
-0.160242 -0.382603 2.07036 0.999661
-0.783713 -0.412012 2.59375 0.999459
-0.293598 -0.139096 1.9586 0.999886
-0.483516 -0.117846 2.1367 0.999839
0.329177 0.142612 2.2733 0.999421
-1.25739 0.444921 3.52575 0.999318
0.470328 0.40388 1.28989 0.545129
-0.776457 1.03423 2.29737 0.275514
0.449694 0.538966 0.896963 0.124886
-0.686892 1.42928 1.98132 0.086801
0.467109 0.561249 0.828787 0.134245
-0.767172 1.69093 2.0661 0.0837989
0.43729 0.595083 0.86178 0.204021
-0.682337 1.68687 2.06725 0.128435
0.425795 0.603262 0.904604 0.215011
-0.62891 1.60038 2.05865 0.137963
0.274228 1.22492 1.77485 0.00420418
-0.385617 1.5989 2.20396 0.00546127
0.220492 1.85497 1.67612 0.00239733
-0.357685 2.42968 2.08489 0.00217615
0.157358 3.36506 2.26635 0.000287707
-0.517166 4.11302 2.65207 0.000140525
0.184095 4.00238 2.58047 0.000160987
-0.612912 4.83193 2.99179 0.000351881
-0.0104198 3.43743 2.15236 0.000232727
-0.383835 3.7585 2.26779 0.000537478
